source,dest,trigger_time,gen_time,msg_type,msg_name,data.ask_price,data.ask_price_0,data.ask_volume,data.ask_volume_0,data.bid_price,data.bid_price_0,data.bid_volume,data.bid_volume_0,data.data_time,data.exchange_id,data.instrument_type,data.raw_address,data.source_id,data.symbol
2199944884,0,0,1783610795932345208,101,depth,"[65000.11,65000.21,65000.310000000005,65000.41,65000.51,65000.61,65000.71,65000.810000000005,65000.91,65001.01]",65000.11,"[0.001,0.002,0.003,0.004,0.005,0.006,0.007,0.008,0.009000000000000001,0.01]",0.001,"[64999.91,64999.810000000005,64999.71,64999.61,64999.51,64999.41,64999.310000000005,64999.21,64999.11,64999.01]",64999.91,"[0.001,0.002,0.003,0.004,0.005,0.006,0.007,0.008,0.009000000000000001,0.01]",0.001,1,mock,InstrumentType.Spot,603574400,mock,BTC-USDT
2199944884,0,0,1783610795932630832,101,depth,"[65000.119999999995,65000.219999999994,65000.32,65000.42,65000.52,65000.619999999995,65000.719999999994,65000.82,65000.92,65001.02]",65000.119999999995,"[0.001,0.002,0.003,0.004,0.005,0.006,0.007,0.008,0.009000000000000001,0.01]",0.001,"[64999.92,64999.82,64999.719999999994,64999.619999999995,64999.52,64999.42,64999.32,64999.219999999994,64999.119999999995,64999.02]",64999.92,"[0.001,0.002,0.003,0.004,0.005,0.006,0.007,0.008,0.009000000000000001,0.01]",0.001,2,mock,InstrumentType.Spot,602979376,mock,BTC-USDT
2199944884,0,0,1783610795932930233,101,depth,"[65000.13,65000.229999999996,65000.33,65000.43,65000.53,65000.63,65000.729999999996,65000.83,65000.93,65001.03]",65000.13,"[0.001,0.002,0.003,0.004,0.005,0.006,0.007,0.008,0.009000000000000001,0.01]",0.001,"[64999.93,64999.83,64999.729999999996,64999.63,64999.53,64999.43,64999.33,64999.229999999996,64999.13,64999.03]",64999.93,"[0.001,0.002,0.003,0.004,0.005,0.006,0.007,0.008,0.009000000000000001,0.01]",0.001,3,mock,InstrumentType.Spot,602602480,mock,BTC-USDT
2199944884,0,0,1783610795933233492,101,depth,"[65000.14,65000.24,65000.340000000004,65000.44,65000.54,65000.64,65000.74,65000.840000000004,65000.94,65001.04]",65000.14,"[0.001,0.002,0.003,0.004,0.005,0.006,0.007,0.008,0.009000000000000001,0.01]",0.001,"[64999.94,64999.840000000004,64999.74,64999.64,64999.54,64999.44,64999.340000000004,64999.24,64999.14,64999.04]",64999.94,"[0.001,0.002,0.003,0.004,0.005,0.006,0.007,0.008,0.009000000000000001,0.01]",0.001,4,mock,InstrumentType.Spot,602437872,mock,BTC-USDT
2199944884,0,0,1783610795933530798,101,depth,"[65000.15,65000.25,65000.350000000006,65000.450000000004,65000.55,65000.65,65000.75,65000.850000000006,65000.950000000004,65001.05]",65000.15,"[0.001,0.002,0.003,0.004,0.005,0.006,0.007,0.008,0.009000000000000001,0.01]",0.001,"[64999.950000000004,64999.850000000006,64999.75,64999.65,64999.55,64999.450000000004,64999.350000000006,64999.25,64999.15,64999.05]",64999.950000000004,"[0.001,0.002,0.003,0.004,0.005,0.006,0.007,0.008,0.009000000000000001,0.01]",0.001,5,mock,InstrumentType.Spot,601897760,mock,BTC-USDT
2199944884,0,0,1783610795933832648,101,depth,"[65000.159999999996,65000.259999999995,65000.36,65000.46,65000.56,65000.659999999996,65000.759999999995,65000.86,65000.96,65001.06]",65000.159999999996,"[0.001,0.002,0.003,0.004,0.005,0.006,0.007,0.008,0.009000000000000001,0.01]",0.001,"[64999.96,64999.86,64999.759999999995,64999.659999999996,64999.56,64999.46,64999.36,64999.259999999995,64999.159999999996,64999.06]",64999.96,"[0.001,0.002,0.003,0.004,0.005,0.006,0.007,0.008,0.009000000000000001,0.01]",0.001,6,mock,InstrumentType.Spot,600636304,mock,BTC-USDT
2199944884,0,0,1783610795934166404,101,depth,"[65000.17,65000.27,65000.37,65000.47,65000.57,65000.67,65000.77,65000.87,65000.97,65001.07]",65000.17,"[0.001,0.002,0.003,0.004,0.005,0.006,0.007,0.008,0.009000000000000001,0.01]",0.001,"[64999.97,64999.87,64999.77,64999.67,64999.57,64999.47,64999.37,64999.27,64999.17,64999.07]",64999.97,"[0.001,0.002,0.003,0.004,0.005,0.006,0.007,0.008,0.009000000000000001,0.01]",0.001,7,mock,InstrumentType.Spot,597908848,mock,BTC-USDT
2199944884,0,0,1783610795934435131,101,depth,"[65000.18,65000.28,65000.380000000005,65000.48,65000.58,65000.68,65000.78,65000.880000000005,65000.98,65001.08]",65000.18,"[0.001,0.002,0.003,0.004,0.005,0.006,0.007,0.008,0.009000000000000001,0.01]",0.001,"[64999.98,64999.880000000005,64999.78,64999.68,64999.58,64999.48,64999.380000000005,64999.28,64999.18,64999.08]",64999.98,"[0.001,0.002,0.003,0.004,0.005,0.006,0.007,0.008,0.009000000000000001,0.01]",0.001,8,mock,InstrumentType.Spot,602206144,mock,BTC-USDT
2199944884,0,0,1783610795934734716,101,depth,"[65000.189999999995,65000.28999999999,65000.39,65000.49,65000.59,65000.689999999995,65000.78999999999,65000.89,65000.99,65001.09]",65000.189999999995,"[0.001,0.002,0.003,0.004,0.005,0.006,0.007,0.008,0.009000000000000001,0.01]",0.001,"[64999.99,64999.89,64999.78999999999,64999.689999999995,64999.59,64999.49,64999.39,64999.28999999999,64999.189999999995,64999.09]",64999.99,"[0.001,0.002,0.003,0.004,0.005,0.006,0.007,0.008,0.009000000000000001,0.01]",0.001,9,mock,InstrumentType.Spot,609073504,mock,BTC-USDT
2199944884,0,0,1783610795935173065,101,depth,"[65000.2,65000.299999999996,65000.4,65000.5,65000.6,65000.7,65000.799999999996,65000.9,65001.0,65001.1]",65000.2,"[0.001,0.002,0.003,0.004,0.005,0.006,0.007,0.008,0.009000000000000001,0.01]",0.001,"[65000.0,64999.9,64999.799999999996,64999.7,64999.6,64999.5,64999.4,64999.299999999996,64999.2,64999.1]",65000.0,"[0.001,0.002,0.003,0.004,0.005,0.006,0.007,0.008,0.009000000000000001,0.01]",0.001,10,mock,InstrumentType.Spot,608403040,mock,BTC-USDT
2199944884,0,0,1783610795935357131,101,depth,"[65000.21,65000.31,65000.41,65000.51,65000.61,65000.71,65000.81,65000.91,65001.01,65001.11]",65000.21,"[0.001,0.002,0.003,0.004,0.005,0.006,0.007,0.008,0.009000000000000001,0.01]",0.001,"[65000.01,64999.91,64999.81,64999.71,64999.61,64999.51,64999.41,64999.31,64999.21,64999.11]",65000.01,"[0.001,0.002,0.003,0.004,0.005,0.006,0.007,0.008,0.009000000000000001,0.01]",0.001,11,mock,InstrumentType.Spot,608165904,mock,BTC-USDT
2199944884,0,0,1783610795935630219,101,depth,"[65000.22,65000.32,65000.420000000006,65000.520000000004,65000.62,65000.72,65000.82,65000.920000000006,65001.020000000004,65001.12]",65000.22,"[0.001,0.002,0.003,0.004,0.005,0.006,0.007,0.008,0.009000000000000001,0.01]",0.001,"[65000.020000000004,64999.920000000006,64999.82,64999.72,64999.62,64999.520000000004,64999.420000000006,64999.32,64999.22,64999.12]",65000.020000000004,"[0.001,0.002,0.003,0.004,0.005,0.006,0.007,0.008,0.009000000000000001,0.01]",0.001,12,mock,InstrumentType.Spot,607130848,mock,BTC-USDT
2199944884,0,0,1783610795935930945,101,depth,"[65000.229999999996,65000.329999999994,65000.43,65000.53,65000.63,65000.729999999996,65000.829999999994,65000.93,65001.03,65001.13]",65000.229999999996,"[0.001,0.002,0.003,0.004,0.005,0.006,0.007,0.008,0.009000000000000001,0.01]",0.001,"[65000.03,64999.93,64999.829999999994,64999.729999999996,64999.63,64999.53,64999.43,64999.329999999994,64999.229999999996,64999.13]",65000.03,"[0.001,0.002,0.003,0.004,0.005,0.006,0.007,0.008,0.009000000000000001,0.01]",0.001,13,mock,InstrumentType.Spot,607087440,mock,BTC-USDT
2199944884,0,0,1783610795936230878,101,depth,"[65000.24,65000.34,65000.44,65000.54,65000.64,65000.74,65000.84,65000.94,65001.04,65001.14]",65000.24,"[0.001,0.002,0.003,0.004,0.005,0.006,0.007,0.008,0.009000000000000001,0.01]",0.001,"[65000.04,64999.94,64999.84,64999.74,64999.64,64999.54,64999.44,64999.34,64999.24,64999.14]",65000.04,"[0.001,0.002,0.003,0.004,0.005,0.006,0.007,0.008,0.009000000000000001,0.01]",0.001,14,mock,InstrumentType.Spot,606951168,mock,BTC-USDT
2199944884,0,0,1783610795936530304,101,depth,"[65000.25,65000.35,65000.450000000004,65000.55,65000.65,65000.75,65000.85,65000.950000000004,65001.05,65001.15]",65000.25,"[0.001,0.002,0.003,0.004,0.005,0.006,0.007,0.008,0.009000000000000001,0.01]",0.001,"[65000.05,64999.950000000004,64999.85,64999.75,64999.65,64999.55,64999.450000000004,64999.35,64999.25,64999.15]",65000.05,"[0.001,0.002,0.003,0.004,0.005,0.006,0.007,0.008,0.009000000000000001,0.01]",0.001,15,mock,InstrumentType.Spot,605393936,mock,BTC-USDT
2199944884,0,0,1783610795936831638,101,depth,"[65000.26,65000.36,65000.46000000001,65000.560000000005,65000.66,65000.76,65000.86,65000.96000000001,65001.060000000005,65001.16]",65000.26,"[0.001,0.002,0.003,0.004,0.005,0.006,0.007,0.008,0.009000000000000001,0.01]",0.001,"[65000.060000000005,64999.96000000001,64999.86,64999.76,64999.66,64999.560000000005,64999.46000000001,64999.36,64999.26,64999.16]",65000.060000000005,"[0.001,0.002,0.003,0.004,0.005,0.006,0.007,0.008,0.009000000000000001,0.01]",0.001,16,mock,InstrumentType.Spot,609277424,mock,BTC-USDT
2199944884,0,0,1783610795937130692,101,depth,"[65000.27,65000.369999999995,65000.47,65000.57,65000.67,65000.77,65000.869999999995,65000.97,65001.07,65001.17]",65000.27,"[0.001,0.002,0.003,0.004,0.005,0.006,0.007,0.008,0.009000000000000001,0.01]",0.001,"[65000.07,64999.97,64999.869999999995,64999.77,64999.67,64999.57,64999.47,64999.369999999995,64999.27,64999.17]",65000.07,"[0.001,0.002,0.003,0.004,0.005,0.006,0.007,0.008,0.009000000000000001,0.01]",0.001,17,mock,InstrumentType.Spot,611595280,mock,BTC-USDT
2199944884,0,0,1783610795937430340,101,depth,"[65000.28,65000.38,65000.48,65000.58,65000.68,65000.78,65000.88,65000.98,65001.08,65001.18]",65000.28,"[0.001,0.002,0.003,0.004,0.005,0.006,0.007,0.008,0.009000000000000001,0.01]",0.001,"[65000.08,64999.98,64999.88,64999.78,64999.68,64999.58,64999.48,64999.38,64999.28,64999.18]",65000.08,"[0.001,0.002,0.003,0.004,0.005,0.006,0.007,0.008,0.009000000000000001,0.01]",0.001,18,mock,InstrumentType.Spot,611517840,mock,BTC-USDT
2199944884,0,0,1783610795937790977,101,depth,"[65000.29,65000.39,65000.490000000005,65000.590000000004,65000.69,65000.79,65000.89,65000.990000000005,65001.090000000004,65001.19]",65000.29,"[0.001,0.002,0.003,0.004,0.005,0.006,0.007,0.008,0.009000000000000001,0.01]",0.001,"[65000.090000000004,64999.990000000005,64999.89,64999.79,64999.69,64999.590000000004,64999.490000000005,64999.39,64999.29,64999.19]",65000.090000000004,"[0.001,0.002,0.003,0.004,0.005,0.006,0.007,0.008,0.009000000000000001,0.01]",0.001,19,mock,InstrumentType.Spot,610906256,mock,BTC-USDT
2199944884,0,0,1783610795938030202,101,depth,"[65000.299999999996,65000.399999999994,65000.5,65000.6,65000.7,65000.799999999996,65000.899999999994,65001.0,65001.1,65001.2]",65000.299999999996,"[0.001,0.002,0.003,0.004,0.005,0.006,0.007,0.008,0.009000000000000001,0.01]",0.001,"[65000.1,65000.0,64999.899999999994,64999.799999999996,64999.7,64999.6,64999.5,64999.399999999994,64999.299999999996,64999.2]",65000.1,"[0.001,0.002,0.003,0.004,0.005,0.006,0.007,0.008,0.009000000000000001,0.01]",0.001,20,mock,InstrumentType.Spot,610395232,mock,BTC-USDT
2199944884,0,0,1783610795938330246,101,depth,"[65000.31,65000.409999999996,65000.51,65000.61,65000.71,65000.81,65000.909999999996,65001.01,65001.11,65001.21]",65000.31,"[0.001,0.002,0.003,0.004,0.005,0.006,0.007,0.008,0.009000000000000001,0.01]",0.001,"[65000.11,65000.01,64999.909999999996,64999.81,64999.71,64999.61,64999.51,64999.409999999996,64999.31,64999.21]",65000.11,"[0.001,0.002,0.003,0.004,0.005,0.006,0.007,0.008,0.009000000000000001,0.01]",0.001,21,mock,InstrumentType.Spot,610283360,mock,BTC-USDT
2199944884,0,0,1783610795938629292,101,depth,"[65000.32,65000.42,65000.520000000004,65000.62,65000.72,65000.82,65000.92,65001.020000000004,65001.12,65001.22]",65000.32,"[0.001,0.002,0.003,0.004,0.005,0.006,0.007,0.008,0.009000000000000001,0.01]",0.001,"[65000.12,65000.020000000004,64999.92,64999.82,64999.72,64999.62,64999.520000000004,64999.42,64999.32,64999.22]",65000.12,"[0.001,0.002,0.003,0.004,0.005,0.006,0.007,0.008,0.009000000000000001,0.01]",0.001,22,mock,InstrumentType.Spot,610261264,mock,BTC-USDT
2199944884,0,0,1783610795938930182,101,depth,"[65000.33,65000.43,65000.530000000006,65000.630000000005,65000.73,65000.83,65000.93,65001.030000000006,65001.130000000005,65001.23]",65000.33,"[0.001,0.002,0.003,0.004,0.005,0.006,0.007,0.008,0.009000000000000001,0.01]",0.001,"[65000.130000000005,65000.030000000006,64999.93,64999.83,64999.73,64999.630000000005,64999.530000000006,64999.43,64999.33,64999.23]",65000.130000000005,"[0.001,0.002,0.003,0.004,0.005,0.006,0.007,0.008,0.009000000000000001,0.01]",0.001,23,mock,InstrumentType.Spot,609817296,mock,BTC-USDT
2199944884,0,0,1783610795939230005,101,depth,"[65000.34,65000.439999999995,65000.54,65000.64,65000.74,65000.84,65000.939999999995,65001.04,65001.14,65001.24]",65000.34,"[0.001,0.002,0.003,0.004,0.005,0.006,0.007,0.008,0.009000000000000001,0.01]",0.001,"[65000.14,65000.04,64999.939999999995,64999.84,64999.74,64999.64,64999.54,64999.439999999995,64999.34,64999.24]",65000.14,"[0.001,0.002,0.003,0.004,0.005,0.006,0.007,0.008,0.009000000000000001,0.01]",0.001,24,mock,InstrumentType.Spot,611732224,mock,BTC-USDT
2199944884,0,0,1783610795939529703,101,depth,"[65000.35,65000.45,65000.55,65000.65,65000.75,65000.85,65000.95,65001.05,65001.15,65001.25]",65000.35,"[0.001,0.002,0.003,0.004,0.005,0.006,0.007,0.008,0.009000000000000001,0.01]",0.001,"[65000.15,65000.05,64999.95,64999.85,64999.75,64999.65,64999.55,64999.45,64999.35,64999.25]",65000.15,"[0.001,0.002,0.003,0.004,0.005,0.006,0.007,0.008,0.009000000000000001,0.01]",0.001,25,mock,InstrumentType.Spot,612101648,mock,BTC-USDT
2199944884,0,0,1783610795939830359,101,depth,"[65000.36,65000.46,65000.560000000005,65000.66,65000.76,65000.86,65000.96,65001.060000000005,65001.16,65001.26]",65000.36,"[0.001,0.002,0.003,0.004,0.005,0.006,0.007,0.008,0.009000000000000001,0.01]",0.001,"[65000.16,65000.060000000005,64999.96,64999.86,64999.76,64999.66,64999.560000000005,64999.46,64999.36,64999.26]",65000.16,"[0.001,0.002,0.003,0.004,0.005,0.006,0.007,0.008,0.009000000000000001,0.01]",0.001,26,mock,InstrumentType.Spot,612228048,mock,BTC-USDT
2199944884,0,0,1783610795940130395,101,depth,"[65000.369999999995,65000.469999999994,65000.57,65000.67,65000.77,65000.869999999995,65000.969999999994,65001.07,65001.17,65001.27]",65000.369999999995,"[0.001,0.002,0.003,0.004,0.005,0.006,0.007,0.008,0.009000000000000001,0.01]",0.001,"[65000.17,65000.07,64999.969999999994,64999.869999999995,64999.77,64999.67,64999.57,64999.469999999994,64999.369999999995,64999.27]",65000.17,"[0.001,0.002,0.003,0.004,0.005,0.006,0.007,0.008,0.009000000000000001,0.01]",0.001,27,mock,InstrumentType.Spot,612202880,mock,BTC-USDT
2199944884,0,0,1783610795940431077,101,depth,"[65000.38,65000.479999999996,65000.58,65000.68,65000.78,65000.88,65000.979999999996,65001.08,65001.18,65001.28]",65000.38,"[0.001,0.002,0.003,0.004,0.005,0.006,0.007,0.008,0.009000000000000001,0.01]",0.001,"[65000.18,65000.08,64999.979999999996,64999.88,64999.78,64999.68,64999.58,64999.479999999996,64999.38,64999.28]",65000.18,"[0.001,0.002,0.003,0.004,0.005,0.006,0.007,0.008,0.009000000000000001,0.01]",0.001,28,mock,InstrumentType.Spot,611646656,mock,BTC-USDT
2199944884,0,0,1783610795940739728,101,depth,"[65000.39,65000.49,65000.590000000004,65000.69,65000.79,65000.89,65000.99,65001.090000000004,65001.19,65001.29]",65000.39,"[0.001,0.002,0.003,0.004,0.005,0.006,0.007,0.008,0.009000000000000001,0.01]",0.001,"[65000.19,65000.090000000004,64999.99,64999.89,64999.79,64999.69,64999.590000000004,64999.49,64999.39,64999.29]",65000.19,"[0.001,0.002,0.003,0.004,0.005,0.006,0.007,0.008,0.009000000000000001,0.01]",0.001,29,mock,InstrumentType.Spot,611828128,mock,BTC-USDT
2199944884,0,0,1783610795941029609,101,depth,"[65000.4,65000.5,65000.600000000006,65000.700000000004,65000.8,65000.9,65001.0,65001.100000000006,65001.200000000004,65001.3]",65000.4,"[0.001,0.002,0.003,0.004,0.005,0.006,0.007,0.008,0.009000000000000001,0.01]",0.001,"[65000.200000000004,65000.100000000006,65000.0,64999.9,64999.8,64999.700000000004,64999.600000000006,64999.5,64999.4,64999.3]",65000.200000000004,"[0.001,0.002,0.003,0.004,0.005,0.006,0.007,0.008,0.009000000000000001,0.01]",0.001,30,mock,InstrumentType.Spot,611912688,mock,BTC-USDT
2199944884,0,0,1783610795941330771,101,depth,"[65000.409999999996,65000.509999999995,65000.61,65000.71,65000.81,65000.909999999996,65001.009999999995,65001.11,65001.21,65001.31]",65000.409999999996,"[0.001,0.002,0.003,0.004,0.005,0.006,0.007,0.008,0.009000000000000001,0.01]",0.001,"[65000.21,65000.11,65000.009999999995,64999.909999999996,64999.81,64999.71,64999.61,64999.509999999995,64999.409999999996,64999.31]",65000.21,"[0.001,0.002,0.003,0.004,0.005,0.006,0.007,0.008,0.009000000000000001,0.01]",0.001,31,mock,InstrumentType.Spot,611787168,mock,BTC-USDT
2199944884,0,0,1783610795941629184,101,depth,"[65000.42,65000.52,65000.62,65000.72,65000.82,65000.92,65001.02,65001.12,65001.22,65001.32]",65000.42,"[0.001,0.002,0.003,0.004,0.005,0.006,0.007,0.008,0.009000000000000001,0.01]",0.001,"[65000.22,65000.12,65000.02,64999.92,64999.82,64999.72,64999.62,64999.52,64999.42,64999.32]",65000.22,"[0.001,0.002,0.003,0.004,0.005,0.006,0.007,0.008,0.009000000000000001,0.01]",0.001,32,mock,InstrumentType.Spot,612361808,mock,BTC-USDT
2199944884,0,0,1783610795941929057,101,depth,"[65000.43,65000.53,65000.630000000005,65000.73,65000.83,65000.93,65001.03,65001.130000000005,65001.23,65001.33]",65000.43,"[0.001,0.002,0.003,0.004,0.005,0.006,0.007,0.008,0.009000000000000001,0.01]",0.001,"[65000.23,65000.130000000005,65000.03,64999.93,64999.83,64999.73,64999.630000000005,64999.53,64999.43,64999.33]",65000.23,"[0.001,0.002,0.003,0.004,0.005,0.006,0.007,0.008,0.009000000000000001,0.01]",0.001,33,mock,InstrumentType.Spot,605999648,mock,BTC-USDT
2199944884,0,0,1783610795942271909,101,depth,"[65000.439999999995,65000.53999999999,65000.64,65000.74,65000.84,65000.939999999995,65001.03999999999,65001.14,65001.24,65001.34]",65000.439999999995,"[0.001,0.002,0.003,0.004,0.005,0.006,0.007,0.008,0.009000000000000001,0.01]",0.001,"[65000.24,65000.14,65000.03999999999,64999.939999999995,64999.84,64999.74,64999.64,64999.53999999999,64999.439999999995,64999.34]",65000.24,"[0.001,0.002,0.003,0.004,0.005,0.006,0.007,0.008,0.009000000000000001,0.01]",0.001,34,mock,InstrumentType.Spot,606600800,mock,BTC-USDT
2199944884,0,0,1783610795942530253,101,depth,"[65000.45,65000.549999999996,65000.65,65000.75,65000.85,65000.95,65001.049999999996,65001.15,65001.25,65001.35]",65000.45,"[0.001,0.002,0.003,0.004,0.005,0.006,0.007,0.008,0.009000000000000001,0.01]",0.001,"[65000.25,65000.15,65000.049999999996,64999.95,64999.85,64999.75,64999.65,64999.549999999996,64999.45,64999.35]",65000.25,"[0.001,0.002,0.003,0.004,0.005,0.006,0.007,0.008,0.009000000000000001,0.01]",0.001,35,mock,InstrumentType.Spot,606885168,mock,BTC-USDT
2199944884,0,0,1783610795942829530,101,depth,"[65000.46,65000.56,65000.66,65000.76,65000.86,65000.96,65001.06,65001.16,65001.26,65001.36]",65000.46,"[0.001,0.002,0.003,0.004,0.005,0.006,0.007,0.008,0.009000000000000001,0.01]",0.001,"[65000.26,65000.16,65000.06,64999.96,64999.86,64999.76,64999.66,64999.56,64999.46,64999.36]",65000.26,"[0.001,0.002,0.003,0.004,0.005,0.006,0.007,0.008,0.009000000000000001,0.01]",0.001,36,mock,InstrumentType.Spot,607282480,mock,BTC-USDT
2199944884,0,0,1783610795943131038,101,depth,"[65000.47,65000.57,65000.670000000006,65000.770000000004,65000.87,65000.97,65001.07,65001.170000000006,65001.270000000004,65001.37]",65000.47,"[0.001,0.002,0.003,0.004,0.005,0.006,0.007,0.008,0.009000000000000001,0.01]",0.001,"[65000.270000000004,65000.170000000006,65000.07,64999.97,64999.87,64999.770000000004,64999.670000000006,64999.57,64999.47,64999.37]",65000.270000000004,"[0.001,0.002,0.003,0.004,0.005,0.006,0.007,0.008,0.009000000000000001,0.01]",0.001,37,mock,InstrumentType.Spot,607258272,mock,BTC-USDT
2199944884,0,0,1783610795943450457,101,depth,"[65000.479999999996,65000.579999999994,65000.68,65000.78,65000.88,65000.979999999996,65001.079999999994,65001.18,65001.28,65001.38]",65000.479999999996,"[0.001,0.002,0.003,0.004,0.005,0.006,0.007,0.008,0.009000000000000001,0.01]",0.001,"[65000.28,65000.18,65000.079999999994,64999.979999999996,64999.88,64999.78,64999.68,64999.579999999994,64999.479999999996,64999.38]",65000.28,"[0.001,0.002,0.003,0.004,0.005,0.006,0.007,0.008,0.009000000000000001,0.01]",0.001,38,mock,InstrumentType.Spot,607255488,mock,BTC-USDT
2199944884,0,0,1783610795943731148,101,depth,"[65000.49,65000.59,65000.69,65000.79,65000.89,65000.99,65001.09,65001.19,65001.29,65001.39]",65000.49,"[0.001,0.002,0.003,0.004,0.005,0.006,0.007,0.008,0.009000000000000001,0.01]",0.001,"[65000.29,65000.19,65000.09,64999.99,64999.89,64999.79,64999.69,64999.59,64999.49,64999.39]",65000.29,"[0.001,0.002,0.003,0.004,0.005,0.006,0.007,0.008,0.009000000000000001,0.01]",0.001,39,mock,InstrumentType.Spot,608453392,mock,BTC-USDT
2199944884,0,0,1783610795944031877,101,depth,"[65000.5,65000.6,65000.700000000004,65000.8,65000.9,65001.0,65001.1,65001.200000000004,65001.3,65001.4]",65000.5,"[0.001,0.002,0.003,0.004,0.005,0.006,0.007,0.008,0.009000000000000001,0.01]",0.001,"[65000.3,65000.200000000004,65000.1,65000.0,64999.9,64999.8,64999.700000000004,64999.6,64999.5,64999.4]",65000.3,"[0.001,0.002,0.003,0.004,0.005,0.006,0.007,0.008,0.009000000000000001,0.01]",0.001,40,mock,InstrumentType.Spot,603970576,mock,BTC-USDT
2199944884,0,0,1783610795944350702,101,depth,"[65000.51,65000.61,65000.71000000001,65000.810000000005,65000.91,65001.01,65001.11,65001.21000000001,65001.310000000005,65001.41]",65000.51,"[0.001,0.002,0.003,0.004,0.005,0.006,0.007,0.008,0.009000000000000001,0.01]",0.001,"[65000.310000000005,65000.21000000001,65000.11,65000.01,64999.91,64999.810000000005,64999.71000000001,64999.61,64999.51,64999.41]",65000.310000000005,"[0.001,0.002,0.003,0.004,0.005,0.006,0.007,0.008,0.009000000000000001,0.01]",0.001,41,mock,InstrumentType.Spot,609296400,mock,BTC-USDT
2199944884,0,0,1783610795944630947,101,depth,"[65000.52,65000.619999999995,65000.72,65000.82,65000.92,65001.02,65001.119999999995,65001.22,65001.32,65001.42]",65000.52,"[0.001,0.002,0.003,0.004,0.005,0.006,0.007,0.008,0.009000000000000001,0.01]",0.001,"[65000.32,65000.22,65000.119999999995,65000.02,64999.92,64999.82,64999.72,64999.619999999995,64999.52,64999.42]",65000.32,"[0.001,0.002,0.003,0.004,0.005,0.006,0.007,0.008,0.009000000000000001,0.01]",0.001,42,mock,InstrumentType.Spot,609394816,mock,BTC-USDT
2199944884,0,0,1783610795944943049,101,depth,"[65000.53,65000.63,65000.73,65000.83,65000.93,65001.03,65001.13,65001.23,65001.33,65001.43]",65000.53,"[0.001,0.002,0.003,0.004,0.005,0.006,0.007,0.008,0.009000000000000001,0.01]",0.001,"[65000.33,65000.23,65000.13,65000.03,64999.93,64999.83,64999.73,64999.63,64999.53,64999.43]",65000.33,"[0.001,0.002,0.003,0.004,0.005,0.006,0.007,0.008,0.009000000000000001,0.01]",0.001,43,mock,InstrumentType.Spot,610498336,mock,BTC-USDT
2199944884,0,0,1783610795945229767,101,depth,"[65000.54,65000.64,65000.740000000005,65000.840000000004,65000.94,65001.04,65001.14,65001.240000000005,65001.340000000004,65001.44]",65000.54,"[0.001,0.002,0.003,0.004,0.005,0.006,0.007,0.008,0.009000000000000001,0.01]",0.001,"[65000.340000000004,65000.240000000005,65000.14,65000.04,64999.94,64999.840000000004,64999.740000000005,64999.64,64999.54,64999.44]",65000.340000000004,"[0.001,0.002,0.003,0.004,0.005,0.006,0.007,0.008,0.009000000000000001,0.01]",0.001,44,mock,InstrumentType.Spot,610598480,mock,BTC-USDT
2199944884,0,0,1783610795945531062,101,depth,"[65000.549999999996,65000.649999999994,65000.75,65000.85,65000.95,65001.049999999996,65001.149999999994,65001.25,65001.35,65001.45]",65000.549999999996,"[0.001,0.002,0.003,0.004,0.005,0.006,0.007,0.008,0.009000000000000001,0.01]",0.001,"[65000.35,65000.25,65000.149999999994,65000.049999999996,64999.95,64999.85,64999.75,64999.649999999994,64999.549999999996,64999.45]",65000.35,"[0.001,0.002,0.003,0.004,0.005,0.006,0.007,0.008,0.009000000000000001,0.01]",0.001,45,mock,InstrumentType.Spot,610411680,mock,BTC-USDT
2199944884,0,0,1783610795945829667,101,depth,"[65000.56,65000.659999999996,65000.76,65000.86,65000.96,65001.06,65001.159999999996,65001.26,65001.36,65001.46]",65000.56,"[0.001,0.002,0.003,0.004,0.005,0.006,0.007,0.008,0.009000000000000001,0.01]",0.001,"[65000.36,65000.26,65000.159999999996,65000.06,64999.96,64999.86,64999.76,64999.659999999996,64999.56,64999.46]",65000.36,"[0.001,0.002,0.003,0.004,0.005,0.006,0.007,0.008,0.009000000000000001,0.01]",0.001,46,mock,InstrumentType.Spot,611684976,mock,BTC-USDT
2199944884,0,0,1783610795946134018,101,depth,"[65000.57,65000.67,65000.770000000004,65000.87,65000.97,65001.07,65001.17,65001.270000000004,65001.37,65001.47]",65000.57,"[0.001,0.002,0.003,0.004,0.005,0.006,0.007,0.008,0.009000000000000001,0.01]",0.001,"[65000.37,65000.270000000004,65000.17,65000.07,64999.97,64999.87,64999.770000000004,64999.67,64999.57,64999.47]",65000.37,"[0.001,0.002,0.003,0.004,0.005,0.006,0.007,0.008,0.009000000000000001,0.01]",0.001,47,mock,InstrumentType.Spot,611822352,mock,BTC-USDT
2199944884,0,0,1783610795946443410,101,depth,"[65000.58,65000.68,65000.780000000006,65000.880000000005,65000.98,65001.08,65001.18,65001.280000000006,65001.380000000005,65001.48]",65000.58,"[0.001,0.002,0.003,0.004,0.005,0.006,0.007,0.008,0.009000000000000001,0.01]",0.001,"[65000.380000000005,65000.280000000006,65000.18,65000.08,64999.98,64999.880000000005,64999.780000000006,64999.68,64999.58,64999.48]",65000.380000000005,"[0.001,0.002,0.003,0.004,0.005,0.006,0.007,0.008,0.009000000000000001,0.01]",0.001,48,mock,InstrumentType.Spot,612435040,mock,BTC-USDT
2199944884,0,0,1783610795946730816,101,depth,"[65000.59,65000.689999999995,65000.79,65000.89,65000.99,65001.09,65001.189999999995,65001.29,65001.39,65001.49]",65000.59,"[0.001,0.002,0.003,0.004,0.005,0.006,0.007,0.008,0.009000000000000001,0.01]",0.001,"[65000.39,65000.29,65000.189999999995,65000.09,64999.99,64999.89,64999.79,64999.689999999995,64999.59,64999.49]",65000.39,"[0.001,0.002,0.003,0.004,0.005,0.006,0.007,0.008,0.009000000000000001,0.01]",0.001,49,mock,InstrumentType.Spot,605890032,mock,BTC-USDT
2199944884,0,0,1783610795947038091,101,depth,"[65000.6,65000.7,65000.8,65000.9,65001.0,65001.1,65001.2,65001.3,65001.4,65001.5]",65000.6,"[0.001,0.002,0.003,0.004,0.005,0.006,0.007,0.008,0.009000000000000001,0.01]",0.001,"[65000.4,65000.3,65000.2,65000.1,65000.0,64999.9,64999.8,64999.7,64999.6,64999.5]",65000.4,"[0.001,0.002,0.003,0.004,0.005,0.006,0.007,0.008,0.009000000000000001,0.01]",0.001,50,mock,InstrumentType.Spot,606216944,mock,BTC-USDT
2199944884,0,0,1783610795947330663,101,depth,"[65000.61,65000.71,65000.810000000005,65000.91,65001.01,65001.11,65001.21,65001.310000000005,65001.41,65001.51]",65000.61,"[0.001,0.002,0.003,0.004,0.005,0.006,0.007,0.008,0.009000000000000001,0.01]",0.001,"[65000.41,65000.310000000005,65000.21,65000.11,65000.01,64999.91,64999.810000000005,64999.71,64999.61,64999.51]",65000.41,"[0.001,0.002,0.003,0.004,0.005,0.006,0.007,0.008,0.009000000000000001,0.01]",0.001,51,mock,InstrumentType.Spot,606296016,mock,BTC-USDT
2199944884,0,0,1783610795947629361,101,depth,"[65000.619999999995,65000.719999999994,65000.82,65000.92,65001.02,65001.119999999995,65001.219999999994,65001.32,65001.42,65001.52]",65000.619999999995,"[0.001,0.002,0.003,0.004,0.005,0.006,0.007,0.008,0.009000000000000001,0.01]",0.001,"[65000.42,65000.32,65000.219999999994,65000.119999999995,65000.02,64999.92,64999.82,64999.719999999994,64999.619999999995,64999.52]",65000.42,"[0.001,0.002,0.003,0.004,0.005,0.006,0.007,0.008,0.009000000000000001,0.01]",0.001,52,mock,InstrumentType.Spot,606751568,mock,BTC-USDT
2199944884,0,0,1783610795947930410,101,depth,"[65000.63,65000.729999999996,65000.83,65000.93,65001.03,65001.13,65001.229999999996,65001.33,65001.43,65001.53]",65000.63,"[0.001,0.002,0.003,0.004,0.005,0.006,0.007,0.008,0.009000000000000001,0.01]",0.001,"[65000.43,65000.33,65000.229999999996,65000.13,65000.03,64999.93,64999.83,64999.729999999996,64999.63,64999.53]",65000.43,"[0.001,0.002,0.003,0.004,0.005,0.006,0.007,0.008,0.009000000000000001,0.01]",0.001,53,mock,InstrumentType.Spot,607163280,mock,BTC-USDT
2199944884,0,0,1783610795948229987,101,depth,"[65000.64,65000.74,65000.840000000004,65000.94,65001.04,65001.14,65001.24,65001.340000000004,65001.44,65001.54]",65000.64,"[0.001,0.002,0.003,0.004,0.005,0.006,0.007,0.008,0.009000000000000001,0.01]",0.001,"[65000.44,65000.340000000004,65000.24,65000.14,65000.04,64999.94,64999.840000000004,64999.74,64999.64,64999.54]",65000.44,"[0.001,0.002,0.003,0.004,0.005,0.006,0.007,0.008,0.009000000000000001,0.01]",0.001,54,mock,InstrumentType.Spot,607380656,mock,BTC-USDT
2199944884,0,0,1783610795948528962,101,depth,"[65000.65,65000.75,65000.850000000006,65000.950000000004,65001.05,65001.15,65001.25,65001.350000000006,65001.450000000004,65001.55]",65000.65,"[0.001,0.002,0.003,0.004,0.005,0.006,0.007,0.008,0.009000000000000001,0.01]",0.001,"[65000.450000000004,65000.350000000006,65000.25,65000.15,65000.05,64999.950000000004,64999.850000000006,64999.75,64999.65,64999.55]",65000.450000000004,"[0.001,0.002,0.003,0.004,0.005,0.006,0.007,0.008,0.009000000000000001,0.01]",0.001,55,mock,InstrumentType.Spot,608952640,mock,BTC-USDT
2199944884,0,0,1783610795948830077,101,depth,"[65000.659999999996,65000.759999999995,65000.86,65000.96,65001.06,65001.159999999996,65001.259999999995,65001.36,65001.46,65001.56]",65000.659999999996,"[0.001,0.002,0.003,0.004,0.005,0.006,0.007,0.008,0.009000000000000001,0.01]",0.001,"[65000.46,65000.36,65000.259999999995,65000.159999999996,65000.06,64999.96,64999.86,64999.759999999995,64999.659999999996,64999.56]",65000.46,"[0.001,0.002,0.003,0.004,0.005,0.006,0.007,0.008,0.009000000000000001,0.01]",0.001,56,mock,InstrumentType.Spot,609160480,mock,BTC-USDT
2199944884,0,0,1783610795949128422,101,depth,"[65000.67,65000.77,65000.87,65000.97,65001.07,65001.17,65001.27,65001.37,65001.47,65001.57]",65000.67,"[0.001,0.002,0.003,0.004,0.005,0.006,0.007,0.008,0.009000000000000001,0.01]",0.001,"[65000.47,65000.37,65000.27,65000.17,65000.07,64999.97,64999.87,64999.77,64999.67,64999.57]",65000.47,"[0.001,0.002,0.003,0.004,0.005,0.006,0.007,0.008,0.009000000000000001,0.01]",0.001,57,mock,InstrumentType.Spot,609141056,mock,BTC-USDT
2199944884,0,0,1783610795949440850,101,depth,"[65000.68,65000.78,65000.880000000005,65000.98,65001.08,65001.18,65001.28,65001.380000000005,65001.48,65001.58]",65000.68,"[0.001,0.002,0.003,0.004,0.005,0.006,0.007,0.008,0.009000000000000001,0.01]",0.001,"[65000.48,65000.380000000005,65000.28,65000.18,65000.08,64999.98,64999.880000000005,64999.78,64999.68,64999.58]",65000.48,"[0.001,0.002,0.003,0.004,0.005,0.006,0.007,0.008,0.009000000000000001,0.01]",0.001,58,mock,InstrumentType.Spot,609609088,mock,BTC-USDT
2199944884,0,0,1783610795949730391,101,depth,"[65000.689999999995,65000.78999999999,65000.89,65000.99,65001.09,65001.189999999995,65001.28999999999,65001.39,65001.49,65001.59]",65000.689999999995,"[0.001,0.002,0.003,0.004,0.005,0.006,0.007,0.008,0.009000000000000001,0.01]",0.001,"[65000.49,65000.39,65000.28999999999,65000.189999999995,65000.09,64999.99,64999.89,64999.78999999999,64999.689999999995,64999.59]",65000.49,"[0.001,0.002,0.003,0.004,0.005,0.006,0.007,0.008,0.009000000000000001,0.01]",0.001,59,mock,InstrumentType.Spot,609807840,mock,BTC-USDT
2199944884,0,0,1783610795950030034,101,depth,"[65000.7,65000.799999999996,65000.9,65001.0,65001.1,65001.2,65001.299999999996,65001.4,65001.5,65001.6]",65000.7,"[0.001,0.002,0.003,0.004,0.005,0.006,0.007,0.008,0.009000000000000001,0.01]",0.001,"[65000.5,65000.4,65000.299999999996,65000.2,65000.1,65000.0,64999.9,64999.799999999996,64999.7,64999.6]",65000.5,"[0.001,0.002,0.003,0.004,0.005,0.006,0.007,0.008,0.009000000000000001,0.01]",0.001,60,mock,InstrumentType.Spot,609829088,mock,BTC-USDT
2199944884,0,0,1783610795950329025,101,depth,"[65000.71,65000.81,65000.91,65001.01,65001.11,65001.21,65001.31,65001.41,65001.51,65001.61]",65000.71,"[0.001,0.002,0.003,0.004,0.005,0.006,0.007,0.008,0.009000000000000001,0.01]",0.001,"[65000.51,65000.41,65000.31,65000.21,65000.11,65000.01,64999.91,64999.81,64999.71,64999.61]",65000.51,"[0.001,0.002,0.003,0.004,0.005,0.006,0.007,0.008,0.009000000000000001,0.01]",0.001,61,mock,InstrumentType.Spot,610575360,mock,BTC-USDT
2199944884,0,0,1783610795950629937,101,depth,"[65000.72,65000.82,65000.920000000006,65001.020000000004,65001.12,65001.22,65001.32,65001.420000000006,65001.520000000004,65001.62]",65000.72,"[0.001,0.002,0.003,0.004,0.005,0.006,0.007,0.008,0.009000000000000001,0.01]",0.001,"[65000.520000000004,65000.420000000006,65000.32,65000.22,65000.12,65000.020000000004,64999.920000000006,64999.82,64999.72,64999.62]",65000.520000000004,"[0.001,0.002,0.003,0.004,0.005,0.006,0.007,0.008,0.009000000000000001,0.01]",0.001,62,mock,InstrumentType.Spot,610469472,mock,BTC-USDT
2199944884,0,0,1783610795950930182,101,depth,"[65000.729999999996,65000.829999999994,65000.93,65001.03,65001.13,65001.229999999996,65001.329999999994,65001.43,65001.53,65001.63]",65000.729999999996,"[0.001,0.002,0.003,0.004,0.005,0.006,0.007,0.008,0.009000000000000001,0.01]",0.001,"[65000.53,65000.43,65000.329999999994,65000.229999999996,65000.13,65000.03,64999.93,64999.829999999994,64999.729999999996,64999.63]",65000.53,"[0.001,0.002,0.003,0.004,0.005,0.006,0.007,0.008,0.009000000000000001,0.01]",0.001,63,mock,InstrumentType.Spot,610682448,mock,BTC-USDT
2199944884,0,0,1783610795951229147,101,depth,"[65000.74,65000.84,65000.94,65001.04,65001.14,65001.24,65001.34,65001.44,65001.54,65001.64]",65000.74,"[0.001,0.002,0.003,0.004,0.005,0.006,0.007,0.008,0.009000000000000001,0.01]",0.001,"[65000.54,65000.44,65000.34,65000.24,65000.14,65000.04,64999.94,64999.84,64999.74,64999.64]",65000.54,"[0.001,0.002,0.003,0.004,0.005,0.006,0.007,0.008,0.009000000000000001,0.01]",0.001,64,mock,InstrumentType.Spot,611745136,mock,BTC-USDT
2199944884,0,0,1783610795951530262,101,depth,"[65000.75,65000.85,65000.950000000004,65001.05,65001.15,65001.25,65001.35,65001.450000000004,65001.55,65001.65]",65000.75,"[0.001,0.002,0.003,0.004,0.005,0.006,0.007,0.008,0.009000000000000001,0.01]",0.001,"[65000.55,65000.450000000004,65000.35,65000.25,65000.15,65000.05,64999.950000000004,64999.85,64999.75,64999.65]",65000.55,"[0.001,0.002,0.003,0.004,0.005,0.006,0.007,0.008,0.009000000000000001,0.01]",0.001,65,mock,InstrumentType.Spot,611781776,mock,BTC-USDT
2199944884,0,0,1783610795951830327,101,depth,"[65000.76,65000.86,65000.96000000001,65001.060000000005,65001.16,65001.26,65001.36,65001.46000000001,65001.560000000005,65001.66]",65000.76,"[0.001,0.002,0.003,0.004,0.005,0.006,0.007,0.008,0.009000000000000001,0.01]",0.001,"[65000.560000000005,65000.46000000001,65000.36,65000.26,65000.16,65000.060000000005,64999.96000000001,64999.86,64999.76,64999.66]",65000.560000000005,"[0.001,0.002,0.003,0.004,0.005,0.006,0.007,0.008,0.009000000000000001,0.01]",0.001,66,mock,InstrumentType.Spot,612641120,mock,BTC-USDT
2199944884,0,0,1783610795952139210,101,depth,"[65000.77,65000.869999999995,65000.97,65001.07,65001.17,65001.27,65001.369999999995,65001.47,65001.57,65001.67]",65000.77,"[0.001,0.002,0.003,0.004,0.005,0.006,0.007,0.008,0.009000000000000001,0.01]",0.001,"[65000.57,65000.47,65000.369999999995,65000.27,65000.17,65000.07,64999.97,64999.869999999995,64999.77,64999.67]",65000.57,"[0.001,0.002,0.003,0.004,0.005,0.006,0.007,0.008,0.009000000000000001,0.01]",0.001,67,mock,InstrumentType.Spot,612641632,mock,BTC-USDT
2199944884,0,0,1783610795952430685,101,depth,"[65000.78,65000.88,65000.98,65001.08,65001.18,65001.28,65001.38,65001.48,65001.58,65001.68]",65000.78,"[0.001,0.002,0.003,0.004,0.005,0.006,0.007,0.008,0.009000000000000001,0.01]",0.001,"[65000.58,65000.48,65000.38,65000.28,65000.18,65000.08,64999.98,64999.88,64999.78,64999.68]",65000.58,"[0.001,0.002,0.003,0.004,0.005,0.006,0.007,0.008,0.009000000000000001,0.01]",0.001,68,mock,InstrumentType.Spot,612642192,mock,BTC-USDT
2199944884,0,0,1783610795952729189,101,depth,"[65000.79,65000.89,65000.990000000005,65001.090000000004,65001.19,65001.29,65001.39,65001.490000000005,65001.590000000004,65001.69]",65000.79,"[0.001,0.002,0.003,0.004,0.005,0.006,0.007,0.008,0.009000000000000001,0.01]",0.001,"[65000.590000000004,65000.490000000005,65000.39,65000.29,65000.19,65000.090000000004,64999.990000000005,64999.89,64999.79,64999.69]",65000.590000000004,"[0.001,0.002,0.003,0.004,0.005,0.006,0.007,0.008,0.009000000000000001,0.01]",0.001,69,mock,InstrumentType.Spot,612642752,mock,BTC-USDT
2199944884,0,0,1783610795953029241,101,depth,"[65000.799999999996,65000.899999999994,65001.0,65001.1,65001.2,65001.299999999996,65001.399999999994,65001.5,65001.6,65001.7]",65000.799999999996,"[0.001,0.002,0.003,0.004,0.005,0.006,0.007,0.008,0.009000000000000001,0.01]",0.001,"[65000.6,65000.5,65000.399999999994,65000.299999999996,65000.2,65000.1,65000.0,64999.899999999994,64999.799999999996,64999.7]",65000.6,"[0.001,0.002,0.003,0.004,0.005,0.006,0.007,0.008,0.009000000000000001,0.01]",0.001,70,mock,InstrumentType.Spot,612643312,mock,BTC-USDT
2199944884,0,0,1783610795953350116,101,depth,"[65000.81,65000.909999999996,65001.01,65001.11,65001.21,65001.31,65001.409999999996,65001.51,65001.61,65001.71]",65000.81,"[0.001,0.002,0.003,0.004,0.005,0.006,0.007,0.008,0.009000000000000001,0.01]",0.001,"[65000.61,65000.51,65000.409999999996,65000.31,65000.21,65000.11,65000.01,64999.909999999996,64999.81,64999.71]",65000.61,"[0.001,0.002,0.003,0.004,0.005,0.006,0.007,0.008,0.009000000000000001,0.01]",0.001,71,mock,InstrumentType.Spot,612643872,mock,BTC-USDT
2199944884,0,0,1783610795953629748,101,depth,"[65000.82,65000.92,65001.020000000004,65001.12,65001.22,65001.32,65001.42,65001.520000000004,65001.62,65001.72]",65000.82,"[0.001,0.002,0.003,0.004,0.005,0.006,0.007,0.008,0.009000000000000001,0.01]",0.001,"[65000.62,65000.520000000004,65000.42,65000.32,65000.22,65000.12,65000.020000000004,64999.92,64999.82,64999.72]",65000.62,"[0.001,0.002,0.003,0.004,0.005,0.006,0.007,0.008,0.009000000000000001,0.01]",0.001,72,mock,InstrumentType.Spot,612644432,mock,BTC-USDT
2199944884,0,0,1783610795953929673,101,depth,"[65000.83,65000.93,65001.030000000006,65001.130000000005,65001.23,65001.33,65001.43,65001.530000000006,65001.630000000005,65001.73]",65000.83,"[0.001,0.002,0.003,0.004,0.005,0.006,0.007,0.008,0.009000000000000001,0.01]",0.001,"[65000.630000000005,65000.530000000006,65000.43,65000.33,65000.23,65000.130000000005,65000.030000000006,64999.93,64999.83,64999.73]",65000.630000000005,"[0.001,0.002,0.003,0.004,0.005,0.006,0.007,0.008,0.009000000000000001,0.01]",0.001,73,mock,InstrumentType.Spot,612222960,mock,BTC-USDT
2199944884,0,0,1783610795954228663,101,depth,"[65000.84,65000.939999999995,65001.04,65001.14,65001.24,65001.34,65001.439999999995,65001.54,65001.64,65001.74]",65000.84,"[0.001,0.002,0.003,0.004,0.005,0.006,0.007,0.008,0.009000000000000001,0.01]",0.001,"[65000.64,65000.54,65000.439999999995,65000.34,65000.24,65000.14,65000.04,64999.939999999995,64999.84,64999.74]",65000.64,"[0.001,0.002,0.003,0.004,0.005,0.006,0.007,0.008,0.009000000000000001,0.01]",0.001,74,mock,InstrumentType.Spot,612258048,mock,BTC-USDT
2199944884,0,0,1783610795954529854,101,depth,"[65000.85,65000.95,65001.05,65001.15,65001.25,65001.35,65001.45,65001.55,65001.65,65001.75]",65000.85,"[0.001,0.002,0.003,0.004,0.005,0.006,0.007,0.008,0.009000000000000001,0.01]",0.001,"[65000.65,65000.55,65000.45,65000.35,65000.25,65000.15,65000.05,64999.95,64999.85,64999.75]",65000.65,"[0.001,0.002,0.003,0.004,0.005,0.006,0.007,0.008,0.009000000000000001,0.01]",0.001,75,mock,InstrumentType.Spot,612811136,mock,BTC-USDT
2199944884,0,0,1783610795954829742,101,depth,"[65000.86,65000.96,65001.060000000005,65001.16,65001.26,65001.36,65001.46,65001.560000000005,65001.66,65001.76]",65000.86,"[0.001,0.002,0.003,0.004,0.005,0.006,0.007,0.008,0.009000000000000001,0.01]",0.001,"[65000.66,65000.560000000005,65000.46,65000.36,65000.26,65000.16,65000.060000000005,64999.96,64999.86,64999.76]",65000.66,"[0.001,0.002,0.003,0.004,0.005,0.006,0.007,0.008,0.009000000000000001,0.01]",0.001,76,mock,InstrumentType.Spot,612650480,mock,BTC-USDT
2199944884,0,0,1783610795955141163,101,depth,"[65000.869999999995,65000.969999999994,65001.07,65001.17,65001.27,65001.369999999995,65001.469999999994,65001.57,65001.67,65001.77]",65000.869999999995,"[0.001,0.002,0.003,0.004,0.005,0.006,0.007,0.008,0.009000000000000001,0.01]",0.001,"[65000.67,65000.57,65000.469999999994,65000.369999999995,65000.27,65000.17,65000.07,64999.969999999994,64999.869999999995,64999.77]",65000.67,"[0.001,0.002,0.003,0.004,0.005,0.006,0.007,0.008,0.009000000000000001,0.01]",0.001,77,mock,InstrumentType.Spot,605221760,mock,BTC-USDT
2199944884,0,0,1783610795955430238,101,depth,"[65000.88,65000.979999999996,65001.08,65001.18,65001.28,65001.38,65001.479999999996,65001.58,65001.68,65001.78]",65000.88,"[0.001,0.002,0.003,0.004,0.005,0.006,0.007,0.008,0.009000000000000001,0.01]",0.001,"[65000.68,65000.58,65000.479999999996,65000.38,65000.28,65000.18,65000.08,64999.979999999996,64999.88,64999.78]",65000.68,"[0.001,0.002,0.003,0.004,0.005,0.006,0.007,0.008,0.009000000000000001,0.01]",0.001,78,mock,InstrumentType.Spot,612619680,mock,BTC-USDT
2199944884,0,0,1783610795955728901,101,depth,"[65000.89,65000.99,65001.090000000004,65001.19,65001.29,65001.39,65001.49,65001.590000000004,65001.69,65001.79]",65000.89,"[0.001,0.002,0.003,0.004,0.005,0.006,0.007,0.008,0.009000000000000001,0.01]",0.001,"[65000.69,65000.590000000004,65000.49,65000.39,65000.29,65000.19,65000.090000000004,64999.99,64999.89,64999.79]",65000.69,"[0.001,0.002,0.003,0.004,0.005,0.006,0.007,0.008,0.009000000000000001,0.01]",0.001,79,mock,InstrumentType.Spot,612620240,mock,BTC-USDT
2199944884,0,0,1783610795956029920,101,depth,"[65000.9,65001.0,65001.100000000006,65001.200000000004,65001.3,65001.4,65001.5,65001.600000000006,65001.700000000004,65001.8]",65000.9,"[0.001,0.002,0.003,0.004,0.005,0.006,0.007,0.008,0.009000000000000001,0.01]",0.001,"[65000.700000000004,65000.600000000006,65000.5,65000.4,65000.3,65000.200000000004,65000.100000000006,65000.0,64999.9,64999.8]",65000.700000000004,"[0.001,0.002,0.003,0.004,0.005,0.006,0.007,0.008,0.009000000000000001,0.01]",0.001,80,mock,InstrumentType.Spot,612620800,mock,BTC-USDT
2199944884,0,0,1783610795956330100,101,depth,"[65000.909999999996,65001.009999999995,65001.11,65001.21,65001.31,65001.409999999996,65001.509999999995,65001.61,65001.71,65001.81]",65000.909999999996,"[0.001,0.002,0.003,0.004,0.005,0.006,0.007,0.008,0.009000000000000001,0.01]",0.001,"[65000.71,65000.61,65000.509999999995,65000.409999999996,65000.31,65000.21,65000.11,65000.009999999995,64999.909999999996,64999.81]",65000.71,"[0.001,0.002,0.003,0.004,0.005,0.006,0.007,0.008,0.009000000000000001,0.01]",0.001,81,mock,InstrumentType.Spot,612621360,mock,BTC-USDT
2199944884,0,0,1783610795956630004,101,depth,"[65000.92,65001.02,65001.12,65001.22,65001.32,65001.42,65001.52,65001.62,65001.72,65001.82]",65000.92,"[0.001,0.002,0.003,0.004,0.005,0.006,0.007,0.008,0.009000000000000001,0.01]",0.001,"[65000.72,65000.62,65000.52,65000.42,65000.32,65000.22,65000.12,65000.02,64999.92,64999.82]",65000.72,"[0.001,0.002,0.003,0.004,0.005,0.006,0.007,0.008,0.009000000000000001,0.01]",0.001,82,mock,InstrumentType.Spot,612621920,mock,BTC-USDT
2199944884,0,0,1783610795956929868,101,depth,"[65000.93,65001.03,65001.130000000005,65001.23,65001.33,65001.43,65001.53,65001.630000000005,65001.73,65001.83]",65000.93,"[0.001,0.002,0.003,0.004,0.005,0.006,0.007,0.008,0.009000000000000001,0.01]",0.001,"[65000.73,65000.630000000005,65000.53,65000.43,65000.33,65000.23,65000.130000000005,65000.03,64999.93,64999.83]",65000.73,"[0.001,0.002,0.003,0.004,0.005,0.006,0.007,0.008,0.009000000000000001,0.01]",0.001,83,mock,InstrumentType.Spot,612622480,mock,BTC-USDT
2199944884,0,0,1783610795957229287,101,depth,"[65000.939999999995,65001.03999999999,65001.14,65001.24,65001.34,65001.439999999995,65001.53999999999,65001.64,65001.74,65001.84]",65000.939999999995,"[0.001,0.002,0.003,0.004,0.005,0.006,0.007,0.008,0.009000000000000001,0.01]",0.001,"[65000.74,65000.64,65000.53999999999,65000.439999999995,65000.34,65000.24,65000.14,65000.03999999999,64999.939999999995,64999.84]",65000.74,"[0.001,0.002,0.003,0.004,0.005,0.006,0.007,0.008,0.009000000000000001,0.01]",0.001,84,mock,InstrumentType.Spot,612623040,mock,BTC-USDT
2199944884,0,0,1783610795957529650,101,depth,"[65000.95,65001.049999999996,65001.15,65001.25,65001.35,65001.45,65001.549999999996,65001.65,65001.75,65001.85]",65000.95,"[0.001,0.002,0.003,0.004,0.005,0.006,0.007,0.008,0.009000000000000001,0.01]",0.001,"[65000.75,65000.65,65000.549999999996,65000.45,65000.35,65000.25,65000.15,65000.049999999996,64999.95,64999.85]",65000.75,"[0.001,0.002,0.003,0.004,0.005,0.006,0.007,0.008,0.009000000000000001,0.01]",0.001,85,mock,InstrumentType.Spot,612623600,mock,BTC-USDT
2199944884,0,0,1783610795957839468,101,depth,"[65000.96,65001.06,65001.16,65001.26,65001.36,65001.46,65001.56,65001.66,65001.76,65001.86]",65000.96,"[0.001,0.002,0.003,0.004,0.005,0.006,0.007,0.008,0.009000000000000001,0.01]",0.001,"[65000.76,65000.66,65000.56,65000.46,65000.36,65000.26,65000.16,65000.06,64999.96,64999.86]",65000.76,"[0.001,0.002,0.003,0.004,0.005,0.006,0.007,0.008,0.009000000000000001,0.01]",0.001,86,mock,InstrumentType.Spot,612624160,mock,BTC-USDT
2199944884,0,0,1783610795958130388,101,depth,"[65000.97,65001.07,65001.170000000006,65001.270000000004,65001.37,65001.47,65001.57,65001.670000000006,65001.770000000004,65001.87]",65000.97,"[0.001,0.002,0.003,0.004,0.005,0.006,0.007,0.008,0.009000000000000001,0.01]",0.001,"[65000.770000000004,65000.670000000006,65000.57,65000.47,65000.37,65000.270000000004,65000.170000000006,65000.07,64999.97,64999.87]",65000.770000000004,"[0.001,0.002,0.003,0.004,0.005,0.006,0.007,0.008,0.009000000000000001,0.01]",0.001,87,mock,InstrumentType.Spot,612624720,mock,BTC-USDT
2199944884,0,0,1783610795958429802,101,depth,"[65000.979999999996,65001.079999999994,65001.18,65001.28,65001.38,65001.479999999996,65001.579999999994,65001.68,65001.78,65001.88]",65000.979999999996,"[0.001,0.002,0.003,0.004,0.005,0.006,0.007,0.008,0.009000000000000001,0.01]",0.001,"[65000.78,65000.68,65000.579999999994,65000.479999999996,65000.38,65000.28,65000.18,65000.079999999994,64999.979999999996,64999.88]",65000.78,"[0.001,0.002,0.003,0.004,0.005,0.006,0.007,0.008,0.009000000000000001,0.01]",0.001,88,mock,InstrumentType.Spot,612625280,mock,BTC-USDT
2199944884,0,0,1783610795958729906,101,depth,"[65000.99,65001.09,65001.19,65001.29,65001.39,65001.49,65001.59,65001.69,65001.79,65001.89]",65000.99,"[0.001,0.002,0.003,0.004,0.005,0.006,0.007,0.008,0.009000000000000001,0.01]",0.001,"[65000.79,65000.69,65000.59,65000.49,65000.39,65000.29,65000.19,65000.09,64999.99,64999.89]",65000.79,"[0.001,0.002,0.003,0.004,0.005,0.006,0.007,0.008,0.009000000000000001,0.01]",0.001,89,mock,InstrumentType.Spot,605498672,mock,BTC-USDT
2199944884,0,0,1783610795959029962,101,depth,"[65001.0,65001.1,65001.200000000004,65001.3,65001.4,65001.5,65001.6,65001.700000000004,65001.8,65001.9]",65001.0,"[0.001,0.002,0.003,0.004,0.005,0.006,0.007,0.008,0.009000000000000001,0.01]",0.001,"[65000.8,65000.700000000004,65000.6,65000.5,65000.4,65000.3,65000.200000000004,65000.1,65000.0,64999.9]",65000.8,"[0.001,0.002,0.003,0.004,0.005,0.006,0.007,0.008,0.009000000000000001,0.01]",0.001,90,mock,InstrumentType.Spot,605972880,mock,BTC-USDT
2199944884,0,0,1783610795959328470,101,depth,"[65001.01,65001.11,65001.21000000001,65001.310000000005,65001.41,65001.51,65001.61,65001.71000000001,65001.810000000005,65001.91]",65001.01,"[0.001,0.002,0.003,0.004,0.005,0.006,0.007,0.008,0.009000000000000001,0.01]",0.001,"[65000.810000000005,65000.71000000001,65000.61,65000.51,65000.41,65000.310000000005,65000.21000000001,65000.11,65000.01,64999.91]",65000.810000000005,"[0.001,0.002,0.003,0.004,0.005,0.006,0.007,0.008,0.009000000000000001,0.01]",0.001,91,mock,InstrumentType.Spot,606341312,mock,BTC-USDT
2199944884,0,0,1783610795959628808,101,depth,"[65001.02,65001.119999999995,65001.22,65001.32,65001.42,65001.52,65001.619999999995,65001.72,65001.82,65001.92]",65001.02,"[0.001,0.002,0.003,0.004,0.005,0.006,0.007,0.008,0.009000000000000001,0.01]",0.001,"[65000.82,65000.72,65000.619999999995,65000.52,65000.42,65000.32,65000.22,65000.119999999995,65000.02,64999.92]",65000.82,"[0.001,0.002,0.003,0.004,0.005,0.006,0.007,0.008,0.009000000000000001,0.01]",0.001,92,mock,InstrumentType.Spot,606461040,mock,BTC-USDT
2199944884,0,0,1783610795959928595,101,depth,"[65001.03,65001.13,65001.23,65001.33,65001.43,65001.53,65001.63,65001.73,65001.83,65001.93]",65001.03,"[0.001,0.002,0.003,0.004,0.005,0.006,0.007,0.008,0.009000000000000001,0.01]",0.001,"[65000.83,65000.73,65000.63,65000.53,65000.43,65000.33,65000.23,65000.13,65000.03,64999.93]",65000.83,"[0.001,0.002,0.003,0.004,0.005,0.006,0.007,0.008,0.009000000000000001,0.01]",0.001,93,mock,InstrumentType.Spot,607277376,mock,BTC-USDT
2199944884,0,0,1783610795960230180,101,depth,"[65001.04,65001.14,65001.240000000005,65001.340000000004,65001.44,65001.54,65001.64,65001.740000000005,65001.840000000004,65001.94]",65001.04,"[0.001,0.002,0.003,0.004,0.005,0.006,0.007,0.008,0.009000000000000001,0.01]",0.001,"[65000.840000000004,65000.740000000005,65000.64,65000.54,65000.44,65000.340000000004,65000.240000000005,65000.14,65000.04,64999.94]",65000.840000000004,"[0.001,0.002,0.003,0.004,0.005,0.006,0.007,0.008,0.009000000000000001,0.01]",0.001,94,mock,InstrumentType.Spot,607499312,mock,BTC-USDT
2199944884,0,0,1783610795960530228,101,depth,"[65001.049999999996,65001.149999999994,65001.25,65001.35,65001.45,65001.549999999996,65001.649999999994,65001.75,65001.85,65001.95]",65001.049999999996,"[0.001,0.002,0.003,0.004,0.005,0.006,0.007,0.008,0.009000000000000001,0.01]",0.001,"[65000.85,65000.75,65000.649999999994,65000.549999999996,65000.45,65000.35,65000.25,65000.149999999994,65000.049999999996,64999.95]",65000.85,"[0.001,0.002,0.003,0.004,0.005,0.006,0.007,0.008,0.009000000000000001,0.01]",0.001,95,mock,InstrumentType.Spot,607791248,mock,BTC-USDT
2199944884,0,0,1783610795960837250,101,depth,"[65001.06,65001.159999999996,65001.26,65001.36,65001.46,65001.56,65001.659999999996,65001.76,65001.86,65001.96]",65001.06,"[0.001,0.002,0.003,0.004,0.005,0.006,0.007,0.008,0.009000000000000001,0.01]",0.001,"[65000.86,65000.76,65000.659999999996,65000.56,65000.46,65000.36,65000.26,65000.159999999996,65000.06,64999.96]",65000.86,"[0.001,0.002,0.003,0.004,0.005,0.006,0.007,0.008,0.009000000000000001,0.01]",0.001,96,mock,InstrumentType.Spot,608988304,mock,BTC-USDT
2199944884,0,0,1783610795961129864,101,depth,"[65001.07,65001.17,65001.270000000004,65001.37,65001.47,65001.57,65001.67,65001.770000000004,65001.87,65001.97]",65001.07,"[0.001,0.002,0.003,0.004,0.005,0.006,0.007,0.008,0.009000000000000001,0.01]",0.001,"[65000.87,65000.770000000004,65000.67,65000.57,65000.47,65000.37,65000.270000000004,65000.17,65000.07,64999.97]",65000.87,"[0.001,0.002,0.003,0.004,0.005,0.006,0.007,0.008,0.009000000000000001,0.01]",0.001,97,mock,InstrumentType.Spot,609289824,mock,BTC-USDT
2199944884,0,0,1783610795961429481,101,depth,"[65001.08,65001.18,65001.280000000006,65001.380000000005,65001.48,65001.58,65001.68,65001.780000000006,65001.880000000005,65001.98]",65001.08,"[0.001,0.002,0.003,0.004,0.005,0.006,0.007,0.008,0.009000000000000001,0.01]",0.001,"[65000.880000000005,65000.780000000006,65000.68,65000.58,65000.48,65000.380000000005,65000.280000000006,65000.18,65000.08,64999.98]",65000.880000000005,"[0.001,0.002,0.003,0.004,0.005,0.006,0.007,0.008,0.009000000000000001,0.01]",0.001,98,mock,InstrumentType.Spot,609386976,mock,BTC-USDT
2199944884,0,0,1783610795961729740,101,depth,"[65001.09,65001.189999999995,65001.29,65001.39,65001.49,65001.59,65001.689999999995,65001.79,65001.89,65001.99]",65001.09,"[0.001,0.002,0.003,0.004,0.005,0.006,0.007,0.008,0.009000000000000001,0.01]",0.001,"[65000.89,65000.79,65000.689999999995,65000.59,65000.49,65000.39,65000.29,65000.189999999995,65000.09,64999.99]",65000.89,"[0.001,0.002,0.003,0.004,0.005,0.006,0.007,0.008,0.009000000000000001,0.01]",0.001,99,mock,InstrumentType.Spot,609813904,mock,BTC-USDT
2199944884,0,0,1783610795962029094,101,depth,"[65000.1,65000.2,65000.3,65000.4,65000.5,65000.6,65000.7,65000.8,65000.9,65001.0]",65000.1,"[0.001,0.002,0.003,0.004,0.005,0.006,0.007,0.008,0.009000000000000001,0.01]",0.001,"[64999.9,64999.8,64999.7,64999.6,64999.5,64999.4,64999.3,64999.2,64999.1,64999.0]",64999.9,"[0.001,0.002,0.003,0.004,0.005,0.006,0.007,0.008,0.009000000000000001,0.01]",0.001,100,mock,InstrumentType.Spot,609972912,mock,BTC-USDT
2199944884,0,0,1783610795962328567,101,depth,"[65000.11,65000.21,65000.310000000005,65000.41,65000.51,65000.61,65000.71,65000.810000000005,65000.91,65001.01]",65000.11,"[0.001,0.002,0.003,0.004,0.005,0.006,0.007,0.008,0.009000000000000001,0.01]",0.001,"[64999.91,64999.810000000005,64999.71,64999.61,64999.51,64999.41,64999.310000000005,64999.21,64999.11,64999.01]",64999.91,"[0.001,0.002,0.003,0.004,0.005,0.006,0.007,0.008,0.009000000000000001,0.01]",0.001,101,mock,InstrumentType.Spot,610262256,mock,BTC-USDT
2199944884,0,0,1783610795962628601,101,depth,"[65000.119999999995,65000.219999999994,65000.32,65000.42,65000.52,65000.619999999995,65000.719999999994,65000.82,65000.92,65001.02]",65000.119999999995,"[0.001,0.002,0.003,0.004,0.005,0.006,0.007,0.008,0.009000000000000001,0.01]",0.001,"[64999.92,64999.82,64999.719999999994,64999.619999999995,64999.52,64999.42,64999.32,64999.219999999994,64999.119999999995,64999.02]",64999.92,"[0.001,0.002,0.003,0.004,0.005,0.006,0.007,0.008,0.009000000000000001,0.01]",0.001,102,mock,InstrumentType.Spot,611346688,mock,BTC-USDT
2199944884,0,0,1783610795962929356,101,depth,"[65000.13,65000.229999999996,65000.33,65000.43,65000.53,65000.63,65000.729999999996,65000.83,65000.93,65001.03]",65000.13,"[0.001,0.002,0.003,0.004,0.005,0.006,0.007,0.008,0.009000000000000001,0.01]",0.001,"[64999.93,64999.83,64999.729999999996,64999.63,64999.53,64999.43,64999.33,64999.229999999996,64999.13,64999.03]",64999.93,"[0.001,0.002,0.003,0.004,0.005,0.006,0.007,0.008,0.009000000000000001,0.01]",0.001,103,mock,InstrumentType.Spot,611196464,mock,BTC-USDT
2199944884,0,0,1783610795963229586,101,depth,"[65000.14,65000.24,65000.340000000004,65000.44,65000.54,65000.64,65000.74,65000.840000000004,65000.94,65001.04]",65000.14,"[0.001,0.002,0.003,0.004,0.005,0.006,0.007,0.008,0.009000000000000001,0.01]",0.001,"[64999.94,64999.840000000004,64999.74,64999.64,64999.54,64999.44,64999.340000000004,64999.24,64999.14,64999.04]",64999.94,"[0.001,0.002,0.003,0.004,0.005,0.006,0.007,0.008,0.009000000000000001,0.01]",0.001,104,mock,InstrumentType.Spot,611585056,mock,BTC-USDT
2199944884,0,0,1783610795963584529,101,depth,"[65000.15,65000.25,65000.350000000006,65000.450000000004,65000.55,65000.65,65000.75,65000.850000000006,65000.950000000004,65001.05]",65000.15,"[0.001,0.002,0.003,0.004,0.005,0.006,0.007,0.008,0.009000000000000001,0.01]",0.001,"[64999.950000000004,64999.850000000006,64999.75,64999.65,64999.55,64999.450000000004,64999.350000000006,64999.25,64999.15,64999.05]",64999.950000000004,"[0.001,0.002,0.003,0.004,0.005,0.006,0.007,0.008,0.009000000000000001,0.01]",0.001,105,mock,InstrumentType.Spot,612215056,mock,BTC-USDT
2199944884,0,0,1783610795963829491,101,depth,"[65000.159999999996,65000.259999999995,65000.36,65000.46,65000.56,65000.659999999996,65000.759999999995,65000.86,65000.96,65001.06]",65000.159999999996,"[0.001,0.002,0.003,0.004,0.005,0.006,0.007,0.008,0.009000000000000001,0.01]",0.001,"[64999.96,64999.86,64999.759999999995,64999.659999999996,64999.56,64999.46,64999.36,64999.259999999995,64999.159999999996,64999.06]",64999.96,"[0.001,0.002,0.003,0.004,0.005,0.006,0.007,0.008,0.009000000000000001,0.01]",0.001,106,mock,InstrumentType.Spot,612066384,mock,BTC-USDT
2199944884,0,0,1783610795964129058,101,depth,"[65000.17,65000.27,65000.37,65000.47,65000.57,65000.67,65000.77,65000.87,65000.97,65001.07]",65000.17,"[0.001,0.002,0.003,0.004,0.005,0.006,0.007,0.008,0.009000000000000001,0.01]",0.001,"[64999.97,64999.87,64999.77,64999.67,64999.57,64999.47,64999.37,64999.27,64999.17,64999.07]",64999.97,"[0.001,0.002,0.003,0.004,0.005,0.006,0.007,0.008,0.009000000000000001,0.01]",0.001,107,mock,InstrumentType.Spot,612129840,mock,BTC-USDT
2199944884,0,0,1783610795964428661,101,depth,"[65000.18,65000.28,65000.380000000005,65000.48,65000.58,65000.68,65000.78,65000.880000000005,65000.98,65001.08]",65000.18,"[0.001,0.002,0.003,0.004,0.005,0.006,0.007,0.008,0.009000000000000001,0.01]",0.001,"[64999.98,64999.880000000005,64999.78,64999.68,64999.58,64999.48,64999.380000000005,64999.28,64999.18,64999.08]",64999.98,"[0.001,0.002,0.003,0.004,0.005,0.006,0.007,0.008,0.009000000000000001,0.01]",0.001,108,mock,InstrumentType.Spot,612298624,mock,BTC-USDT
2199944884,0,0,1783610795964729531,101,depth,"[65000.189999999995,65000.28999999999,65000.39,65000.49,65000.59,65000.689999999995,65000.78999999999,65000.89,65000.99,65001.09]",65000.189999999995,"[0.001,0.002,0.003,0.004,0.005,0.006,0.007,0.008,0.009000000000000001,0.01]",0.001,"[64999.99,64999.89,64999.78999999999,64999.689999999995,64999.59,64999.49,64999.39,64999.28999999999,64999.189999999995,64999.09]",64999.99,"[0.001,0.002,0.003,0.004,0.005,0.006,0.007,0.008,0.009000000000000001,0.01]",0.001,109,mock,InstrumentType.Spot,612366768,mock,BTC-USDT
2199944884,0,0,1783610795965029907,101,depth,"[65000.2,65000.299999999996,65000.4,65000.5,65000.6,65000.7,65000.799999999996,65000.9,65001.0,65001.1]",65000.2,"[0.001,0.002,0.003,0.004,0.005,0.006,0.007,0.008,0.009000000000000001,0.01]",0.001,"[65000.0,64999.9,64999.799999999996,64999.7,64999.6,64999.5,64999.4,64999.299999999996,64999.2,64999.1]",65000.0,"[0.001,0.002,0.003,0.004,0.005,0.006,0.007,0.008,0.009000000000000001,0.01]",0.001,110,mock,InstrumentType.Spot,612741216,mock,BTC-USDT
2199944884,0,0,1783610795965329015,101,depth,"[65000.21,65000.31,65000.41,65000.51,65000.61,65000.71,65000.81,65000.91,65001.01,65001.11]",65000.21,"[0.001,0.002,0.003,0.004,0.005,0.006,0.007,0.008,0.009000000000000001,0.01]",0.001,"[65000.01,64999.91,64999.81,64999.71,64999.61,64999.51,64999.41,64999.31,64999.21,64999.11]",65000.01,"[0.001,0.002,0.003,0.004,0.005,0.006,0.007,0.008,0.009000000000000001,0.01]",0.001,111,mock,InstrumentType.Spot,612774688,mock,BTC-USDT
2199944884,0,0,1783610795965628936,101,depth,"[65000.22,65000.32,65000.420000000006,65000.520000000004,65000.62,65000.72,65000.82,65000.920000000006,65001.020000000004,65001.12]",65000.22,"[0.001,0.002,0.003,0.004,0.005,0.006,0.007,0.008,0.009000000000000001,0.01]",0.001,"[65000.020000000004,64999.920000000006,64999.82,64999.72,64999.62,64999.520000000004,64999.420000000006,64999.32,64999.22,64999.12]",65000.020000000004,"[0.001,0.002,0.003,0.004,0.005,0.006,0.007,0.008,0.009000000000000001,0.01]",0.001,112,mock,InstrumentType.Spot,612750944,mock,BTC-USDT
2199944884,0,0,1783610795965958154,101,depth,"[65000.229999999996,65000.329999999994,65000.43,65000.53,65000.63,65000.729999999996,65000.829999999994,65000.93,65001.03,65001.13]",65000.229999999996,"[0.001,0.002,0.003,0.004,0.005,0.006,0.007,0.008,0.009000000000000001,0.01]",0.001,"[65000.03,64999.93,64999.829999999994,64999.729999999996,64999.63,64999.53,64999.43,64999.329999999994,64999.229999999996,64999.13]",65000.03,"[0.001,0.002,0.003,0.004,0.005,0.006,0.007,0.008,0.009000000000000001,0.01]",0.001,113,mock,InstrumentType.Spot,605675520,mock,BTC-USDT
2199944884,0,0,1783610795966229694,101,depth,"[65000.24,65000.34,65000.44,65000.54,65000.64,65000.74,65000.84,65000.94,65001.04,65001.14]",65000.24,"[0.001,0.002,0.003,0.004,0.005,0.006,0.007,0.008,0.009000000000000001,0.01]",0.001,"[65000.04,64999.94,64999.84,64999.74,64999.64,64999.54,64999.44,64999.34,64999.24,64999.14]",65000.04,"[0.001,0.002,0.003,0.004,0.005,0.006,0.007,0.008,0.009000000000000001,0.01]",0.001,114,mock,InstrumentType.Spot,605766128,mock,BTC-USDT
2199944884,0,0,1783610795966558610,101,depth,"[65000.25,65000.35,65000.450000000004,65000.55,65000.65,65000.75,65000.85,65000.950000000004,65001.05,65001.15]",65000.25,"[0.001,0.002,0.003,0.004,0.005,0.006,0.007,0.008,0.009000000000000001,0.01]",0.001,"[65000.05,64999.950000000004,64999.85,64999.75,64999.65,64999.55,64999.450000000004,64999.35,64999.25,64999.15]",65000.05,"[0.001,0.002,0.003,0.004,0.005,0.006,0.007,0.008,0.009000000000000001,0.01]",0.001,115,mock,InstrumentType.Spot,606330480,mock,BTC-USDT
2199944884,0,0,1783610795966830568,101,depth,"[65000.26,65000.36,65000.46000000001,65000.560000000005,65000.66,65000.76,65000.86,65000.96000000001,65001.060000000005,65001.16]",65000.26,"[0.001,0.002,0.003,0.004,0.005,0.006,0.007,0.008,0.009000000000000001,0.01]",0.001,"[65000.060000000005,64999.96000000001,64999.86,64999.76,64999.66,64999.560000000005,64999.46000000001,64999.36,64999.26,64999.16]",65000.060000000005,"[0.001,0.002,0.003,0.004,0.005,0.006,0.007,0.008,0.009000000000000001,0.01]",0.001,116,mock,InstrumentType.Spot,606434320,mock,BTC-USDT
2199944884,0,0,1783610795967132112,101,depth,"[65000.27,65000.369999999995,65000.47,65000.57,65000.67,65000.77,65000.869999999995,65000.97,65001.07,65001.17]",65000.27,"[0.001,0.002,0.003,0.004,0.005,0.006,0.007,0.008,0.009000000000000001,0.01]",0.001,"[65000.07,64999.97,64999.869999999995,64999.77,64999.67,64999.57,64999.47,64999.369999999995,64999.27,64999.17]",65000.07,"[0.001,0.002,0.003,0.004,0.005,0.006,0.007,0.008,0.009000000000000001,0.01]",0.001,117,mock,InstrumentType.Spot,607109328,mock,BTC-USDT
2199944884,0,0,1783610795967431545,101,depth,"[65000.28,65000.38,65000.48,65000.58,65000.68,65000.78,65000.88,65000.98,65001.08,65001.18]",65000.28,"[0.001,0.002,0.003,0.004,0.005,0.006,0.007,0.008,0.009000000000000001,0.01]",0.001,"[65000.08,64999.98,64999.88,64999.78,64999.68,64999.58,64999.48,64999.38,64999.28,64999.18]",65000.08,"[0.001,0.002,0.003,0.004,0.005,0.006,0.007,0.008,0.009000000000000001,0.01]",0.001,118,mock,InstrumentType.Spot,607275200,mock,BTC-USDT
2199944884,0,0,1783610795967729551,101,depth,"[65000.29,65000.39,65000.490000000005,65000.590000000004,65000.69,65000.79,65000.89,65000.990000000005,65001.090000000004,65001.19]",65000.29,"[0.001,0.002,0.003,0.004,0.005,0.006,0.007,0.008,0.009000000000000001,0.01]",0.001,"[65000.090000000004,64999.990000000005,64999.89,64999.79,64999.69,64999.590000000004,64999.490000000005,64999.39,64999.29,64999.19]",65000.090000000004,"[0.001,0.002,0.003,0.004,0.005,0.006,0.007,0.008,0.009000000000000001,0.01]",0.001,119,mock,InstrumentType.Spot,607313984,mock,BTC-USDT
2199944884,0,0,1783610795968032610,101,depth,"[65000.299999999996,65000.399999999994,65000.5,65000.6,65000.7,65000.799999999996,65000.899999999994,65001.0,65001.1,65001.2]",65000.299999999996,"[0.001,0.002,0.003,0.004,0.005,0.006,0.007,0.008,0.009000000000000001,0.01]",0.001,"[65000.1,65000.0,64999.899999999994,64999.799999999996,64999.7,64999.6,64999.5,64999.399999999994,64999.299999999996,64999.2]",65000.1,"[0.001,0.002,0.003,0.004,0.005,0.006,0.007,0.008,0.009000000000000001,0.01]",0.001,120,mock,InstrumentType.Spot,607743536,mock,BTC-USDT
2199944884,0,0,1783610795968329698,101,depth,"[65000.31,65000.409999999996,65000.51,65000.61,65000.71,65000.81,65000.909999999996,65001.01,65001.11,65001.21]",65000.31,"[0.001,0.002,0.003,0.004,0.005,0.006,0.007,0.008,0.009000000000000001,0.01]",0.001,"[65000.11,65000.01,64999.909999999996,64999.81,64999.71,64999.61,64999.51,64999.409999999996,64999.31,64999.21]",65000.11,"[0.001,0.002,0.003,0.004,0.005,0.006,0.007,0.008,0.009000000000000001,0.01]",0.001,121,mock,InstrumentType.Spot,607721456,mock,BTC-USDT
2199944884,0,0,1783610795968631109,101,depth,"[65000.32,65000.42,65000.520000000004,65000.62,65000.72,65000.82,65000.92,65001.020000000004,65001.12,65001.22]",65000.32,"[0.001,0.002,0.003,0.004,0.005,0.006,0.007,0.008,0.009000000000000001,0.01]",0.001,"[65000.12,65000.020000000004,64999.92,64999.82,64999.72,64999.62,64999.520000000004,64999.42,64999.32,64999.22]",65000.12,"[0.001,0.002,0.003,0.004,0.005,0.006,0.007,0.008,0.009000000000000001,0.01]",0.001,122,mock,InstrumentType.Spot,608369824,mock,BTC-USDT
2199944884,0,0,1783610795968932671,101,depth,"[65000.33,65000.43,65000.530000000006,65000.630000000005,65000.73,65000.83,65000.93,65001.030000000006,65001.130000000005,65001.23]",65000.33,"[0.001,0.002,0.003,0.004,0.005,0.006,0.007,0.008,0.009000000000000001,0.01]",0.001,"[65000.130000000005,65000.030000000006,64999.93,64999.83,64999.73,64999.630000000005,64999.530000000006,64999.43,64999.33,64999.23]",65000.130000000005,"[0.001,0.002,0.003,0.004,0.005,0.006,0.007,0.008,0.009000000000000001,0.01]",0.001,123,mock,InstrumentType.Spot,608608800,mock,BTC-USDT
2199944884,0,0,1783610795969244032,101,depth,"[65000.34,65000.439999999995,65000.54,65000.64,65000.74,65000.84,65000.939999999995,65001.04,65001.14,65001.24]",65000.34,"[0.001,0.002,0.003,0.004,0.005,0.006,0.007,0.008,0.009000000000000001,0.01]",0.001,"[65000.14,65000.04,64999.939999999995,64999.84,64999.74,64999.64,64999.54,64999.439999999995,64999.34,64999.24]",65000.14,"[0.001,0.002,0.003,0.004,0.005,0.006,0.007,0.008,0.009000000000000001,0.01]",0.001,124,mock,InstrumentType.Spot,608900752,mock,BTC-USDT
2199944884,0,0,1783610795969530691,101,depth,"[65000.35,65000.45,65000.55,65000.65,65000.75,65000.85,65000.95,65001.05,65001.15,65001.25]",65000.35,"[0.001,0.002,0.003,0.004,0.005,0.006,0.007,0.008,0.009000000000000001,0.01]",0.001,"[65000.15,65000.05,64999.95,64999.85,64999.75,64999.65,64999.55,64999.45,64999.35,64999.25]",65000.15,"[0.001,0.002,0.003,0.004,0.005,0.006,0.007,0.008,0.009000000000000001,0.01]",0.001,125,mock,InstrumentType.Spot,609149216,mock,BTC-USDT
2199944884,0,0,1783610795969830467,101,depth,"[65000.36,65000.46,65000.560000000005,65000.66,65000.76,65000.86,65000.96,65001.060000000005,65001.16,65001.26]",65000.36,"[0.001,0.002,0.003,0.004,0.005,0.006,0.007,0.008,0.009000000000000001,0.01]",0.001,"[65000.16,65000.060000000005,64999.96,64999.86,64999.76,64999.66,64999.560000000005,64999.46,64999.36,64999.26]",65000.16,"[0.001,0.002,0.003,0.004,0.005,0.006,0.007,0.008,0.009000000000000001,0.01]",0.001,126,mock,InstrumentType.Spot,609279664,mock,BTC-USDT
2199944884,0,0,1783610795970129419,101,depth,"[65000.369999999995,65000.469999999994,65000.57,65000.67,65000.77,65000.869999999995,65000.969999999994,65001.07,65001.17,65001.27]",65000.369999999995,"[0.001,0.002,0.003,0.004,0.005,0.006,0.007,0.008,0.009000000000000001,0.01]",0.001,"[65000.17,65000.07,64999.969999999994,64999.869999999995,64999.77,64999.67,64999.57,64999.469999999994,64999.369999999995,64999.27]",65000.17,"[0.001,0.002,0.003,0.004,0.005,0.006,0.007,0.008,0.009000000000000001,0.01]",0.001,127,mock,InstrumentType.Spot,609497728,mock,BTC-USDT
2199944884,0,0,1783610795970429784,101,depth,"[65000.38,65000.479999999996,65000.58,65000.68,65000.78,65000.88,65000.979999999996,65001.08,65001.18,65001.28]",65000.38,"[0.001,0.002,0.003,0.004,0.005,0.006,0.007,0.008,0.009000000000000001,0.01]",0.001,"[65000.18,65000.08,64999.979999999996,64999.88,64999.78,64999.68,64999.58,64999.479999999996,64999.38,64999.28]",65000.18,"[0.001,0.002,0.003,0.004,0.005,0.006,0.007,0.008,0.009000000000000001,0.01]",0.001,128,mock,InstrumentType.Spot,609830096,mock,BTC-USDT
2199944884,0,0,1783610795970730529,101,depth,"[65000.39,65000.49,65000.590000000004,65000.69,65000.79,65000.89,65000.99,65001.090000000004,65001.19,65001.29]",65000.39,"[0.001,0.002,0.003,0.004,0.005,0.006,0.007,0.008,0.009000000000000001,0.01]",0.001,"[65000.19,65000.090000000004,64999.99,64999.89,64999.79,64999.69,64999.590000000004,64999.49,64999.39,64999.29]",65000.19,"[0.001,0.002,0.003,0.004,0.005,0.006,0.007,0.008,0.009000000000000001,0.01]",0.001,129,mock,InstrumentType.Spot,609932928,mock,BTC-USDT
2199944884,0,0,1783610795971030370,101,depth,"[65000.4,65000.5,65000.600000000006,65000.700000000004,65000.8,65000.9,65001.0,65001.100000000006,65001.200000000004,65001.3]",65000.4,"[0.001,0.002,0.003,0.004,0.005,0.006,0.007,0.008,0.009000000000000001,0.01]",0.001,"[65000.200000000004,65000.100000000006,65000.0,64999.9,64999.8,64999.700000000004,64999.600000000006,64999.5,64999.4,64999.3]",65000.200000000004,"[0.001,0.002,0.003,0.004,0.005,0.006,0.007,0.008,0.009000000000000001,0.01]",0.001,130,mock,InstrumentType.Spot,607754480,mock,BTC-USDT
2199944884,0,0,1783610795971329815,101,depth,"[65000.409999999996,65000.509999999995,65000.61,65000.71,65000.81,65000.909999999996,65001.009999999995,65001.11,65001.21,65001.31]",65000.409999999996,"[0.001,0.002,0.003,0.004,0.005,0.006,0.007,0.008,0.009000000000000001,0.01]",0.001,"[65000.21,65000.11,65000.009999999995,64999.909999999996,64999.81,64999.71,64999.61,64999.509999999995,64999.409999999996,64999.31]",65000.21,"[0.001,0.002,0.003,0.004,0.005,0.006,0.007,0.008,0.009000000000000001,0.01]",0.001,131,mock,InstrumentType.Spot,602228304,mock,BTC-USDT
2199944884,0,0,1783610795971630275,101,depth,"[65000.42,65000.52,65000.62,65000.72,65000.82,65000.92,65001.02,65001.12,65001.22,65001.32]",65000.42,"[0.001,0.002,0.003,0.004,0.005,0.006,0.007,0.008,0.009000000000000001,0.01]",0.001,"[65000.22,65000.12,65000.02,64999.92,64999.82,64999.72,64999.62,64999.52,64999.42,64999.32]",65000.22,"[0.001,0.002,0.003,0.004,0.005,0.006,0.007,0.008,0.009000000000000001,0.01]",0.001,132,mock,InstrumentType.Spot,611389696,mock,BTC-USDT
2199944884,0,0,1783610795971931389,101,depth,"[65000.43,65000.53,65000.630000000005,65000.73,65000.83,65000.93,65001.03,65001.130000000005,65001.23,65001.33]",65000.43,"[0.001,0.002,0.003,0.004,0.005,0.006,0.007,0.008,0.009000000000000001,0.01]",0.001,"[65000.23,65000.130000000005,65000.03,64999.93,64999.83,64999.73,64999.630000000005,64999.53,64999.43,64999.33]",65000.23,"[0.001,0.002,0.003,0.004,0.005,0.006,0.007,0.008,0.009000000000000001,0.01]",0.001,133,mock,InstrumentType.Spot,612042720,mock,BTC-USDT
2199944884,0,0,1783610795972244507,101,depth,"[65000.439999999995,65000.53999999999,65000.64,65000.74,65000.84,65000.939999999995,65001.03999999999,65001.14,65001.24,65001.34]",65000.439999999995,"[0.001,0.002,0.003,0.004,0.005,0.006,0.007,0.008,0.009000000000000001,0.01]",0.001,"[65000.24,65000.14,65000.03999999999,64999.939999999995,64999.84,64999.74,64999.64,64999.53999999999,64999.439999999995,64999.34]",65000.24,"[0.001,0.002,0.003,0.004,0.005,0.006,0.007,0.008,0.009000000000000001,0.01]",0.001,134,mock,InstrumentType.Spot,605171776,mock,BTC-USDT
2199944884,0,0,1783610795972529767,101,depth,"[65000.45,65000.549999999996,65000.65,65000.75,65000.85,65000.95,65001.049999999996,65001.15,65001.25,65001.35]",65000.45,"[0.001,0.002,0.003,0.004,0.005,0.006,0.007,0.008,0.009000000000000001,0.01]",0.001,"[65000.25,65000.15,65000.049999999996,64999.95,64999.85,64999.75,64999.65,64999.549999999996,64999.45,64999.35]",65000.25,"[0.001,0.002,0.003,0.004,0.005,0.006,0.007,0.008,0.009000000000000001,0.01]",0.001,135,mock,InstrumentType.Spot,605229136,mock,BTC-USDT
2199944884,0,0,1783610795972829227,101,depth,"[65000.46,65000.56,65000.66,65000.76,65000.86,65000.96,65001.06,65001.16,65001.26,65001.36]",65000.46,"[0.001,0.002,0.003,0.004,0.005,0.006,0.007,0.008,0.009000000000000001,0.01]",0.001,"[65000.26,65000.16,65000.06,64999.96,64999.86,64999.76,64999.66,64999.56,64999.46,64999.36]",65000.26,"[0.001,0.002,0.003,0.004,0.005,0.006,0.007,0.008,0.009000000000000001,0.01]",0.001,136,mock,InstrumentType.Spot,605621824,mock,BTC-USDT
2199944884,0,0,1783610795973130594,101,depth,"[65000.47,65000.57,65000.670000000006,65000.770000000004,65000.87,65000.97,65001.07,65001.170000000006,65001.270000000004,65001.37]",65000.47,"[0.001,0.002,0.003,0.004,0.005,0.006,0.007,0.008,0.009000000000000001,0.01]",0.001,"[65000.270000000004,65000.170000000006,65000.07,64999.97,64999.87,64999.770000000004,64999.670000000006,64999.57,64999.47,64999.37]",65000.270000000004,"[0.001,0.002,0.003,0.004,0.005,0.006,0.007,0.008,0.009000000000000001,0.01]",0.001,137,mock,InstrumentType.Spot,606061328,mock,BTC-USDT
2199944884,0,0,1783610795973429755,101,depth,"[65000.479999999996,65000.579999999994,65000.68,65000.78,65000.88,65000.979999999996,65001.079999999994,65001.18,65001.28,65001.38]",65000.479999999996,"[0.001,0.002,0.003,0.004,0.005,0.006,0.007,0.008,0.009000000000000001,0.01]",0.001,"[65000.28,65000.18,65000.079999999994,64999.979999999996,64999.88,64999.78,64999.68,64999.579999999994,64999.479999999996,64999.38]",65000.28,"[0.001,0.002,0.003,0.004,0.005,0.006,0.007,0.008,0.009000000000000001,0.01]",0.001,138,mock,InstrumentType.Spot,606286208,mock,BTC-USDT
2199944884,0,0,1783610795973728927,101,depth,"[65000.49,65000.59,65000.69,65000.79,65000.89,65000.99,65001.09,65001.19,65001.29,65001.39]",65000.49,"[0.001,0.002,0.003,0.004,0.005,0.006,0.007,0.008,0.009000000000000001,0.01]",0.001,"[65000.29,65000.19,65000.09,64999.99,64999.89,64999.79,64999.69,64999.59,64999.49,64999.39]",65000.29,"[0.001,0.002,0.003,0.004,0.005,0.006,0.007,0.008,0.009000000000000001,0.01]",0.001,139,mock,InstrumentType.Spot,605753616,mock,BTC-USDT
2199944884,0,0,1783610795974029187,101,depth,"[65000.5,65000.6,65000.700000000004,65000.8,65000.9,65001.0,65001.1,65001.200000000004,65001.3,65001.4]",65000.5,"[0.001,0.002,0.003,0.004,0.005,0.006,0.007,0.008,0.009000000000000001,0.01]",0.001,"[65000.3,65000.200000000004,65000.1,65000.0,64999.9,64999.8,64999.700000000004,64999.6,64999.5,64999.4]",65000.3,"[0.001,0.002,0.003,0.004,0.005,0.006,0.007,0.008,0.009000000000000001,0.01]",0.001,140,mock,InstrumentType.Spot,606575888,mock,BTC-USDT
2199944884,0,0,1783610795974331429,101,depth,"[65000.51,65000.61,65000.71000000001,65000.810000000005,65000.91,65001.01,65001.11,65001.21000000001,65001.310000000005,65001.41]",65000.51,"[0.001,0.002,0.003,0.004,0.005,0.006,0.007,0.008,0.009000000000000001,0.01]",0.001,"[65000.310000000005,65000.21000000001,65000.11,65000.01,64999.91,64999.810000000005,64999.71000000001,64999.61,64999.51,64999.41]",65000.310000000005,"[0.001,0.002,0.003,0.004,0.005,0.006,0.007,0.008,0.009000000000000001,0.01]",0.001,141,mock,InstrumentType.Spot,606841104,mock,BTC-USDT
2199944884,0,0,1783610795974630781,101,depth,"[65000.52,65000.619999999995,65000.72,65000.82,65000.92,65001.02,65001.119999999995,65001.22,65001.32,65001.42]",65000.52,"[0.001,0.002,0.003,0.004,0.005,0.006,0.007,0.008,0.009000000000000001,0.01]",0.001,"[65000.32,65000.22,65000.119999999995,65000.02,64999.92,64999.82,64999.72,64999.619999999995,64999.52,64999.42]",65000.32,"[0.001,0.002,0.003,0.004,0.005,0.006,0.007,0.008,0.009000000000000001,0.01]",0.001,142,mock,InstrumentType.Spot,607007760,mock,BTC-USDT
2199944884,0,0,1783610795974949465,101,depth,"[65000.53,65000.63,65000.73,65000.83,65000.93,65001.03,65001.13,65001.23,65001.33,65001.43]",65000.53,"[0.001,0.002,0.003,0.004,0.005,0.006,0.007,0.008,0.009000000000000001,0.01]",0.001,"[65000.33,65000.23,65000.13,65000.03,64999.93,64999.83,64999.73,64999.63,64999.53,64999.43]",65000.33,"[0.001,0.002,0.003,0.004,0.005,0.006,0.007,0.008,0.009000000000000001,0.01]",0.001,143,mock,InstrumentType.Spot,606982576,mock,BTC-USDT
2199944884,0,0,1783610795975230827,101,depth,"[65000.54,65000.64,65000.740000000005,65000.840000000004,65000.94,65001.04,65001.14,65001.240000000005,65001.340000000004,65001.44]",65000.54,"[0.001,0.002,0.003,0.004,0.005,0.006,0.007,0.008,0.009000000000000001,0.01]",0.001,"[65000.340000000004,65000.240000000005,65000.14,65000.04,64999.94,64999.840000000004,64999.740000000005,64999.64,64999.54,64999.44]",65000.340000000004,"[0.001,0.002,0.003,0.004,0.005,0.006,0.007,0.008,0.009000000000000001,0.01]",0.001,144,mock,InstrumentType.Spot,607093248,mock,BTC-USDT
2199944884,0,0,1783610795975529531,101,depth,"[65000.549999999996,65000.649999999994,65000.75,65000.85,65000.95,65001.049999999996,65001.149999999994,65001.25,65001.35,65001.45]",65000.549999999996,"[0.001,0.002,0.003,0.004,0.005,0.006,0.007,0.008,0.009000000000000001,0.01]",0.001,"[65000.35,65000.25,65000.149999999994,65000.049999999996,64999.95,64999.85,64999.75,64999.649999999994,64999.549999999996,64999.45]",65000.35,"[0.001,0.002,0.003,0.004,0.005,0.006,0.007,0.008,0.009000000000000001,0.01]",0.001,145,mock,InstrumentType.Spot,607240928,mock,BTC-USDT
2199944884,0,0,1783610795975829922,101,depth,"[65000.56,65000.659999999996,65000.76,65000.86,65000.96,65001.06,65001.159999999996,65001.26,65001.36,65001.46]",65000.56,"[0.001,0.002,0.003,0.004,0.005,0.006,0.007,0.008,0.009000000000000001,0.01]",0.001,"[65000.36,65000.26,65000.159999999996,65000.06,64999.96,64999.86,64999.76,64999.659999999996,64999.56,64999.46]",65000.36,"[0.001,0.002,0.003,0.004,0.005,0.006,0.007,0.008,0.009000000000000001,0.01]",0.001,146,mock,InstrumentType.Spot,607378400,mock,BTC-USDT
2199944884,0,0,1783610795976129915,101,depth,"[65000.57,65000.67,65000.770000000004,65000.87,65000.97,65001.07,65001.17,65001.270000000004,65001.37,65001.47]",65000.57,"[0.001,0.002,0.003,0.004,0.005,0.006,0.007,0.008,0.009000000000000001,0.01]",0.001,"[65000.37,65000.270000000004,65000.17,65000.07,64999.97,64999.87,64999.770000000004,64999.67,64999.57,64999.47]",65000.37,"[0.001,0.002,0.003,0.004,0.005,0.006,0.007,0.008,0.009000000000000001,0.01]",0.001,147,mock,InstrumentType.Spot,607893024,mock,BTC-USDT
2199944884,0,0,1783610795976432064,101,depth,"[65000.58,65000.68,65000.780000000006,65000.880000000005,65000.98,65001.08,65001.18,65001.280000000006,65001.380000000005,65001.48]",65000.58,"[0.001,0.002,0.003,0.004,0.005,0.006,0.007,0.008,0.009000000000000001,0.01]",0.001,"[65000.380000000005,65000.280000000006,65000.18,65000.08,64999.98,64999.880000000005,64999.780000000006,64999.68,64999.58,64999.48]",65000.380000000005,"[0.001,0.002,0.003,0.004,0.005,0.006,0.007,0.008,0.009000000000000001,0.01]",0.001,148,mock,InstrumentType.Spot,608020464,mock,BTC-USDT
2199944884,0,0,1783610795976731580,101,depth,"[65000.59,65000.689999999995,65000.79,65000.89,65000.99,65001.09,65001.189999999995,65001.29,65001.39,65001.49]",65000.59,"[0.001,0.002,0.003,0.004,0.005,0.006,0.007,0.008,0.009000000000000001,0.01]",0.001,"[65000.39,65000.29,65000.189999999995,65000.09,64999.99,64999.89,64999.79,64999.689999999995,64999.59,64999.49]",65000.39,"[0.001,0.002,0.003,0.004,0.005,0.006,0.007,0.008,0.009000000000000001,0.01]",0.001,149,mock,InstrumentType.Spot,609177808,mock,BTC-USDT
2199944884,0,0,1783610795977030817,101,depth,"[65000.6,65000.7,65000.8,65000.9,65001.0,65001.1,65001.2,65001.3,65001.4,65001.5]",65000.6,"[0.001,0.002,0.003,0.004,0.005,0.006,0.007,0.008,0.009000000000000001,0.01]",0.001,"[65000.4,65000.3,65000.2,65000.1,65000.0,64999.9,64999.8,64999.7,64999.6,64999.5]",65000.4,"[0.001,0.002,0.003,0.004,0.005,0.006,0.007,0.008,0.009000000000000001,0.01]",0.001,150,mock,InstrumentType.Spot,608975392,mock,BTC-USDT
2199944884,0,0,1783610795977330955,101,depth,"[65000.61,65000.71,65000.810000000005,65000.91,65001.01,65001.11,65001.21,65001.310000000005,65001.41,65001.51]",65000.61,"[0.001,0.002,0.003,0.004,0.005,0.006,0.007,0.008,0.009000000000000001,0.01]",0.001,"[65000.41,65000.310000000005,65000.21,65000.11,65000.01,64999.91,64999.810000000005,64999.71,64999.61,64999.51]",65000.41,"[0.001,0.002,0.003,0.004,0.005,0.006,0.007,0.008,0.009000000000000001,0.01]",0.001,151,mock,InstrumentType.Spot,608488384,mock,BTC-USDT
2199944884,0,0,1783610795977629847,101,depth,"[65000.619999999995,65000.719999999994,65000.82,65000.92,65001.02,65001.119999999995,65001.219999999994,65001.32,65001.42,65001.52]",65000.619999999995,"[0.001,0.002,0.003,0.004,0.005,0.006,0.007,0.008,0.009000000000000001,0.01]",0.001,"[65000.42,65000.32,65000.219999999994,65000.119999999995,65000.02,64999.92,64999.82,64999.719999999994,64999.619999999995,64999.52]",65000.42,"[0.001,0.002,0.003,0.004,0.005,0.006,0.007,0.008,0.009000000000000001,0.01]",0.001,152,mock,InstrumentType.Spot,609398896,mock,BTC-USDT
2199944884,0,0,1783610795977986171,101,depth,"[65000.63,65000.729999999996,65000.83,65000.93,65001.03,65001.13,65001.229999999996,65001.33,65001.43,65001.53]",65000.63,"[0.001,0.002,0.003,0.004,0.005,0.006,0.007,0.008,0.009000000000000001,0.01]",0.001,"[65000.43,65000.33,65000.229999999996,65000.13,65000.03,64999.93,64999.83,64999.729999999996,64999.63,64999.53]",65000.43,"[0.001,0.002,0.003,0.004,0.005,0.006,0.007,0.008,0.009000000000000001,0.01]",0.001,153,mock,InstrumentType.Spot,609503184,mock,BTC-USDT
2199944884,0,0,1783610795978231277,101,depth,"[65000.64,65000.74,65000.840000000004,65000.94,65001.04,65001.14,65001.24,65001.340000000004,65001.44,65001.54]",65000.64,"[0.001,0.002,0.003,0.004,0.005,0.006,0.007,0.008,0.009000000000000001,0.01]",0.001,"[65000.44,65000.340000000004,65000.24,65000.14,65000.04,64999.94,64999.840000000004,64999.74,64999.64,64999.54]",65000.44,"[0.001,0.002,0.003,0.004,0.005,0.006,0.007,0.008,0.009000000000000001,0.01]",0.001,154,mock,InstrumentType.Spot,609854576,mock,BTC-USDT
2199944884,0,0,1783610795978531033,101,depth,"[65000.65,65000.75,65000.850000000006,65000.950000000004,65001.05,65001.15,65001.25,65001.350000000006,65001.450000000004,65001.55]",65000.65,"[0.001,0.002,0.003,0.004,0.005,0.006,0.007,0.008,0.009000000000000001,0.01]",0.001,"[65000.450000000004,65000.350000000006,65000.25,65000.15,65000.05,64999.950000000004,64999.850000000006,64999.75,64999.65,64999.55]",65000.450000000004,"[0.001,0.002,0.003,0.004,0.005,0.006,0.007,0.008,0.009000000000000001,0.01]",0.001,155,mock,InstrumentType.Spot,611473840,mock,BTC-USDT
2199944884,0,0,1783610795978831082,101,depth,"[65000.659999999996,65000.759999999995,65000.86,65000.96,65001.06,65001.159999999996,65001.259999999995,65001.36,65001.46,65001.56]",65000.659999999996,"[0.001,0.002,0.003,0.004,0.005,0.006,0.007,0.008,0.009000000000000001,0.01]",0.001,"[65000.46,65000.36,65000.259999999995,65000.159999999996,65000.06,64999.96,64999.86,64999.759999999995,64999.659999999996,64999.56]",65000.46,"[0.001,0.002,0.003,0.004,0.005,0.006,0.007,0.008,0.009000000000000001,0.01]",0.001,156,mock,InstrumentType.Spot,611592896,mock,BTC-USDT
2199944884,0,0,1783610795979131209,101,depth,"[65000.67,65000.77,65000.87,65000.97,65001.07,65001.17,65001.27,65001.37,65001.47,65001.57]",65000.67,"[0.001,0.002,0.003,0.004,0.005,0.006,0.007,0.008,0.009000000000000001,0.01]",0.001,"[65000.47,65000.37,65000.27,65000.17,65000.07,64999.97,64999.87,64999.77,64999.67,64999.57]",65000.47,"[0.001,0.002,0.003,0.004,0.005,0.006,0.007,0.008,0.009000000000000001,0.01]",0.001,157,mock,InstrumentType.Spot,611642416,mock,BTC-USDT
2199944884,0,0,1783610795979431097,101,depth,"[65000.68,65000.78,65000.880000000005,65000.98,65001.08,65001.18,65001.28,65001.380000000005,65001.48,65001.58]",65000.68,"[0.001,0.002,0.003,0.004,0.005,0.006,0.007,0.008,0.009000000000000001,0.01]",0.001,"[65000.48,65000.380000000005,65000.28,65000.18,65000.08,64999.98,64999.880000000005,64999.78,64999.68,64999.58]",65000.48,"[0.001,0.002,0.003,0.004,0.005,0.006,0.007,0.008,0.009000000000000001,0.01]",0.001,158,mock,InstrumentType.Spot,611884816,mock,BTC-USDT
2199944884,0,0,1783610795979730964,101,depth,"[65000.689999999995,65000.78999999999,65000.89,65000.99,65001.09,65001.189999999995,65001.28999999999,65001.39,65001.49,65001.59]",65000.689999999995,"[0.001,0.002,0.003,0.004,0.005,0.006,0.007,0.008,0.009000000000000001,0.01]",0.001,"[65000.49,65000.39,65000.28999999999,65000.189999999995,65000.09,64999.99,64999.89,64999.78999999999,64999.689999999995,64999.59]",65000.49,"[0.001,0.002,0.003,0.004,0.005,0.006,0.007,0.008,0.009000000000000001,0.01]",0.001,159,mock,InstrumentType.Spot,612097616,mock,BTC-USDT
2199944884,0,0,1783610795980030893,101,depth,"[65000.7,65000.799999999996,65000.9,65001.0,65001.1,65001.2,65001.299999999996,65001.4,65001.5,65001.6]",65000.7,"[0.001,0.002,0.003,0.004,0.005,0.006,0.007,0.008,0.009000000000000001,0.01]",0.001,"[65000.5,65000.4,65000.299999999996,65000.2,65000.1,65000.0,64999.9,64999.799999999996,64999.7,64999.6]",65000.5,"[0.001,0.002,0.003,0.004,0.005,0.006,0.007,0.008,0.009000000000000001,0.01]",0.001,160,mock,InstrumentType.Spot,605270880,mock,BTC-USDT
2199944884,0,0,1783610795980330546,101,depth,"[65000.71,65000.81,65000.91,65001.01,65001.11,65001.21,65001.31,65001.41,65001.51,65001.61]",65000.71,"[0.001,0.002,0.003,0.004,0.005,0.006,0.007,0.008,0.009000000000000001,0.01]",0.001,"[65000.51,65000.41,65000.31,65000.21,65000.11,65000.01,64999.91,64999.81,64999.71,64999.61]",65000.51,"[0.001,0.002,0.003,0.004,0.005,0.006,0.007,0.008,0.009000000000000001,0.01]",0.001,161,mock,InstrumentType.Spot,605797808,mock,BTC-USDT
2199944884,0,0,1783610795980630191,101,depth,"[65000.72,65000.82,65000.920000000006,65001.020000000004,65001.12,65001.22,65001.32,65001.420000000006,65001.520000000004,65001.62]",65000.72,"[0.001,0.002,0.003,0.004,0.005,0.006,0.007,0.008,0.009000000000000001,0.01]",0.001,"[65000.520000000004,65000.420000000006,65000.32,65000.22,65000.12,65000.020000000004,64999.920000000006,64999.82,64999.72,64999.62]",65000.520000000004,"[0.001,0.002,0.003,0.004,0.005,0.006,0.007,0.008,0.009000000000000001,0.01]",0.001,162,mock,InstrumentType.Spot,605935968,mock,BTC-USDT
2199944884,0,0,1783610795980941427,101,depth,"[65000.729999999996,65000.829999999994,65000.93,65001.03,65001.13,65001.229999999996,65001.329999999994,65001.43,65001.53,65001.63]",65000.729999999996,"[0.001,0.002,0.003,0.004,0.005,0.006,0.007,0.008,0.009000000000000001,0.01]",0.001,"[65000.53,65000.43,65000.329999999994,65000.229999999996,65000.13,65000.03,64999.93,64999.829999999994,64999.729999999996,64999.63]",65000.53,"[0.001,0.002,0.003,0.004,0.005,0.006,0.007,0.008,0.009000000000000001,0.01]",0.001,163,mock,InstrumentType.Spot,606588544,mock,BTC-USDT
2199944884,0,0,1783610795981229958,101,depth,"[65000.74,65000.84,65000.94,65001.04,65001.14,65001.24,65001.34,65001.44,65001.54,65001.64]",65000.74,"[0.001,0.002,0.003,0.004,0.005,0.006,0.007,0.008,0.009000000000000001,0.01]",0.001,"[65000.54,65000.44,65000.34,65000.24,65000.14,65000.04,64999.94,64999.84,64999.74,64999.64]",65000.54,"[0.001,0.002,0.003,0.004,0.005,0.006,0.007,0.008,0.009000000000000001,0.01]",0.001,164,mock,InstrumentType.Spot,606733984,mock,BTC-USDT
2199944884,0,0,1783610795981530928,101,depth,"[65000.75,65000.85,65000.950000000004,65001.05,65001.15,65001.25,65001.35,65001.450000000004,65001.55,65001.65]",65000.75,"[0.001,0.002,0.003,0.004,0.005,0.006,0.007,0.008,0.009000000000000001,0.01]",0.001,"[65000.55,65000.450000000004,65000.35,65000.25,65000.15,65000.05,64999.950000000004,64999.85,64999.75,64999.65]",65000.55,"[0.001,0.002,0.003,0.004,0.005,0.006,0.007,0.008,0.009000000000000001,0.01]",0.001,165,mock,InstrumentType.Spot,607205040,mock,BTC-USDT
2199944884,0,0,1783610795981830465,101,depth,"[65000.76,65000.86,65000.96000000001,65001.060000000005,65001.16,65001.26,65001.36,65001.46000000001,65001.560000000005,65001.66]",65000.76,"[0.001,0.002,0.003,0.004,0.005,0.006,0.007,0.008,0.009000000000000001,0.01]",0.001,"[65000.560000000005,65000.46000000001,65000.36,65000.26,65000.16,65000.060000000005,64999.96000000001,64999.86,64999.76,64999.66]",65000.560000000005,"[0.001,0.002,0.003,0.004,0.005,0.006,0.007,0.008,0.009000000000000001,0.01]",0.001,166,mock,InstrumentType.Spot,607533856,mock,BTC-USDT
2199944884,0,0,1783610795982129478,101,depth,"[65000.77,65000.869999999995,65000.97,65001.07,65001.17,65001.27,65001.369999999995,65001.47,65001.57,65001.67]",65000.77,"[0.001,0.002,0.003,0.004,0.005,0.006,0.007,0.008,0.009000000000000001,0.01]",0.001,"[65000.57,65000.47,65000.369999999995,65000.27,65000.17,65000.07,64999.97,64999.869999999995,64999.77,64999.67]",65000.57,"[0.001,0.002,0.003,0.004,0.005,0.006,0.007,0.008,0.009000000000000001,0.01]",0.001,167,mock,InstrumentType.Spot,608593200,mock,BTC-USDT
2199944884,0,0,1783610795982430071,101,depth,"[65000.78,65000.88,65000.98,65001.08,65001.18,65001.28,65001.38,65001.48,65001.58,65001.68]",65000.78,"[0.001,0.002,0.003,0.004,0.005,0.006,0.007,0.008,0.009000000000000001,0.01]",0.001,"[65000.58,65000.48,65000.38,65000.28,65000.18,65000.08,64999.98,64999.88,64999.78,64999.68]",65000.58,"[0.001,0.002,0.003,0.004,0.005,0.006,0.007,0.008,0.009000000000000001,0.01]",0.001,168,mock,InstrumentType.Spot,611063904,mock,BTC-USDT
2199944884,0,0,1783610795982729927,101,depth,"[65000.79,65000.89,65000.990000000005,65001.090000000004,65001.19,65001.29,65001.39,65001.490000000005,65001.590000000004,65001.69]",65000.79,"[0.001,0.002,0.003,0.004,0.005,0.006,0.007,0.008,0.009000000000000001,0.01]",0.001,"[65000.590000000004,65000.490000000005,65000.39,65000.29,65000.19,65000.090000000004,64999.990000000005,64999.89,64999.79,64999.69]",65000.590000000004,"[0.001,0.002,0.003,0.004,0.005,0.006,0.007,0.008,0.009000000000000001,0.01]",0.001,169,mock,InstrumentType.Spot,611086528,mock,BTC-USDT
2199944884,0,0,1783610795983028971,101,depth,"[65000.799999999996,65000.899999999994,65001.0,65001.1,65001.2,65001.299999999996,65001.399999999994,65001.5,65001.6,65001.7]",65000.799999999996,"[0.001,0.002,0.003,0.004,0.005,0.006,0.007,0.008,0.009000000000000001,0.01]",0.001,"[65000.6,65000.5,65000.399999999994,65000.299999999996,65000.2,65000.1,65000.0,64999.899999999994,64999.799999999996,64999.7]",65000.6,"[0.001,0.002,0.003,0.004,0.005,0.006,0.007,0.008,0.009000000000000001,0.01]",0.001,170,mock,InstrumentType.Spot,611371312,mock,BTC-USDT
2199944884,0,0,1783610795983329596,101,depth,"[65000.81,65000.909999999996,65001.01,65001.11,65001.21,65001.31,65001.409999999996,65001.51,65001.61,65001.71]",65000.81,"[0.001,0.002,0.003,0.004,0.005,0.006,0.007,0.008,0.009000000000000001,0.01]",0.001,"[65000.61,65000.51,65000.409999999996,65000.31,65000.21,65000.11,65000.01,64999.909999999996,64999.81,64999.71]",65000.61,"[0.001,0.002,0.003,0.004,0.005,0.006,0.007,0.008,0.009000000000000001,0.01]",0.001,171,mock,InstrumentType.Spot,611535760,mock,BTC-USDT
2199944884,0,0,1783610795983640145,101,depth,"[65000.82,65000.92,65001.020000000004,65001.12,65001.22,65001.32,65001.42,65001.520000000004,65001.62,65001.72]",65000.82,"[0.001,0.002,0.003,0.004,0.005,0.006,0.007,0.008,0.009000000000000001,0.01]",0.001,"[65000.62,65000.520000000004,65000.42,65000.32,65000.22,65000.12,65000.020000000004,64999.92,64999.82,64999.72]",65000.62,"[0.001,0.002,0.003,0.004,0.005,0.006,0.007,0.008,0.009000000000000001,0.01]",0.001,172,mock,InstrumentType.Spot,611797328,mock,BTC-USDT
2199944884,0,0,1783610795983950618,101,depth,"[65000.83,65000.93,65001.030000000006,65001.130000000005,65001.23,65001.33,65001.43,65001.530000000006,65001.630000000005,65001.73]",65000.83,"[0.001,0.002,0.003,0.004,0.005,0.006,0.007,0.008,0.009000000000000001,0.01]",0.001,"[65000.630000000005,65000.530000000006,65000.43,65000.33,65000.23,65000.130000000005,65000.030000000006,64999.93,64999.83,64999.73]",65000.630000000005,"[0.001,0.002,0.003,0.004,0.005,0.006,0.007,0.008,0.009000000000000001,0.01]",0.001,173,mock,InstrumentType.Spot,611818688,mock,BTC-USDT
2199944884,0,0,1783610795984230307,101,depth,"[65000.84,65000.939999999995,65001.04,65001.14,65001.24,65001.34,65001.439999999995,65001.54,65001.64,65001.74]",65000.84,"[0.001,0.002,0.003,0.004,0.005,0.006,0.007,0.008,0.009000000000000001,0.01]",0.001,"[65000.64,65000.54,65000.439999999995,65000.34,65000.24,65000.14,65000.04,64999.939999999995,64999.84,64999.74]",65000.64,"[0.001,0.002,0.003,0.004,0.005,0.006,0.007,0.008,0.009000000000000001,0.01]",0.001,174,mock,InstrumentType.Spot,612264912,mock,BTC-USDT
2199944884,0,0,1783610795984529000,101,depth,"[65000.85,65000.95,65001.05,65001.15,65001.25,65001.35,65001.45,65001.55,65001.65,65001.75]",65000.85,"[0.001,0.002,0.003,0.004,0.005,0.006,0.007,0.008,0.009000000000000001,0.01]",0.001,"[65000.65,65000.55,65000.45,65000.35,65000.25,65000.15,65000.05,64999.95,64999.85,64999.75]",65000.65,"[0.001,0.002,0.003,0.004,0.005,0.006,0.007,0.008,0.009000000000000001,0.01]",0.001,175,mock,InstrumentType.Spot,612152224,mock,BTC-USDT
2199944884,0,0,1783610795984829728,101,depth,"[65000.86,65000.96,65001.060000000005,65001.16,65001.26,65001.36,65001.46,65001.560000000005,65001.66,65001.76]",65000.86,"[0.001,0.002,0.003,0.004,0.005,0.006,0.007,0.008,0.009000000000000001,0.01]",0.001,"[65000.66,65000.560000000005,65000.46,65000.36,65000.26,65000.16,65000.060000000005,64999.96,64999.86,64999.76]",65000.66,"[0.001,0.002,0.003,0.004,0.005,0.006,0.007,0.008,0.009000000000000001,0.01]",0.001,176,mock,InstrumentType.Spot,612764432,mock,BTC-USDT
2199944884,0,0,1783610795985129666,101,depth,"[65000.869999999995,65000.969999999994,65001.07,65001.17,65001.27,65001.369999999995,65001.469999999994,65001.57,65001.67,65001.77]",65000.869999999995,"[0.001,0.002,0.003,0.004,0.005,0.006,0.007,0.008,0.009000000000000001,0.01]",0.001,"[65000.67,65000.57,65000.469999999994,65000.369999999995,65000.27,65000.17,65000.07,64999.969999999994,64999.869999999995,64999.77]",65000.67,"[0.001,0.002,0.003,0.004,0.005,0.006,0.007,0.008,0.009000000000000001,0.01]",0.001,177,mock,InstrumentType.Spot,612805520,mock,BTC-USDT
2199944884,0,0,1783610795985429107,101,depth,"[65000.88,65000.979999999996,65001.08,65001.18,65001.28,65001.38,65001.479999999996,65001.58,65001.68,65001.78]",65000.88,"[0.001,0.002,0.003,0.004,0.005,0.006,0.007,0.008,0.009000000000000001,0.01]",0.001,"[65000.68,65000.58,65000.479999999996,65000.38,65000.28,65000.18,65000.08,64999.979999999996,64999.88,64999.78]",65000.68,"[0.001,0.002,0.003,0.004,0.005,0.006,0.007,0.008,0.009000000000000001,0.01]",0.001,178,mock,InstrumentType.Spot,612567648,mock,BTC-USDT
2199944884,0,0,1783610795985728681,101,depth,"[65000.89,65000.99,65001.090000000004,65001.19,65001.29,65001.39,65001.49,65001.590000000004,65001.69,65001.79]",65000.89,"[0.001,0.002,0.003,0.004,0.005,0.006,0.007,0.008,0.009000000000000001,0.01]",0.001,"[65000.69,65000.590000000004,65000.49,65000.39,65000.29,65000.19,65000.090000000004,64999.99,64999.89,64999.79]",65000.69,"[0.001,0.002,0.003,0.004,0.005,0.006,0.007,0.008,0.009000000000000001,0.01]",0.001,179,mock,InstrumentType.Spot,601513312,mock,BTC-USDT
2199944884,0,0,1783610795986029763,101,depth,"[65000.9,65001.0,65001.100000000006,65001.200000000004,65001.3,65001.4,65001.5,65001.600000000006,65001.700000000004,65001.8]",65000.9,"[0.001,0.002,0.003,0.004,0.005,0.006,0.007,0.008,0.009000000000000001,0.01]",0.001,"[65000.700000000004,65000.600000000006,65000.5,65000.4,65000.3,65000.200000000004,65000.100000000006,65000.0,64999.9,64999.8]",65000.700000000004,"[0.001,0.002,0.003,0.004,0.005,0.006,0.007,0.008,0.009000000000000001,0.01]",0.001,180,mock,InstrumentType.Spot,612863584,mock,BTC-USDT
2199944884,0,0,1783610795986329659,101,depth,"[65000.909999999996,65001.009999999995,65001.11,65001.21,65001.31,65001.409999999996,65001.509999999995,65001.61,65001.71,65001.81]",65000.909999999996,"[0.001,0.002,0.003,0.004,0.005,0.006,0.007,0.008,0.009000000000000001,0.01]",0.001,"[65000.71,65000.61,65000.509999999995,65000.409999999996,65000.31,65000.21,65000.11,65000.009999999995,64999.909999999996,64999.81]",65000.71,"[0.001,0.002,0.003,0.004,0.005,0.006,0.007,0.008,0.009000000000000001,0.01]",0.001,181,mock,InstrumentType.Spot,612618928,mock,BTC-USDT
2199944884,0,0,1783610795986636919,101,depth,"[65000.92,65001.02,65001.12,65001.22,65001.32,65001.42,65001.52,65001.62,65001.72,65001.82]",65000.92,"[0.001,0.002,0.003,0.004,0.005,0.006,0.007,0.008,0.009000000000000001,0.01]",0.001,"[65000.72,65000.62,65000.52,65000.42,65000.32,65000.22,65000.12,65000.02,64999.92,64999.82]",65000.72,"[0.001,0.002,0.003,0.004,0.005,0.006,0.007,0.008,0.009000000000000001,0.01]",0.001,182,mock,InstrumentType.Spot,612871568,mock,BTC-USDT
2199944884,0,0,1783610795986930350,101,depth,"[65000.93,65001.03,65001.130000000005,65001.23,65001.33,65001.43,65001.53,65001.630000000005,65001.73,65001.83]",65000.93,"[0.001,0.002,0.003,0.004,0.005,0.006,0.007,0.008,0.009000000000000001,0.01]",0.001,"[65000.73,65000.630000000005,65000.53,65000.43,65000.33,65000.23,65000.130000000005,65000.03,64999.93,64999.83]",65000.73,"[0.001,0.002,0.003,0.004,0.005,0.006,0.007,0.008,0.009000000000000001,0.01]",0.001,183,mock,InstrumentType.Spot,612871984,mock,BTC-USDT
2199944884,0,0,1783610795987244153,101,depth,"[65000.939999999995,65001.03999999999,65001.14,65001.24,65001.34,65001.439999999995,65001.53999999999,65001.64,65001.74,65001.84]",65000.939999999995,"[0.001,0.002,0.003,0.004,0.005,0.006,0.007,0.008,0.009000000000000001,0.01]",0.001,"[65000.74,65000.64,65000.53999999999,65000.439999999995,65000.34,65000.24,65000.14,65000.03999999999,64999.939999999995,64999.84]",65000.74,"[0.001,0.002,0.003,0.004,0.005,0.006,0.007,0.008,0.009000000000000001,0.01]",0.001,184,mock,InstrumentType.Spot,612872400,mock,BTC-USDT
2199944884,0,0,1783610795987528754,101,depth,"[65000.95,65001.049999999996,65001.15,65001.25,65001.35,65001.45,65001.549999999996,65001.65,65001.75,65001.85]",65000.95,"[0.001,0.002,0.003,0.004,0.005,0.006,0.007,0.008,0.009000000000000001,0.01]",0.001,"[65000.75,65000.65,65000.549999999996,65000.45,65000.35,65000.25,65000.15,65000.049999999996,64999.95,64999.85]",65000.75,"[0.001,0.002,0.003,0.004,0.005,0.006,0.007,0.008,0.009000000000000001,0.01]",0.001,185,mock,InstrumentType.Spot,612872816,mock,BTC-USDT
2199944884,0,0,1783610795987830208,101,depth,"[65000.96,65001.06,65001.16,65001.26,65001.36,65001.46,65001.56,65001.66,65001.76,65001.86]",65000.96,"[0.001,0.002,0.003,0.004,0.005,0.006,0.007,0.008,0.009000000000000001,0.01]",0.001,"[65000.76,65000.66,65000.56,65000.46,65000.36,65000.26,65000.16,65000.06,64999.96,64999.86]",65000.76,"[0.001,0.002,0.003,0.004,0.005,0.006,0.007,0.008,0.009000000000000001,0.01]",0.001,186,mock,InstrumentType.Spot,612873232,mock,BTC-USDT
2199944884,0,0,1783610795988130279,101,depth,"[65000.97,65001.07,65001.170000000006,65001.270000000004,65001.37,65001.47,65001.57,65001.670000000006,65001.770000000004,65001.87]",65000.97,"[0.001,0.002,0.003,0.004,0.005,0.006,0.007,0.008,0.009000000000000001,0.01]",0.001,"[65000.770000000004,65000.670000000006,65000.57,65000.47,65000.37,65000.270000000004,65000.170000000006,65000.07,64999.97,64999.87]",65000.770000000004,"[0.001,0.002,0.003,0.004,0.005,0.006,0.007,0.008,0.009000000000000001,0.01]",0.001,187,mock,InstrumentType.Spot,612873648,mock,BTC-USDT
2199944884,0,0,1783610795988429089,101,depth,"[65000.979999999996,65001.079999999994,65001.18,65001.28,65001.38,65001.479999999996,65001.579999999994,65001.68,65001.78,65001.88]",65000.979999999996,"[0.001,0.002,0.003,0.004,0.005,0.006,0.007,0.008,0.009000000000000001,0.01]",0.001,"[65000.78,65000.68,65000.579999999994,65000.479999999996,65000.38,65000.28,65000.18,65000.079999999994,64999.979999999996,64999.88]",65000.78,"[0.001,0.002,0.003,0.004,0.005,0.006,0.007,0.008,0.009000000000000001,0.01]",0.001,188,mock,InstrumentType.Spot,612874064,mock,BTC-USDT
2199944884,0,0,1783610795988730070,101,depth,"[65000.99,65001.09,65001.19,65001.29,65001.39,65001.49,65001.59,65001.69,65001.79,65001.89]",65000.99,"[0.001,0.002,0.003,0.004,0.005,0.006,0.007,0.008,0.009000000000000001,0.01]",0.001,"[65000.79,65000.69,65000.59,65000.49,65000.39,65000.29,65000.19,65000.09,64999.99,64999.89]",65000.79,"[0.001,0.002,0.003,0.004,0.005,0.006,0.007,0.008,0.009000000000000001,0.01]",0.001,189,mock,InstrumentType.Spot,612874480,mock,BTC-USDT
2199944884,0,0,1783610795989030224,101,depth,"[65001.0,65001.1,65001.200000000004,65001.3,65001.4,65001.5,65001.6,65001.700000000004,65001.8,65001.9]",65001.0,"[0.001,0.002,0.003,0.004,0.005,0.006,0.007,0.008,0.009000000000000001,0.01]",0.001,"[65000.8,65000.700000000004,65000.6,65000.5,65000.4,65000.3,65000.200000000004,65000.1,65000.0,64999.9]",65000.8,"[0.001,0.002,0.003,0.004,0.005,0.006,0.007,0.008,0.009000000000000001,0.01]",0.001,190,mock,InstrumentType.Spot,612874896,mock,BTC-USDT
2199944884,0,0,1783610795989340161,101,depth,"[65001.01,65001.11,65001.21000000001,65001.310000000005,65001.41,65001.51,65001.61,65001.71000000001,65001.810000000005,65001.91]",65001.01,"[0.001,0.002,0.003,0.004,0.005,0.006,0.007,0.008,0.009000000000000001,0.01]",0.001,"[65000.810000000005,65000.71000000001,65000.61,65000.51,65000.41,65000.310000000005,65000.21000000001,65000.11,65000.01,64999.91]",65000.810000000005,"[0.001,0.002,0.003,0.004,0.005,0.006,0.007,0.008,0.009000000000000001,0.01]",0.001,191,mock,InstrumentType.Spot,612875312,mock,BTC-USDT
2199944884,0,0,1783610795989630296,101,depth,"[65001.02,65001.119999999995,65001.22,65001.32,65001.42,65001.52,65001.619999999995,65001.72,65001.82,65001.92]",65001.02,"[0.001,0.002,0.003,0.004,0.005,0.006,0.007,0.008,0.009000000000000001,0.01]",0.001,"[65000.82,65000.72,65000.619999999995,65000.52,65000.42,65000.32,65000.22,65000.119999999995,65000.02,64999.92]",65000.82,"[0.001,0.002,0.003,0.004,0.005,0.006,0.007,0.008,0.009000000000000001,0.01]",0.001,192,mock,InstrumentType.Spot,612875728,mock,BTC-USDT
2199944884,0,0,1783610795989929122,101,depth,"[65001.03,65001.13,65001.23,65001.33,65001.43,65001.53,65001.63,65001.73,65001.83,65001.93]",65001.03,"[0.001,0.002,0.003,0.004,0.005,0.006,0.007,0.008,0.009000000000000001,0.01]",0.001,"[65000.83,65000.73,65000.63,65000.53,65000.43,65000.33,65000.23,65000.13,65000.03,64999.93]",65000.83,"[0.001,0.002,0.003,0.004,0.005,0.006,0.007,0.008,0.009000000000000001,0.01]",0.001,193,mock,InstrumentType.Spot,612876144,mock,BTC-USDT
2199944884,0,0,1783610795990230372,101,depth,"[65001.04,65001.14,65001.240000000005,65001.340000000004,65001.44,65001.54,65001.64,65001.740000000005,65001.840000000004,65001.94]",65001.04,"[0.001,0.002,0.003,0.004,0.005,0.006,0.007,0.008,0.009000000000000001,0.01]",0.001,"[65000.840000000004,65000.740000000005,65000.64,65000.54,65000.44,65000.340000000004,65000.240000000005,65000.14,65000.04,64999.94]",65000.840000000004,"[0.001,0.002,0.003,0.004,0.005,0.006,0.007,0.008,0.009000000000000001,0.01]",0.001,194,mock,InstrumentType.Spot,612876560,mock,BTC-USDT
2199944884,0,0,1783610795990528949,101,depth,"[65001.049999999996,65001.149999999994,65001.25,65001.35,65001.45,65001.549999999996,65001.649999999994,65001.75,65001.85,65001.95]",65001.049999999996,"[0.001,0.002,0.003,0.004,0.005,0.006,0.007,0.008,0.009000000000000001,0.01]",0.001,"[65000.85,65000.75,65000.649999999994,65000.549999999996,65000.45,65000.35,65000.25,65000.149999999994,65000.049999999996,64999.95]",65000.85,"[0.001,0.002,0.003,0.004,0.005,0.006,0.007,0.008,0.009000000000000001,0.01]",0.001,195,mock,InstrumentType.Spot,612876976,mock,BTC-USDT
2199944884,0,0,1783610795990830020,101,depth,"[65001.06,65001.159999999996,65001.26,65001.36,65001.46,65001.56,65001.659999999996,65001.76,65001.86,65001.96]",65001.06,"[0.001,0.002,0.003,0.004,0.005,0.006,0.007,0.008,0.009000000000000001,0.01]",0.001,"[65000.86,65000.76,65000.659999999996,65000.56,65000.46,65000.36,65000.26,65000.159999999996,65000.06,64999.96]",65000.86,"[0.001,0.002,0.003,0.004,0.005,0.006,0.007,0.008,0.009000000000000001,0.01]",0.001,196,mock,InstrumentType.Spot,612877392,mock,BTC-USDT
2199944884,0,0,1783610795991130261,101,depth,"[65001.07,65001.17,65001.270000000004,65001.37,65001.47,65001.57,65001.67,65001.770000000004,65001.87,65001.97]",65001.07,"[0.001,0.002,0.003,0.004,0.005,0.006,0.007,0.008,0.009000000000000001,0.01]",0.001,"[65000.87,65000.770000000004,65000.67,65000.57,65000.47,65000.37,65000.270000000004,65000.17,65000.07,64999.97]",65000.87,"[0.001,0.002,0.003,0.004,0.005,0.006,0.007,0.008,0.009000000000000001,0.01]",0.001,197,mock,InstrumentType.Spot,612877808,mock,BTC-USDT
2199944884,0,0,1783610795991428503,101,depth,"[65001.08,65001.18,65001.280000000006,65001.380000000005,65001.48,65001.58,65001.68,65001.780000000006,65001.880000000005,65001.98]",65001.08,"[0.001,0.002,0.003,0.004,0.005,0.006,0.007,0.008,0.009000000000000001,0.01]",0.001,"[65000.880000000005,65000.780000000006,65000.68,65000.58,65000.48,65000.380000000005,65000.280000000006,65000.18,65000.08,64999.98]",65000.880000000005,"[0.001,0.002,0.003,0.004,0.005,0.006,0.007,0.008,0.009000000000000001,0.01]",0.001,198,mock,InstrumentType.Spot,612878224,mock,BTC-USDT
2199944884,0,0,1783610795991729503,101,depth,"[65001.09,65001.189999999995,65001.29,65001.39,65001.49,65001.59,65001.689999999995,65001.79,65001.89,65001.99]",65001.09,"[0.001,0.002,0.003,0.004,0.005,0.006,0.007,0.008,0.009000000000000001,0.01]",0.001,"[65000.89,65000.79,65000.689999999995,65000.59,65000.49,65000.39,65000.29,65000.189999999995,65000.09,64999.99]",65000.89,"[0.001,0.002,0.003,0.004,0.005,0.006,0.007,0.008,0.009000000000000001,0.01]",0.001,199,mock,InstrumentType.Spot,612878640,mock,BTC-USDT
2199944884,0,0,1783610795992030127,101,depth,"[65000.1,65000.2,65000.3,65000.4,65000.5,65000.6,65000.7,65000.8,65000.9,65001.0]",65000.1,"[0.001,0.002,0.003,0.004,0.005,0.006,0.007,0.008,0.009000000000000001,0.01]",0.001,"[64999.9,64999.8,64999.7,64999.6,64999.5,64999.4,64999.3,64999.2,64999.1,64999.0]",64999.9,"[0.001,0.002,0.003,0.004,0.005,0.006,0.007,0.008,0.009000000000000001,0.01]",0.001,200,mock,InstrumentType.Spot,612879056,mock,BTC-USDT
2199944884,0,0,1783610795992338901,101,depth,"[65000.11,65000.21,65000.310000000005,65000.41,65000.51,65000.61,65000.71,65000.810000000005,65000.91,65001.01]",65000.11,"[0.001,0.002,0.003,0.004,0.005,0.006,0.007,0.008,0.009000000000000001,0.01]",0.001,"[64999.91,64999.810000000005,64999.71,64999.61,64999.51,64999.41,64999.310000000005,64999.21,64999.11,64999.01]",64999.91,"[0.001,0.002,0.003,0.004,0.005,0.006,0.007,0.008,0.009000000000000001,0.01]",0.001,201,mock,InstrumentType.Spot,612879472,mock,BTC-USDT
2199944884,0,0,1783610795992629923,101,depth,"[65000.119999999995,65000.219999999994,65000.32,65000.42,65000.52,65000.619999999995,65000.719999999994,65000.82,65000.92,65001.02]",65000.119999999995,"[0.001,0.002,0.003,0.004,0.005,0.006,0.007,0.008,0.009000000000000001,0.01]",0.001,"[64999.92,64999.82,64999.719999999994,64999.619999999995,64999.52,64999.42,64999.32,64999.219999999994,64999.119999999995,64999.02]",64999.92,"[0.001,0.002,0.003,0.004,0.005,0.006,0.007,0.008,0.009000000000000001,0.01]",0.001,202,mock,InstrumentType.Spot,612869952,mock,BTC-USDT
2199944884,0,0,1783610795992929842,101,depth,"[65000.13,65000.229999999996,65000.33,65000.43,65000.53,65000.63,65000.729999999996,65000.83,65000.93,65001.03]",65000.13,"[0.001,0.002,0.003,0.004,0.005,0.006,0.007,0.008,0.009000000000000001,0.01]",0.001,"[64999.93,64999.83,64999.729999999996,64999.63,64999.53,64999.43,64999.33,64999.229999999996,64999.13,64999.03]",64999.93,"[0.001,0.002,0.003,0.004,0.005,0.006,0.007,0.008,0.009000000000000001,0.01]",0.001,203,mock,InstrumentType.Spot,612870512,mock,BTC-USDT
2199944884,0,0,1783610795993228868,101,depth,"[65000.14,65000.24,65000.340000000004,65000.44,65000.54,65000.64,65000.74,65000.840000000004,65000.94,65001.04]",65000.14,"[0.001,0.002,0.003,0.004,0.005,0.006,0.007,0.008,0.009000000000000001,0.01]",0.001,"[64999.94,64999.840000000004,64999.74,64999.64,64999.54,64999.44,64999.340000000004,64999.24,64999.14,64999.04]",64999.94,"[0.001,0.002,0.003,0.004,0.005,0.006,0.007,0.008,0.009000000000000001,0.01]",0.001,204,mock,InstrumentType.Spot,612871072,mock,BTC-USDT
2199944884,0,0,1783610795993529679,101,depth,"[65000.15,65000.25,65000.350000000006,65000.450000000004,65000.55,65000.65,65000.75,65000.850000000006,65000.950000000004,65001.05]",65000.15,"[0.001,0.002,0.003,0.004,0.005,0.006,0.007,0.008,0.009000000000000001,0.01]",0.001,"[64999.950000000004,64999.850000000006,64999.75,64999.65,64999.55,64999.450000000004,64999.350000000006,64999.25,64999.15,64999.05]",64999.950000000004,"[0.001,0.002,0.003,0.004,0.005,0.006,0.007,0.008,0.009000000000000001,0.01]",0.001,205,mock,InstrumentType.Spot,612881760,mock,BTC-USDT
2199944884,0,0,1783610795993829610,101,depth,"[65000.159999999996,65000.259999999995,65000.36,65000.46,65000.56,65000.659999999996,65000.759999999995,65000.86,65000.96,65001.06]",65000.159999999996,"[0.001,0.002,0.003,0.004,0.005,0.006,0.007,0.008,0.009000000000000001,0.01]",0.001,"[64999.96,64999.86,64999.759999999995,64999.659999999996,64999.56,64999.46,64999.36,64999.259999999995,64999.159999999996,64999.06]",64999.96,"[0.001,0.002,0.003,0.004,0.005,0.006,0.007,0.008,0.009000000000000001,0.01]",0.001,206,mock,InstrumentType.Spot,612882176,mock,BTC-USDT
2199944884,0,0,1783610795994129816,101,depth,"[65000.17,65000.27,65000.37,65000.47,65000.57,65000.67,65000.77,65000.87,65000.97,65001.07]",65000.17,"[0.001,0.002,0.003,0.004,0.005,0.006,0.007,0.008,0.009000000000000001,0.01]",0.001,"[64999.97,64999.87,64999.77,64999.67,64999.57,64999.47,64999.37,64999.27,64999.17,64999.07]",64999.97,"[0.001,0.002,0.003,0.004,0.005,0.006,0.007,0.008,0.009000000000000001,0.01]",0.001,207,mock,InstrumentType.Spot,612882592,mock,BTC-USDT
2199944884,0,0,1783610795994428818,101,depth,"[65000.18,65000.28,65000.380000000005,65000.48,65000.58,65000.68,65000.78,65000.880000000005,65000.98,65001.08]",65000.18,"[0.001,0.002,0.003,0.004,0.005,0.006,0.007,0.008,0.009000000000000001,0.01]",0.001,"[64999.98,64999.880000000005,64999.78,64999.68,64999.58,64999.48,64999.380000000005,64999.28,64999.18,64999.08]",64999.98,"[0.001,0.002,0.003,0.004,0.005,0.006,0.007,0.008,0.009000000000000001,0.01]",0.001,208,mock,InstrumentType.Spot,612883008,mock,BTC-USDT
2199944884,0,0,1783610795994729264,101,depth,"[65000.189999999995,65000.28999999999,65000.39,65000.49,65000.59,65000.689999999995,65000.78999999999,65000.89,65000.99,65001.09]",65000.189999999995,"[0.001,0.002,0.003,0.004,0.005,0.006,0.007,0.008,0.009000000000000001,0.01]",0.001,"[64999.99,64999.89,64999.78999999999,64999.689999999995,64999.59,64999.49,64999.39,64999.28999999999,64999.189999999995,64999.09]",64999.99,"[0.001,0.002,0.003,0.004,0.005,0.006,0.007,0.008,0.009000000000000001,0.01]",0.001,209,mock,InstrumentType.Spot,612883424,mock,BTC-USDT
2199944884,0,0,1783610795995034661,101,depth,"[65000.2,65000.299999999996,65000.4,65000.5,65000.6,65000.7,65000.799999999996,65000.9,65001.0,65001.1]",65000.2,"[0.001,0.002,0.003,0.004,0.005,0.006,0.007,0.008,0.009000000000000001,0.01]",0.001,"[65000.0,64999.9,64999.799999999996,64999.7,64999.6,64999.5,64999.4,64999.299999999996,64999.2,64999.1]",65000.0,"[0.001,0.002,0.003,0.004,0.005,0.006,0.007,0.008,0.009000000000000001,0.01]",0.001,210,mock,InstrumentType.Spot,612883840,mock,BTC-USDT
2199944884,0,0,1783610795995328995,101,depth,"[65000.21,65000.31,65000.41,65000.51,65000.61,65000.71,65000.81,65000.91,65001.01,65001.11]",65000.21,"[0.001,0.002,0.003,0.004,0.005,0.006,0.007,0.008,0.009000000000000001,0.01]",0.001,"[65000.01,64999.91,64999.81,64999.71,64999.61,64999.51,64999.41,64999.31,64999.21,64999.11]",65000.01,"[0.001,0.002,0.003,0.004,0.005,0.006,0.007,0.008,0.009000000000000001,0.01]",0.001,211,mock,InstrumentType.Spot,612884256,mock,BTC-USDT
2199944884,0,0,1783610795995629758,101,depth,"[65000.22,65000.32,65000.420000000006,65000.520000000004,65000.62,65000.72,65000.82,65000.920000000006,65001.020000000004,65001.12]",65000.22,"[0.001,0.002,0.003,0.004,0.005,0.006,0.007,0.008,0.009000000000000001,0.01]",0.001,"[65000.020000000004,64999.920000000006,64999.82,64999.72,64999.62,64999.520000000004,64999.420000000006,64999.32,64999.22,64999.12]",65000.020000000004,"[0.001,0.002,0.003,0.004,0.005,0.006,0.007,0.008,0.009000000000000001,0.01]",0.001,212,mock,InstrumentType.Spot,612884672,mock,BTC-USDT
2199944884,0,0,1783610795995929014,101,depth,"[65000.229999999996,65000.329999999994,65000.43,65000.53,65000.63,65000.729999999996,65000.829999999994,65000.93,65001.03,65001.13]",65000.229999999996,"[0.001,0.002,0.003,0.004,0.005,0.006,0.007,0.008,0.009000000000000001,0.01]",0.001,"[65000.03,64999.93,64999.829999999994,64999.729999999996,64999.63,64999.53,64999.43,64999.329999999994,64999.229999999996,64999.13]",65000.03,"[0.001,0.002,0.003,0.004,0.005,0.006,0.007,0.008,0.009000000000000001,0.01]",0.001,213,mock,InstrumentType.Spot,612885088,mock,BTC-USDT
2199944884,0,0,1783610795996229700,101,depth,"[65000.24,65000.34,65000.44,65000.54,65000.64,65000.74,65000.84,65000.94,65001.04,65001.14]",65000.24,"[0.001,0.002,0.003,0.004,0.005,0.006,0.007,0.008,0.009000000000000001,0.01]",0.001,"[65000.04,64999.94,64999.84,64999.74,64999.64,64999.54,64999.44,64999.34,64999.24,64999.14]",65000.04,"[0.001,0.002,0.003,0.004,0.005,0.006,0.007,0.008,0.009000000000000001,0.01]",0.001,214,mock,InstrumentType.Spot,612885504,mock,BTC-USDT
2199944884,0,0,1783610795996528990,101,depth,"[65000.25,65000.35,65000.450000000004,65000.55,65000.65,65000.75,65000.85,65000.950000000004,65001.05,65001.15]",65000.25,"[0.001,0.002,0.003,0.004,0.005,0.006,0.007,0.008,0.009000000000000001,0.01]",0.001,"[65000.05,64999.950000000004,64999.85,64999.75,64999.65,64999.55,64999.450000000004,64999.35,64999.25,64999.15]",65000.05,"[0.001,0.002,0.003,0.004,0.005,0.006,0.007,0.008,0.009000000000000001,0.01]",0.001,215,mock,InstrumentType.Spot,612885920,mock,BTC-USDT
2199944884,0,0,1783610795996828584,101,depth,"[65000.26,65000.36,65000.46000000001,65000.560000000005,65000.66,65000.76,65000.86,65000.96000000001,65001.060000000005,65001.16]",65000.26,"[0.001,0.002,0.003,0.004,0.005,0.006,0.007,0.008,0.009000000000000001,0.01]",0.001,"[65000.060000000005,64999.96000000001,64999.86,64999.76,64999.66,64999.560000000005,64999.46000000001,64999.36,64999.26,64999.16]",65000.060000000005,"[0.001,0.002,0.003,0.004,0.005,0.006,0.007,0.008,0.009000000000000001,0.01]",0.001,216,mock,InstrumentType.Spot,612886336,mock,BTC-USDT
2199944884,0,0,1783610795997129573,101,depth,"[65000.27,65000.369999999995,65000.47,65000.57,65000.67,65000.77,65000.869999999995,65000.97,65001.07,65001.17]",65000.27,"[0.001,0.002,0.003,0.004,0.005,0.006,0.007,0.008,0.009000000000000001,0.01]",0.001,"[65000.07,64999.97,64999.869999999995,64999.77,64999.67,64999.57,64999.47,64999.369999999995,64999.27,64999.17]",65000.07,"[0.001,0.002,0.003,0.004,0.005,0.006,0.007,0.008,0.009000000000000001,0.01]",0.001,217,mock,InstrumentType.Spot,612886752,mock,BTC-USDT
2199944884,0,0,1783610795997428529,101,depth,"[65000.28,65000.38,65000.48,65000.58,65000.68,65000.78,65000.88,65000.98,65001.08,65001.18]",65000.28,"[0.001,0.002,0.003,0.004,0.005,0.006,0.007,0.008,0.009000000000000001,0.01]",0.001,"[65000.08,64999.98,64999.88,64999.78,64999.68,64999.58,64999.48,64999.38,64999.28,64999.18]",65000.08,"[0.001,0.002,0.003,0.004,0.005,0.006,0.007,0.008,0.009000000000000001,0.01]",0.001,218,mock,InstrumentType.Spot,612887168,mock,BTC-USDT
2199944884,0,0,1783610795997728476,101,depth,"[65000.29,65000.39,65000.490000000005,65000.590000000004,65000.69,65000.79,65000.89,65000.990000000005,65001.090000000004,65001.19]",65000.29,"[0.001,0.002,0.003,0.004,0.005,0.006,0.007,0.008,0.009000000000000001,0.01]",0.001,"[65000.090000000004,64999.990000000005,64999.89,64999.79,64999.69,64999.590000000004,64999.490000000005,64999.39,64999.29,64999.19]",65000.090000000004,"[0.001,0.002,0.003,0.004,0.005,0.006,0.007,0.008,0.009000000000000001,0.01]",0.001,219,mock,InstrumentType.Spot,612887584,mock,BTC-USDT
2199944884,0,0,1783610795998038659,101,depth,"[65000.299999999996,65000.399999999994,65000.5,65000.6,65000.7,65000.799999999996,65000.899999999994,65001.0,65001.1,65001.2]",65000.299999999996,"[0.001,0.002,0.003,0.004,0.005,0.006,0.007,0.008,0.009000000000000001,0.01]",0.001,"[65000.1,65000.0,64999.899999999994,64999.799999999996,64999.7,64999.6,64999.5,64999.399999999994,64999.299999999996,64999.2]",65000.1,"[0.001,0.002,0.003,0.004,0.005,0.006,0.007,0.008,0.009000000000000001,0.01]",0.001,220,mock,InstrumentType.Spot,612888000,mock,BTC-USDT
2199944884,0,0,1783610795998328646,101,depth,"[65000.31,65000.409999999996,65000.51,65000.61,65000.71,65000.81,65000.909999999996,65001.01,65001.11,65001.21]",65000.31,"[0.001,0.002,0.003,0.004,0.005,0.006,0.007,0.008,0.009000000000000001,0.01]",0.001,"[65000.11,65000.01,64999.909999999996,64999.81,64999.71,64999.61,64999.51,64999.409999999996,64999.31,64999.21]",65000.11,"[0.001,0.002,0.003,0.004,0.005,0.006,0.007,0.008,0.009000000000000001,0.01]",0.001,221,mock,InstrumentType.Spot,612888416,mock,BTC-USDT
2199944884,0,0,1783610795998629237,101,depth,"[65000.32,65000.42,65000.520000000004,65000.62,65000.72,65000.82,65000.92,65001.020000000004,65001.12,65001.22]",65000.32,"[0.001,0.002,0.003,0.004,0.005,0.006,0.007,0.008,0.009000000000000001,0.01]",0.001,"[65000.12,65000.020000000004,64999.92,64999.82,64999.72,64999.62,64999.520000000004,64999.42,64999.32,64999.22]",65000.12,"[0.001,0.002,0.003,0.004,0.005,0.006,0.007,0.008,0.009000000000000001,0.01]",0.001,222,mock,InstrumentType.Spot,612888832,mock,BTC-USDT
2199944884,0,0,1783610795998929799,101,depth,"[65000.33,65000.43,65000.530000000006,65000.630000000005,65000.73,65000.83,65000.93,65001.030000000006,65001.130000000005,65001.23]",65000.33,"[0.001,0.002,0.003,0.004,0.005,0.006,0.007,0.008,0.009000000000000001,0.01]",0.001,"[65000.130000000005,65000.030000000006,64999.93,64999.83,64999.73,64999.630000000005,64999.530000000006,64999.43,64999.33,64999.23]",65000.130000000005,"[0.001,0.002,0.003,0.004,0.005,0.006,0.007,0.008,0.009000000000000001,0.01]",0.001,223,mock,InstrumentType.Spot,612889248,mock,BTC-USDT
2199944884,0,0,1783610795999228750,101,depth,"[65000.34,65000.439999999995,65000.54,65000.64,65000.74,65000.84,65000.939999999995,65001.04,65001.14,65001.24]",65000.34,"[0.001,0.002,0.003,0.004,0.005,0.006,0.007,0.008,0.009000000000000001,0.01]",0.001,"[65000.14,65000.04,64999.939999999995,64999.84,64999.74,64999.64,64999.54,64999.439999999995,64999.34,64999.24]",65000.14,"[0.001,0.002,0.003,0.004,0.005,0.006,0.007,0.008,0.009000000000000001,0.01]",0.001,224,mock,InstrumentType.Spot,612889664,mock,BTC-USDT
2199944884,0,0,1783610795999528564,101,depth,"[65000.35,65000.45,65000.55,65000.65,65000.75,65000.85,65000.95,65001.05,65001.15,65001.25]",65000.35,"[0.001,0.002,0.003,0.004,0.005,0.006,0.007,0.008,0.009000000000000001,0.01]",0.001,"[65000.15,65000.05,64999.95,64999.85,64999.75,64999.65,64999.55,64999.45,64999.35,64999.25]",65000.15,"[0.001,0.002,0.003,0.004,0.005,0.006,0.007,0.008,0.009000000000000001,0.01]",0.001,225,mock,InstrumentType.Spot,612890080,mock,BTC-USDT
2199944884,0,0,1783610795999829696,101,depth,"[65000.36,65000.46,65000.560000000005,65000.66,65000.76,65000.86,65000.96,65001.060000000005,65001.16,65001.26]",65000.36,"[0.001,0.002,0.003,0.004,0.005,0.006,0.007,0.008,0.009000000000000001,0.01]",0.001,"[65000.16,65000.060000000005,64999.96,64999.86,64999.76,64999.66,64999.560000000005,64999.46,64999.36,64999.26]",65000.16,"[0.001,0.002,0.003,0.004,0.005,0.006,0.007,0.008,0.009000000000000001,0.01]",0.001,226,mock,InstrumentType.Spot,612890496,mock,BTC-USDT
2199944884,0,0,1783610796000129654,101,depth,"[65000.369999999995,65000.469999999994,65000.57,65000.67,65000.77,65000.869999999995,65000.969999999994,65001.07,65001.17,65001.27]",65000.369999999995,"[0.001,0.002,0.003,0.004,0.005,0.006,0.007,0.008,0.009000000000000001,0.01]",0.001,"[65000.17,65000.07,64999.969999999994,64999.869999999995,64999.77,64999.67,64999.57,64999.469999999994,64999.369999999995,64999.27]",65000.17,"[0.001,0.002,0.003,0.004,0.005,0.006,0.007,0.008,0.009000000000000001,0.01]",0.001,227,mock,InstrumentType.Spot,612890912,mock,BTC-USDT
2199944884,0,0,1783610796000428668,101,depth,"[65000.38,65000.479999999996,65000.58,65000.68,65000.78,65000.88,65000.979999999996,65001.08,65001.18,65001.28]",65000.38,"[0.001,0.002,0.003,0.004,0.005,0.006,0.007,0.008,0.009000000000000001,0.01]",0.001,"[65000.18,65000.08,64999.979999999996,64999.88,64999.78,64999.68,64999.58,64999.479999999996,64999.38,64999.28]",65000.18,"[0.001,0.002,0.003,0.004,0.005,0.006,0.007,0.008,0.009000000000000001,0.01]",0.001,228,mock,InstrumentType.Spot,612891328,mock,BTC-USDT
2199944884,0,0,1783610796000792542,101,depth,"[65000.39,65000.49,65000.590000000004,65000.69,65000.79,65000.89,65000.99,65001.090000000004,65001.19,65001.29]",65000.39,"[0.001,0.002,0.003,0.004,0.005,0.006,0.007,0.008,0.009000000000000001,0.01]",0.001,"[65000.19,65000.090000000004,64999.99,64999.89,64999.79,64999.69,64999.590000000004,64999.49,64999.39,64999.29]",65000.19,"[0.001,0.002,0.003,0.004,0.005,0.006,0.007,0.008,0.009000000000000001,0.01]",0.001,229,mock,InstrumentType.Spot,612891744,mock,BTC-USDT
2199944884,0,0,1783610796001030053,101,depth,"[65000.4,65000.5,65000.600000000006,65000.700000000004,65000.8,65000.9,65001.0,65001.100000000006,65001.200000000004,65001.3]",65000.4,"[0.001,0.002,0.003,0.004,0.005,0.006,0.007,0.008,0.009000000000000001,0.01]",0.001,"[65000.200000000004,65000.100000000006,65000.0,64999.9,64999.8,64999.700000000004,64999.600000000006,64999.5,64999.4,64999.3]",65000.200000000004,"[0.001,0.002,0.003,0.004,0.005,0.006,0.007,0.008,0.009000000000000001,0.01]",0.001,230,mock,InstrumentType.Spot,612892160,mock,BTC-USDT
2199944884,0,0,1783610796001328714,101,depth,"[65000.409999999996,65000.509999999995,65000.61,65000.71,65000.81,65000.909999999996,65001.009999999995,65001.11,65001.21,65001.31]",65000.409999999996,"[0.001,0.002,0.003,0.004,0.005,0.006,0.007,0.008,0.009000000000000001,0.01]",0.001,"[65000.21,65000.11,65000.009999999995,64999.909999999996,64999.81,64999.71,64999.61,64999.509999999995,64999.409999999996,64999.31]",65000.21,"[0.001,0.002,0.003,0.004,0.005,0.006,0.007,0.008,0.009000000000000001,0.01]",0.001,231,mock,InstrumentType.Spot,612625840,mock,BTC-USDT
2199944884,0,0,1783610796001629304,101,depth,"[65000.42,65000.52,65000.62,65000.72,65000.82,65000.92,65001.02,65001.12,65001.22,65001.32]",65000.42,"[0.001,0.002,0.003,0.004,0.005,0.006,0.007,0.008,0.009000000000000001,0.01]",0.001,"[65000.22,65000.12,65000.02,64999.92,64999.82,64999.72,64999.62,64999.52,64999.42,64999.32]",65000.22,"[0.001,0.002,0.003,0.004,0.005,0.006,0.007,0.008,0.009000000000000001,0.01]",0.001,232,mock,InstrumentType.Spot,612626400,mock,BTC-USDT
2199944884,0,0,1783610796001928613,101,depth,"[65000.43,65000.53,65000.630000000005,65000.73,65000.83,65000.93,65001.03,65001.130000000005,65001.23,65001.33]",65000.43,"[0.001,0.002,0.003,0.004,0.005,0.006,0.007,0.008,0.009000000000000001,0.01]",0.001,"[65000.23,65000.130000000005,65000.03,64999.93,64999.83,64999.73,64999.630000000005,64999.53,64999.43,64999.33]",65000.23,"[0.001,0.002,0.003,0.004,0.005,0.006,0.007,0.008,0.009000000000000001,0.01]",0.001,233,mock,InstrumentType.Spot,612626960,mock,BTC-USDT
2199944884,0,0,1783610796002229725,101,depth,"[65000.439999999995,65000.53999999999,65000.64,65000.74,65000.84,65000.939999999995,65001.03999999999,65001.14,65001.24,65001.34]",65000.439999999995,"[0.001,0.002,0.003,0.004,0.005,0.006,0.007,0.008,0.009000000000000001,0.01]",0.001,"[65000.24,65000.14,65000.03999999999,64999.939999999995,64999.84,64999.74,64999.64,64999.53999999999,64999.439999999995,64999.34]",65000.24,"[0.001,0.002,0.003,0.004,0.005,0.006,0.007,0.008,0.009000000000000001,0.01]",0.001,234,mock,InstrumentType.Spot,612629680,mock,BTC-USDT
2199944884,0,0,1783610796002528589,101,depth,"[65000.45,65000.549999999996,65000.65,65000.75,65000.85,65000.95,65001.049999999996,65001.15,65001.25,65001.35]",65000.45,"[0.001,0.002,0.003,0.004,0.005,0.006,0.007,0.008,0.009000000000000001,0.01]",0.001,"[65000.25,65000.15,65000.049999999996,64999.95,64999.85,64999.75,64999.65,64999.549999999996,64999.45,64999.35]",65000.25,"[0.001,0.002,0.003,0.004,0.005,0.006,0.007,0.008,0.009000000000000001,0.01]",0.001,235,mock,InstrumentType.Spot,612879888,mock,BTC-USDT
2199944884,0,0,1783610796002829109,101,depth,"[65000.46,65000.56,65000.66,65000.76,65000.86,65000.96,65001.06,65001.16,65001.26,65001.36]",65000.46,"[0.001,0.002,0.003,0.004,0.005,0.006,0.007,0.008,0.009000000000000001,0.01]",0.001,"[65000.26,65000.16,65000.06,64999.96,64999.86,64999.76,64999.66,64999.56,64999.46,64999.36]",65000.26,"[0.001,0.002,0.003,0.004,0.005,0.006,0.007,0.008,0.009000000000000001,0.01]",0.001,236,mock,InstrumentType.Spot,612880448,mock,BTC-USDT
2199944884,0,0,1783610796003130681,101,depth,"[65000.47,65000.57,65000.670000000006,65000.770000000004,65000.87,65000.97,65001.07,65001.170000000006,65001.270000000004,65001.37]",65000.47,"[0.001,0.002,0.003,0.004,0.005,0.006,0.007,0.008,0.009000000000000001,0.01]",0.001,"[65000.270000000004,65000.170000000006,65000.07,64999.97,64999.87,64999.770000000004,64999.670000000006,64999.57,64999.47,64999.37]",65000.270000000004,"[0.001,0.002,0.003,0.004,0.005,0.006,0.007,0.008,0.009000000000000001,0.01]",0.001,237,mock,InstrumentType.Spot,612881008,mock,BTC-USDT
2199944884,0,0,1783610796003428978,101,depth,"[65000.479999999996,65000.579999999994,65000.68,65000.78,65000.88,65000.979999999996,65001.079999999994,65001.18,65001.28,65001.38]",65000.479999999996,"[0.001,0.002,0.003,0.004,0.005,0.006,0.007,0.008,0.009000000000000001,0.01]",0.001,"[65000.28,65000.18,65000.079999999994,64999.979999999996,64999.88,64999.78,64999.68,64999.579999999994,64999.479999999996,64999.38]",65000.28,"[0.001,0.002,0.003,0.004,0.005,0.006,0.007,0.008,0.009000000000000001,0.01]",0.001,238,mock,InstrumentType.Spot,612901456,mock,BTC-USDT
2199944884,0,0,1783610796003740777,101,depth,"[65000.49,65000.59,65000.69,65000.79,65000.89,65000.99,65001.09,65001.19,65001.29,65001.39]",65000.49,"[0.001,0.002,0.003,0.004,0.005,0.006,0.007,0.008,0.009000000000000001,0.01]",0.001,"[65000.29,65000.19,65000.09,64999.99,64999.89,64999.79,64999.69,64999.59,64999.49,64999.39]",65000.29,"[0.001,0.002,0.003,0.004,0.005,0.006,0.007,0.008,0.009000000000000001,0.01]",0.001,239,mock,InstrumentType.Spot,612901872,mock,BTC-USDT
2199944884,0,0,1783610796004029070,101,depth,"[65000.5,65000.6,65000.700000000004,65000.8,65000.9,65001.0,65001.1,65001.200000000004,65001.3,65001.4]",65000.5,"[0.001,0.002,0.003,0.004,0.005,0.006,0.007,0.008,0.009000000000000001,0.01]",0.001,"[65000.3,65000.200000000004,65000.1,65000.0,64999.9,64999.8,64999.700000000004,64999.6,64999.5,64999.4]",65000.3,"[0.001,0.002,0.003,0.004,0.005,0.006,0.007,0.008,0.009000000000000001,0.01]",0.001,240,mock,InstrumentType.Spot,612902288,mock,BTC-USDT
2199944884,0,0,1783610796004329822,101,depth,"[65000.51,65000.61,65000.71000000001,65000.810000000005,65000.91,65001.01,65001.11,65001.21000000001,65001.310000000005,65001.41]",65000.51,"[0.001,0.002,0.003,0.004,0.005,0.006,0.007,0.008,0.009000000000000001,0.01]",0.001,"[65000.310000000005,65000.21000000001,65000.11,65000.01,64999.91,64999.810000000005,64999.71000000001,64999.61,64999.51,64999.41]",65000.310000000005,"[0.001,0.002,0.003,0.004,0.005,0.006,0.007,0.008,0.009000000000000001,0.01]",0.001,241,mock,InstrumentType.Spot,612902704,mock,BTC-USDT
2199944884,0,0,1783610796004628855,101,depth,"[65000.52,65000.619999999995,65000.72,65000.82,65000.92,65001.02,65001.119999999995,65001.22,65001.32,65001.42]",65000.52,"[0.001,0.002,0.003,0.004,0.005,0.006,0.007,0.008,0.009000000000000001,0.01]",0.001,"[65000.32,65000.22,65000.119999999995,65000.02,64999.92,64999.82,64999.72,64999.619999999995,64999.52,64999.42]",65000.32,"[0.001,0.002,0.003,0.004,0.005,0.006,0.007,0.008,0.009000000000000001,0.01]",0.001,242,mock,InstrumentType.Spot,612903120,mock,BTC-USDT
2199944884,0,0,1783610796004928805,101,depth,"[65000.53,65000.63,65000.73,65000.83,65000.93,65001.03,65001.13,65001.23,65001.33,65001.43]",65000.53,"[0.001,0.002,0.003,0.004,0.005,0.006,0.007,0.008,0.009000000000000001,0.01]",0.001,"[65000.33,65000.23,65000.13,65000.03,64999.93,64999.83,64999.73,64999.63,64999.53,64999.43]",65000.33,"[0.001,0.002,0.003,0.004,0.005,0.006,0.007,0.008,0.009000000000000001,0.01]",0.001,243,mock,InstrumentType.Spot,612903536,mock,BTC-USDT
2199944884,0,0,1783610796005228915,101,depth,"[65000.54,65000.64,65000.740000000005,65000.840000000004,65000.94,65001.04,65001.14,65001.240000000005,65001.340000000004,65001.44]",65000.54,"[0.001,0.002,0.003,0.004,0.005,0.006,0.007,0.008,0.009000000000000001,0.01]",0.001,"[65000.340000000004,65000.240000000005,65000.14,65000.04,64999.94,64999.840000000004,64999.740000000005,64999.64,64999.54,64999.44]",65000.340000000004,"[0.001,0.002,0.003,0.004,0.005,0.006,0.007,0.008,0.009000000000000001,0.01]",0.001,244,mock,InstrumentType.Spot,612903952,mock,BTC-USDT
2199944884,0,0,1783610796005529270,101,depth,"[65000.549999999996,65000.649999999994,65000.75,65000.85,65000.95,65001.049999999996,65001.149999999994,65001.25,65001.35,65001.45]",65000.549999999996,"[0.001,0.002,0.003,0.004,0.005,0.006,0.007,0.008,0.009000000000000001,0.01]",0.001,"[65000.35,65000.25,65000.149999999994,65000.049999999996,64999.95,64999.85,64999.75,64999.649999999994,64999.549999999996,64999.45]",65000.35,"[0.001,0.002,0.003,0.004,0.005,0.006,0.007,0.008,0.009000000000000001,0.01]",0.001,245,mock,InstrumentType.Spot,612904368,mock,BTC-USDT
2199944884,0,0,1783610796005829534,101,depth,"[65000.56,65000.659999999996,65000.76,65000.86,65000.96,65001.06,65001.159999999996,65001.26,65001.36,65001.46]",65000.56,"[0.001,0.002,0.003,0.004,0.005,0.006,0.007,0.008,0.009000000000000001,0.01]",0.001,"[65000.36,65000.26,65000.159999999996,65000.06,64999.96,64999.86,64999.76,64999.659999999996,64999.56,64999.46]",65000.36,"[0.001,0.002,0.003,0.004,0.005,0.006,0.007,0.008,0.009000000000000001,0.01]",0.001,246,mock,InstrumentType.Spot,612904784,mock,BTC-USDT
2199944884,0,0,1783610796006130295,101,depth,"[65000.57,65000.67,65000.770000000004,65000.87,65000.97,65001.07,65001.17,65001.270000000004,65001.37,65001.47]",65000.57,"[0.001,0.002,0.003,0.004,0.005,0.006,0.007,0.008,0.009000000000000001,0.01]",0.001,"[65000.37,65000.270000000004,65000.17,65000.07,64999.97,64999.87,64999.770000000004,64999.67,64999.57,64999.47]",65000.37,"[0.001,0.002,0.003,0.004,0.005,0.006,0.007,0.008,0.009000000000000001,0.01]",0.001,247,mock,InstrumentType.Spot,612905200,mock,BTC-USDT
2199944884,0,0,1783610796006430585,101,depth,"[65000.58,65000.68,65000.780000000006,65000.880000000005,65000.98,65001.08,65001.18,65001.280000000006,65001.380000000005,65001.48]",65000.58,"[0.001,0.002,0.003,0.004,0.005,0.006,0.007,0.008,0.009000000000000001,0.01]",0.001,"[65000.380000000005,65000.280000000006,65000.18,65000.08,64999.98,64999.880000000005,64999.780000000006,64999.68,64999.58,64999.48]",65000.380000000005,"[0.001,0.002,0.003,0.004,0.005,0.006,0.007,0.008,0.009000000000000001,0.01]",0.001,248,mock,InstrumentType.Spot,612905616,mock,BTC-USDT
2199944884,0,0,1783610796006738787,101,depth,"[65000.59,65000.689999999995,65000.79,65000.89,65000.99,65001.09,65001.189999999995,65001.29,65001.39,65001.49]",65000.59,"[0.001,0.002,0.003,0.004,0.005,0.006,0.007,0.008,0.009000000000000001,0.01]",0.001,"[65000.39,65000.29,65000.189999999995,65000.09,64999.99,64999.89,64999.79,64999.689999999995,64999.59,64999.49]",65000.39,"[0.001,0.002,0.003,0.004,0.005,0.006,0.007,0.008,0.009000000000000001,0.01]",0.001,249,mock,InstrumentType.Spot,612906032,mock,BTC-USDT
2199944884,0,0,1783610796007030881,101,depth,"[65000.6,65000.7,65000.8,65000.9,65001.0,65001.1,65001.2,65001.3,65001.4,65001.5]",65000.6,"[0.001,0.002,0.003,0.004,0.005,0.006,0.007,0.008,0.009000000000000001,0.01]",0.001,"[65000.4,65000.3,65000.2,65000.1,65000.0,64999.9,64999.8,64999.7,64999.6,64999.5]",65000.4,"[0.001,0.002,0.003,0.004,0.005,0.006,0.007,0.008,0.009000000000000001,0.01]",0.001,250,mock,InstrumentType.Spot,612906448,mock,BTC-USDT
2199944884,0,0,1783610796007329147,101,depth,"[65000.61,65000.71,65000.810000000005,65000.91,65001.01,65001.11,65001.21,65001.310000000005,65001.41,65001.51]",65000.61,"[0.001,0.002,0.003,0.004,0.005,0.006,0.007,0.008,0.009000000000000001,0.01]",0.001,"[65000.41,65000.310000000005,65000.21,65000.11,65000.01,64999.91,64999.810000000005,64999.71,64999.61,64999.51]",65000.41,"[0.001,0.002,0.003,0.004,0.005,0.006,0.007,0.008,0.009000000000000001,0.01]",0.001,251,mock,InstrumentType.Spot,612906864,mock,BTC-USDT
2199944884,0,0,1783610796007631306,101,depth,"[65000.619999999995,65000.719999999994,65000.82,65000.92,65001.02,65001.119999999995,65001.219999999994,65001.32,65001.42,65001.52]",65000.619999999995,"[0.001,0.002,0.003,0.004,0.005,0.006,0.007,0.008,0.009000000000000001,0.01]",0.001,"[65000.42,65000.32,65000.219999999994,65000.119999999995,65000.02,64999.92,64999.82,64999.719999999994,64999.619999999995,64999.52]",65000.42,"[0.001,0.002,0.003,0.004,0.005,0.006,0.007,0.008,0.009000000000000001,0.01]",0.001,252,mock,InstrumentType.Spot,612907280,mock,BTC-USDT
2199944884,0,0,1783610796007930920,101,depth,"[65000.63,65000.729999999996,65000.83,65000.93,65001.03,65001.13,65001.229999999996,65001.33,65001.43,65001.53]",65000.63,"[0.001,0.002,0.003,0.004,0.005,0.006,0.007,0.008,0.009000000000000001,0.01]",0.001,"[65000.43,65000.33,65000.229999999996,65000.13,65000.03,64999.93,64999.83,64999.729999999996,64999.63,64999.53]",65000.43,"[0.001,0.002,0.003,0.004,0.005,0.006,0.007,0.008,0.009000000000000001,0.01]",0.001,253,mock,InstrumentType.Spot,612907696,mock,BTC-USDT
2199944884,0,0,1783610796008230565,101,depth,"[65000.64,65000.74,65000.840000000004,65000.94,65001.04,65001.14,65001.24,65001.340000000004,65001.44,65001.54]",65000.64,"[0.001,0.002,0.003,0.004,0.005,0.006,0.007,0.008,0.009000000000000001,0.01]",0.001,"[65000.44,65000.340000000004,65000.24,65000.14,65000.04,64999.94,64999.840000000004,64999.74,64999.64,64999.54]",65000.44,"[0.001,0.002,0.003,0.004,0.005,0.006,0.007,0.008,0.009000000000000001,0.01]",0.001,254,mock,InstrumentType.Spot,612908112,mock,BTC-USDT
2199944884,0,0,1783610796008529304,101,depth,"[65000.65,65000.75,65000.850000000006,65000.950000000004,65001.05,65001.15,65001.25,65001.350000000006,65001.450000000004,65001.55]",65000.65,"[0.001,0.002,0.003,0.004,0.005,0.006,0.007,0.008,0.009000000000000001,0.01]",0.001,"[65000.450000000004,65000.350000000006,65000.25,65000.15,65000.05,64999.950000000004,64999.850000000006,64999.75,64999.65,64999.55]",65000.450000000004,"[0.001,0.002,0.003,0.004,0.005,0.006,0.007,0.008,0.009000000000000001,0.01]",0.001,255,mock,InstrumentType.Spot,612908528,mock,BTC-USDT
2199944884,0,0,1783610796008829892,101,depth,"[65000.659999999996,65000.759999999995,65000.86,65000.96,65001.06,65001.159999999996,65001.259999999995,65001.36,65001.46,65001.56]",65000.659999999996,"[0.001,0.002,0.003,0.004,0.005,0.006,0.007,0.008,0.009000000000000001,0.01]",0.001,"[65000.46,65000.36,65000.259999999995,65000.159999999996,65000.06,64999.96,64999.86,64999.759999999995,64999.659999999996,64999.56]",65000.46,"[0.001,0.002,0.003,0.004,0.005,0.006,0.007,0.008,0.009000000000000001,0.01]",0.001,256,mock,InstrumentType.Spot,612908944,mock,BTC-USDT
2199944884,0,0,1783610796009129493,101,depth,"[65000.67,65000.77,65000.87,65000.97,65001.07,65001.17,65001.27,65001.37,65001.47,65001.57]",65000.67,"[0.001,0.002,0.003,0.004,0.005,0.006,0.007,0.008,0.009000000000000001,0.01]",0.001,"[65000.47,65000.37,65000.27,65000.17,65000.07,64999.97,64999.87,64999.77,64999.67,64999.57]",65000.47,"[0.001,0.002,0.003,0.004,0.005,0.006,0.007,0.008,0.009000000000000001,0.01]",0.001,257,mock,InstrumentType.Spot,612909360,mock,BTC-USDT
2199944884,0,0,1783610796009443691,101,depth,"[65000.68,65000.78,65000.880000000005,65000.98,65001.08,65001.18,65001.28,65001.380000000005,65001.48,65001.58]",65000.68,"[0.001,0.002,0.003,0.004,0.005,0.006,0.007,0.008,0.009000000000000001,0.01]",0.001,"[65000.48,65000.380000000005,65000.28,65000.18,65000.08,64999.98,64999.880000000005,64999.78,64999.68,64999.58]",65000.48,"[0.001,0.002,0.003,0.004,0.005,0.006,0.007,0.008,0.009000000000000001,0.01]",0.001,258,mock,InstrumentType.Spot,612909776,mock,BTC-USDT
2199944884,0,0,1783610796009729580,101,depth,"[65000.689999999995,65000.78999999999,65000.89,65000.99,65001.09,65001.189999999995,65001.28999999999,65001.39,65001.49,65001.59]",65000.689999999995,"[0.001,0.002,0.003,0.004,0.005,0.006,0.007,0.008,0.009000000000000001,0.01]",0.001,"[65000.49,65000.39,65000.28999999999,65000.189999999995,65000.09,64999.99,64999.89,64999.78999999999,64999.689999999995,64999.59]",65000.49,"[0.001,0.002,0.003,0.004,0.005,0.006,0.007,0.008,0.009000000000000001,0.01]",0.001,259,mock,InstrumentType.Spot,612867888,mock,BTC-USDT
2199944884,0,0,1783610796010032342,101,depth,"[65000.7,65000.799999999996,65000.9,65001.0,65001.1,65001.2,65001.299999999996,65001.4,65001.5,65001.6]",65000.7,"[0.001,0.002,0.003,0.004,0.005,0.006,0.007,0.008,0.009000000000000001,0.01]",0.001,"[65000.5,65000.4,65000.299999999996,65000.2,65000.1,65000.0,64999.9,64999.799999999996,64999.7,64999.6]",65000.5,"[0.001,0.002,0.003,0.004,0.005,0.006,0.007,0.008,0.009000000000000001,0.01]",0.001,260,mock,InstrumentType.Spot,612868416,mock,BTC-USDT
2199944884,0,0,1783610796010330611,101,depth,"[65000.71,65000.81,65000.91,65001.01,65001.11,65001.21,65001.31,65001.41,65001.51,65001.61]",65000.71,"[0.001,0.002,0.003,0.004,0.005,0.006,0.007,0.008,0.009000000000000001,0.01]",0.001,"[65000.51,65000.41,65000.31,65000.21,65000.11,65000.01,64999.91,64999.81,64999.71,64999.61]",65000.51,"[0.001,0.002,0.003,0.004,0.005,0.006,0.007,0.008,0.009000000000000001,0.01]",0.001,261,mock,InstrumentType.Spot,612868976,mock,BTC-USDT
2199944884,0,0,1783610796010630202,101,depth,"[65000.72,65000.82,65000.920000000006,65001.020000000004,65001.12,65001.22,65001.32,65001.420000000006,65001.520000000004,65001.62]",65000.72,"[0.001,0.002,0.003,0.004,0.005,0.006,0.007,0.008,0.009000000000000001,0.01]",0.001,"[65000.520000000004,65000.420000000006,65000.32,65000.22,65000.12,65000.020000000004,64999.920000000006,64999.82,64999.72,64999.62]",65000.520000000004,"[0.001,0.002,0.003,0.004,0.005,0.006,0.007,0.008,0.009000000000000001,0.01]",0.001,262,mock,InstrumentType.Spot,612869536,mock,BTC-USDT
2199944884,0,0,1783610796010929113,101,depth,"[65000.729999999996,65000.829999999994,65000.93,65001.03,65001.13,65001.229999999996,65001.329999999994,65001.43,65001.53,65001.63]",65000.729999999996,"[0.001,0.002,0.003,0.004,0.005,0.006,0.007,0.008,0.009000000000000001,0.01]",0.001,"[65000.53,65000.43,65000.329999999994,65000.229999999996,65000.13,65000.03,64999.93,64999.829999999994,64999.729999999996,64999.63]",65000.53,"[0.001,0.002,0.003,0.004,0.005,0.006,0.007,0.008,0.009000000000000001,0.01]",0.001,263,mock,InstrumentType.Spot,612914528,mock,BTC-USDT
2199944884,0,0,1783610796011230285,101,depth,"[65000.74,65000.84,65000.94,65001.04,65001.14,65001.24,65001.34,65001.44,65001.54,65001.64]",65000.74,"[0.001,0.002,0.003,0.004,0.005,0.006,0.007,0.008,0.009000000000000001,0.01]",0.001,"[65000.54,65000.44,65000.34,65000.24,65000.14,65000.04,64999.94,64999.84,64999.74,64999.64]",65000.54,"[0.001,0.002,0.003,0.004,0.005,0.006,0.007,0.008,0.009000000000000001,0.01]",0.001,264,mock,InstrumentType.Spot,612914944,mock,BTC-USDT
2199944884,0,0,1783610796011529284,101,depth,"[65000.75,65000.85,65000.950000000004,65001.05,65001.15,65001.25,65001.35,65001.450000000004,65001.55,65001.65]",65000.75,"[0.001,0.002,0.003,0.004,0.005,0.006,0.007,0.008,0.009000000000000001,0.01]",0.001,"[65000.55,65000.450000000004,65000.35,65000.25,65000.15,65000.05,64999.950000000004,64999.85,64999.75,64999.65]",65000.55,"[0.001,0.002,0.003,0.004,0.005,0.006,0.007,0.008,0.009000000000000001,0.01]",0.001,265,mock,InstrumentType.Spot,612915360,mock,BTC-USDT
2199944884,0,0,1783610796011830692,101,depth,"[65000.76,65000.86,65000.96000000001,65001.060000000005,65001.16,65001.26,65001.36,65001.46000000001,65001.560000000005,65001.66]",65000.76,"[0.001,0.002,0.003,0.004,0.005,0.006,0.007,0.008,0.009000000000000001,0.01]",0.001,"[65000.560000000005,65000.46000000001,65000.36,65000.26,65000.16,65000.060000000005,64999.96000000001,64999.86,64999.76,64999.66]",65000.560000000005,"[0.001,0.002,0.003,0.004,0.005,0.006,0.007,0.008,0.009000000000000001,0.01]",0.001,266,mock,InstrumentType.Spot,612915776,mock,BTC-USDT
2199944884,0,0,1783610796012130514,101,depth,"[65000.77,65000.869999999995,65000.97,65001.07,65001.17,65001.27,65001.369999999995,65001.47,65001.57,65001.67]",65000.77,"[0.001,0.002,0.003,0.004,0.005,0.006,0.007,0.008,0.009000000000000001,0.01]",0.001,"[65000.57,65000.47,65000.369999999995,65000.27,65000.17,65000.07,64999.97,64999.869999999995,64999.77,64999.67]",65000.57,"[0.001,0.002,0.003,0.004,0.005,0.006,0.007,0.008,0.009000000000000001,0.01]",0.001,267,mock,InstrumentType.Spot,612916192,mock,BTC-USDT
2199944884,0,0,1783610796012443386,101,depth,"[65000.78,65000.88,65000.98,65001.08,65001.18,65001.28,65001.38,65001.48,65001.58,65001.68]",65000.78,"[0.001,0.002,0.003,0.004,0.005,0.006,0.007,0.008,0.009000000000000001,0.01]",0.001,"[65000.58,65000.48,65000.38,65000.28,65000.18,65000.08,64999.98,64999.88,64999.78,64999.68]",65000.58,"[0.001,0.002,0.003,0.004,0.005,0.006,0.007,0.008,0.009000000000000001,0.01]",0.001,268,mock,InstrumentType.Spot,612916608,mock,BTC-USDT
2199944884,0,0,1783610796012730261,101,depth,"[65000.79,65000.89,65000.990000000005,65001.090000000004,65001.19,65001.29,65001.39,65001.490000000005,65001.590000000004,65001.69]",65000.79,"[0.001,0.002,0.003,0.004,0.005,0.006,0.007,0.008,0.009000000000000001,0.01]",0.001,"[65000.590000000004,65000.490000000005,65000.39,65000.29,65000.19,65000.090000000004,64999.990000000005,64999.89,64999.79,64999.69]",65000.590000000004,"[0.001,0.002,0.003,0.004,0.005,0.006,0.007,0.008,0.009000000000000001,0.01]",0.001,269,mock,InstrumentType.Spot,612917024,mock,BTC-USDT
2199944884,0,0,1783610796013030182,101,depth,"[65000.799999999996,65000.899999999994,65001.0,65001.1,65001.2,65001.299999999996,65001.399999999994,65001.5,65001.6,65001.7]",65000.799999999996,"[0.001,0.002,0.003,0.004,0.005,0.006,0.007,0.008,0.009000000000000001,0.01]",0.001,"[65000.6,65000.5,65000.399999999994,65000.299999999996,65000.2,65000.1,65000.0,64999.899999999994,64999.799999999996,64999.7]",65000.6,"[0.001,0.002,0.003,0.004,0.005,0.006,0.007,0.008,0.009000000000000001,0.01]",0.001,270,mock,InstrumentType.Spot,612627520,mock,BTC-USDT
2199944884,0,0,1783610796013329865,101,depth,"[65000.81,65000.909999999996,65001.01,65001.11,65001.21,65001.31,65001.409999999996,65001.51,65001.61,65001.71]",65000.81,"[0.001,0.002,0.003,0.004,0.005,0.006,0.007,0.008,0.009000000000000001,0.01]",0.001,"[65000.61,65000.51,65000.409999999996,65000.31,65000.21,65000.11,65000.01,64999.909999999996,64999.81,64999.71]",65000.61,"[0.001,0.002,0.003,0.004,0.005,0.006,0.007,0.008,0.009000000000000001,0.01]",0.001,271,mock,InstrumentType.Spot,612628032,mock,BTC-USDT
2199944884,0,0,1783610796013628441,101,depth,"[65000.82,65000.92,65001.020000000004,65001.12,65001.22,65001.32,65001.42,65001.520000000004,65001.62,65001.72]",65000.82,"[0.001,0.002,0.003,0.004,0.005,0.006,0.007,0.008,0.009000000000000001,0.01]",0.001,"[65000.62,65000.520000000004,65000.42,65000.32,65000.22,65000.12,65000.020000000004,64999.92,64999.82,64999.72]",65000.62,"[0.001,0.002,0.003,0.004,0.005,0.006,0.007,0.008,0.009000000000000001,0.01]",0.001,272,mock,InstrumentType.Spot,612628592,mock,BTC-USDT
2199944884,0,0,1783610796013929707,101,depth,"[65000.83,65000.93,65001.030000000006,65001.130000000005,65001.23,65001.33,65001.43,65001.530000000006,65001.630000000005,65001.73]",65000.83,"[0.001,0.002,0.003,0.004,0.005,0.006,0.007,0.008,0.009000000000000001,0.01]",0.001,"[65000.630000000005,65000.530000000006,65000.43,65000.33,65000.23,65000.130000000005,65000.030000000006,64999.93,64999.83,64999.73]",65000.630000000005,"[0.001,0.002,0.003,0.004,0.005,0.006,0.007,0.008,0.009000000000000001,0.01]",0.001,273,mock,InstrumentType.Spot,612629152,mock,BTC-USDT
2199944884,0,0,1783610796014228967,101,depth,"[65000.84,65000.939999999995,65001.04,65001.14,65001.24,65001.34,65001.439999999995,65001.54,65001.64,65001.74]",65000.84,"[0.001,0.002,0.003,0.004,0.005,0.006,0.007,0.008,0.009000000000000001,0.01]",0.001,"[65000.64,65000.54,65000.439999999995,65000.34,65000.24,65000.14,65000.04,64999.939999999995,64999.84,64999.74]",65000.64,"[0.001,0.002,0.003,0.004,0.005,0.006,0.007,0.008,0.009000000000000001,0.01]",0.001,274,mock,InstrumentType.Spot,612919920,mock,BTC-USDT
2199944884,0,0,1783610796014529871,101,depth,"[65000.85,65000.95,65001.05,65001.15,65001.25,65001.35,65001.45,65001.55,65001.65,65001.75]",65000.85,"[0.001,0.002,0.003,0.004,0.005,0.006,0.007,0.008,0.009000000000000001,0.01]",0.001,"[65000.65,65000.55,65000.45,65000.35,65000.25,65000.15,65000.05,64999.95,64999.85,64999.75]",65000.65,"[0.001,0.002,0.003,0.004,0.005,0.006,0.007,0.008,0.009000000000000001,0.01]",0.001,275,mock,InstrumentType.Spot,612920336,mock,BTC-USDT
2199944884,0,0,1783610796014829738,101,depth,"[65000.86,65000.96,65001.060000000005,65001.16,65001.26,65001.36,65001.46,65001.560000000005,65001.66,65001.76]",65000.86,"[0.001,0.002,0.003,0.004,0.005,0.006,0.007,0.008,0.009000000000000001,0.01]",0.001,"[65000.66,65000.560000000005,65000.46,65000.36,65000.26,65000.16,65000.060000000005,64999.96,64999.86,64999.76]",65000.66,"[0.001,0.002,0.003,0.004,0.005,0.006,0.007,0.008,0.009000000000000001,0.01]",0.001,276,mock,InstrumentType.Spot,612920752,mock,BTC-USDT
2199944884,0,0,1783610796015140285,101,depth,"[65000.869999999995,65000.969999999994,65001.07,65001.17,65001.27,65001.369999999995,65001.469999999994,65001.57,65001.67,65001.77]",65000.869999999995,"[0.001,0.002,0.003,0.004,0.005,0.006,0.007,0.008,0.009000000000000001,0.01]",0.001,"[65000.67,65000.57,65000.469999999994,65000.369999999995,65000.27,65000.17,65000.07,64999.969999999994,64999.869999999995,64999.77]",65000.67,"[0.001,0.002,0.003,0.004,0.005,0.006,0.007,0.008,0.009000000000000001,0.01]",0.001,277,mock,InstrumentType.Spot,612921168,mock,BTC-USDT
2199944884,0,0,1783610796015430119,101,depth,"[65000.88,65000.979999999996,65001.08,65001.18,65001.28,65001.38,65001.479999999996,65001.58,65001.68,65001.78]",65000.88,"[0.001,0.002,0.003,0.004,0.005,0.006,0.007,0.008,0.009000000000000001,0.01]",0.001,"[65000.68,65000.58,65000.479999999996,65000.38,65000.28,65000.18,65000.08,64999.979999999996,64999.88,64999.78]",65000.68,"[0.001,0.002,0.003,0.004,0.005,0.006,0.007,0.008,0.009000000000000001,0.01]",0.001,278,mock,InstrumentType.Spot,612921584,mock,BTC-USDT
2199944884,0,0,1783610796015728835,101,depth,"[65000.89,65000.99,65001.090000000004,65001.19,65001.29,65001.39,65001.49,65001.590000000004,65001.69,65001.79]",65000.89,"[0.001,0.002,0.003,0.004,0.005,0.006,0.007,0.008,0.009000000000000001,0.01]",0.001,"[65000.69,65000.590000000004,65000.49,65000.39,65000.29,65000.19,65000.090000000004,64999.99,64999.89,64999.79]",65000.69,"[0.001,0.002,0.003,0.004,0.005,0.006,0.007,0.008,0.009000000000000001,0.01]",0.001,279,mock,InstrumentType.Spot,612922000,mock,BTC-USDT
2199944884,0,0,1783610796016174889,101,depth,"[65000.9,65001.0,65001.100000000006,65001.200000000004,65001.3,65001.4,65001.5,65001.600000000006,65001.700000000004,65001.8]",65000.9,"[0.001,0.002,0.003,0.004,0.005,0.006,0.007,0.008,0.009000000000000001,0.01]",0.001,"[65000.700000000004,65000.600000000006,65000.5,65000.4,65000.3,65000.200000000004,65000.100000000006,65000.0,64999.9,64999.8]",65000.700000000004,"[0.001,0.002,0.003,0.004,0.005,0.006,0.007,0.008,0.009000000000000001,0.01]",0.001,280,mock,InstrumentType.Spot,612922416,mock,BTC-USDT
2199944884,0,0,1783610796016348477,101,depth,"[65000.909999999996,65001.009999999995,65001.11,65001.21,65001.31,65001.409999999996,65001.509999999995,65001.61,65001.71,65001.81]",65000.909999999996,"[0.001,0.002,0.003,0.004,0.005,0.006,0.007,0.008,0.009000000000000001,0.01]",0.001,"[65000.71,65000.61,65000.509999999995,65000.409999999996,65000.31,65000.21,65000.11,65000.009999999995,64999.909999999996,64999.81]",65000.71,"[0.001,0.002,0.003,0.004,0.005,0.006,0.007,0.008,0.009000000000000001,0.01]",0.001,281,mock,InstrumentType.Spot,612922832,mock,BTC-USDT
2199944884,0,0,1783610796016630757,101,depth,"[65000.92,65001.02,65001.12,65001.22,65001.32,65001.42,65001.52,65001.62,65001.72,65001.82]",65000.92,"[0.001,0.002,0.003,0.004,0.005,0.006,0.007,0.008,0.009000000000000001,0.01]",0.001,"[65000.72,65000.62,65000.52,65000.42,65000.32,65000.22,65000.12,65000.02,64999.92,64999.82]",65000.72,"[0.001,0.002,0.003,0.004,0.005,0.006,0.007,0.008,0.009000000000000001,0.01]",0.001,282,mock,InstrumentType.Spot,612923248,mock,BTC-USDT
2199944884,0,0,1783610796016929601,101,depth,"[65000.93,65001.03,65001.130000000005,65001.23,65001.33,65001.43,65001.53,65001.630000000005,65001.73,65001.83]",65000.93,"[0.001,0.002,0.003,0.004,0.005,0.006,0.007,0.008,0.009000000000000001,0.01]",0.001,"[65000.73,65000.630000000005,65000.53,65000.43,65000.33,65000.23,65000.130000000005,65000.03,64999.93,64999.83]",65000.73,"[0.001,0.002,0.003,0.004,0.005,0.006,0.007,0.008,0.009000000000000001,0.01]",0.001,283,mock,InstrumentType.Spot,612923664,mock,BTC-USDT
2199944884,0,0,1783610796017228809,101,depth,"[65000.939999999995,65001.03999999999,65001.14,65001.24,65001.34,65001.439999999995,65001.53999999999,65001.64,65001.74,65001.84]",65000.939999999995,"[0.001,0.002,0.003,0.004,0.005,0.006,0.007,0.008,0.009000000000000001,0.01]",0.001,"[65000.74,65000.64,65000.53999999999,65000.439999999995,65000.34,65000.24,65000.14,65000.03999999999,64999.939999999995,64999.84]",65000.74,"[0.001,0.002,0.003,0.004,0.005,0.006,0.007,0.008,0.009000000000000001,0.01]",0.001,284,mock,InstrumentType.Spot,612924080,mock,BTC-USDT
2199944884,0,0,1783610796017529554,101,depth,"[65000.95,65001.049999999996,65001.15,65001.25,65001.35,65001.45,65001.549999999996,65001.65,65001.75,65001.85]",65000.95,"[0.001,0.002,0.003,0.004,0.005,0.006,0.007,0.008,0.009000000000000001,0.01]",0.001,"[65000.75,65000.65,65000.549999999996,65000.45,65000.35,65000.25,65000.15,65000.049999999996,64999.95,64999.85]",65000.75,"[0.001,0.002,0.003,0.004,0.005,0.006,0.007,0.008,0.009000000000000001,0.01]",0.001,285,mock,InstrumentType.Spot,612924496,mock,BTC-USDT
2199944884,0,0,1783610796017828668,101,depth,"[65000.96,65001.06,65001.16,65001.26,65001.36,65001.46,65001.56,65001.66,65001.76,65001.86]",65000.96,"[0.001,0.002,0.003,0.004,0.005,0.006,0.007,0.008,0.009000000000000001,0.01]",0.001,"[65000.76,65000.66,65000.56,65000.46,65000.36,65000.26,65000.16,65000.06,64999.96,64999.86]",65000.76,"[0.001,0.002,0.003,0.004,0.005,0.006,0.007,0.008,0.009000000000000001,0.01]",0.001,286,mock,InstrumentType.Spot,612924912,mock,BTC-USDT
2199944884,0,0,1783610796018143350,101,depth,"[65000.97,65001.07,65001.170000000006,65001.270000000004,65001.37,65001.47,65001.57,65001.670000000006,65001.770000000004,65001.87]",65000.97,"[0.001,0.002,0.003,0.004,0.005,0.006,0.007,0.008,0.009000000000000001,0.01]",0.001,"[65000.770000000004,65000.670000000006,65000.57,65000.47,65000.37,65000.270000000004,65000.170000000006,65000.07,64999.97,64999.87]",65000.770000000004,"[0.001,0.002,0.003,0.004,0.005,0.006,0.007,0.008,0.009000000000000001,0.01]",0.001,287,mock,InstrumentType.Spot,612925328,mock,BTC-USDT
2199944884,0,0,1783610796018429671,101,depth,"[65000.979999999996,65001.079999999994,65001.18,65001.28,65001.38,65001.479999999996,65001.579999999994,65001.68,65001.78,65001.88]",65000.979999999996,"[0.001,0.002,0.003,0.004,0.005,0.006,0.007,0.008,0.009000000000000001,0.01]",0.001,"[65000.78,65000.68,65000.579999999994,65000.479999999996,65000.38,65000.28,65000.18,65000.079999999994,64999.979999999996,64999.88]",65000.78,"[0.001,0.002,0.003,0.004,0.005,0.006,0.007,0.008,0.009000000000000001,0.01]",0.001,288,mock,InstrumentType.Spot,612925744,mock,BTC-USDT
2199944884,0,0,1783610796018728877,101,depth,"[65000.99,65001.09,65001.19,65001.29,65001.39,65001.49,65001.59,65001.69,65001.79,65001.89]",65000.99,"[0.001,0.002,0.003,0.004,0.005,0.006,0.007,0.008,0.009000000000000001,0.01]",0.001,"[65000.79,65000.69,65000.59,65000.49,65000.39,65000.29,65000.19,65000.09,64999.99,64999.89]",65000.79,"[0.001,0.002,0.003,0.004,0.005,0.006,0.007,0.008,0.009000000000000001,0.01]",0.001,289,mock,InstrumentType.Spot,612926160,mock,BTC-USDT
2199944884,0,0,1783610796019029029,101,depth,"[65001.0,65001.1,65001.200000000004,65001.3,65001.4,65001.5,65001.6,65001.700000000004,65001.8,65001.9]",65001.0,"[0.001,0.002,0.003,0.004,0.005,0.006,0.007,0.008,0.009000000000000001,0.01]",0.001,"[65000.8,65000.700000000004,65000.6,65000.5,65000.4,65000.3,65000.200000000004,65000.1,65000.0,64999.9]",65000.8,"[0.001,0.002,0.003,0.004,0.005,0.006,0.007,0.008,0.009000000000000001,0.01]",0.001,290,mock,InstrumentType.Spot,612926576,mock,BTC-USDT
2199944884,0,0,1783610796019329458,101,depth,"[65001.01,65001.11,65001.21000000001,65001.310000000005,65001.41,65001.51,65001.61,65001.71000000001,65001.810000000005,65001.91]",65001.01,"[0.001,0.002,0.003,0.004,0.005,0.006,0.007,0.008,0.009000000000000001,0.01]",0.001,"[65000.810000000005,65000.71000000001,65000.61,65000.51,65000.41,65000.310000000005,65000.21000000001,65000.11,65000.01,64999.91]",65000.810000000005,"[0.001,0.002,0.003,0.004,0.005,0.006,0.007,0.008,0.009000000000000001,0.01]",0.001,291,mock,InstrumentType.Spot,612926992,mock,BTC-USDT
2199944884,0,0,1783610796019630564,101,depth,"[65001.02,65001.119999999995,65001.22,65001.32,65001.42,65001.52,65001.619999999995,65001.72,65001.82,65001.92]",65001.02,"[0.001,0.002,0.003,0.004,0.005,0.006,0.007,0.008,0.009000000000000001,0.01]",0.001,"[65000.82,65000.72,65000.619999999995,65000.52,65000.42,65000.32,65000.22,65000.119999999995,65000.02,64999.92]",65000.82,"[0.001,0.002,0.003,0.004,0.005,0.006,0.007,0.008,0.009000000000000001,0.01]",0.001,292,mock,InstrumentType.Spot,612927408,mock,BTC-USDT
2199944884,0,0,1783610796019928632,101,depth,"[65001.03,65001.13,65001.23,65001.33,65001.43,65001.53,65001.63,65001.73,65001.83,65001.93]",65001.03,"[0.001,0.002,0.003,0.004,0.005,0.006,0.007,0.008,0.009000000000000001,0.01]",0.001,"[65000.83,65000.73,65000.63,65000.53,65000.43,65000.33,65000.23,65000.13,65000.03,64999.93]",65000.83,"[0.001,0.002,0.003,0.004,0.005,0.006,0.007,0.008,0.009000000000000001,0.01]",0.001,293,mock,InstrumentType.Spot,612927824,mock,BTC-USDT
2199944884,0,0,1783610796020228776,101,depth,"[65001.04,65001.14,65001.240000000005,65001.340000000004,65001.44,65001.54,65001.64,65001.740000000005,65001.840000000004,65001.94]",65001.04,"[0.001,0.002,0.003,0.004,0.005,0.006,0.007,0.008,0.009000000000000001,0.01]",0.001,"[65000.840000000004,65000.740000000005,65000.64,65000.54,65000.44,65000.340000000004,65000.240000000005,65000.14,65000.04,64999.94]",65000.840000000004,"[0.001,0.002,0.003,0.004,0.005,0.006,0.007,0.008,0.009000000000000001,0.01]",0.001,294,mock,InstrumentType.Spot,612928240,mock,BTC-USDT
2199944884,0,0,1783610796020528481,101,depth,"[65001.049999999996,65001.149999999994,65001.25,65001.35,65001.45,65001.549999999996,65001.649999999994,65001.75,65001.85,65001.95]",65001.049999999996,"[0.001,0.002,0.003,0.004,0.005,0.006,0.007,0.008,0.009000000000000001,0.01]",0.001,"[65000.85,65000.75,65000.649999999994,65000.549999999996,65000.45,65000.35,65000.25,65000.149999999994,65000.049999999996,64999.95]",65000.85,"[0.001,0.002,0.003,0.004,0.005,0.006,0.007,0.008,0.009000000000000001,0.01]",0.001,295,mock,InstrumentType.Spot,612928656,mock,BTC-USDT
2199944884,0,0,1783610796020838363,101,depth,"[65001.06,65001.159999999996,65001.26,65001.36,65001.46,65001.56,65001.659999999996,65001.76,65001.86,65001.96]",65001.06,"[0.001,0.002,0.003,0.004,0.005,0.006,0.007,0.008,0.009000000000000001,0.01]",0.001,"[65000.86,65000.76,65000.659999999996,65000.56,65000.46,65000.36,65000.26,65000.159999999996,65000.06,64999.96]",65000.86,"[0.001,0.002,0.003,0.004,0.005,0.006,0.007,0.008,0.009000000000000001,0.01]",0.001,296,mock,InstrumentType.Spot,612929072,mock,BTC-USDT
2199944884,0,0,1783610796021129665,101,depth,"[65001.07,65001.17,65001.270000000004,65001.37,65001.47,65001.57,65001.67,65001.770000000004,65001.87,65001.97]",65001.07,"[0.001,0.002,0.003,0.004,0.005,0.006,0.007,0.008,0.009000000000000001,0.01]",0.001,"[65000.87,65000.770000000004,65000.67,65000.57,65000.47,65000.37,65000.270000000004,65000.17,65000.07,64999.97]",65000.87,"[0.001,0.002,0.003,0.004,0.005,0.006,0.007,0.008,0.009000000000000001,0.01]",0.001,297,mock,InstrumentType.Spot,612929488,mock,BTC-USDT
2199944884,0,0,1783610796021428669,101,depth,"[65001.08,65001.18,65001.280000000006,65001.380000000005,65001.48,65001.58,65001.68,65001.780000000006,65001.880000000005,65001.98]",65001.08,"[0.001,0.002,0.003,0.004,0.005,0.006,0.007,0.008,0.009000000000000001,0.01]",0.001,"[65000.880000000005,65000.780000000006,65000.68,65000.58,65000.48,65000.380000000005,65000.280000000006,65000.18,65000.08,64999.98]",65000.880000000005,"[0.001,0.002,0.003,0.004,0.005,0.006,0.007,0.008,0.009000000000000001,0.01]",0.001,298,mock,InstrumentType.Spot,612929904,mock,BTC-USDT
2199944884,0,0,1783610796021730199,101,depth,"[65001.09,65001.189999999995,65001.29,65001.39,65001.49,65001.59,65001.689999999995,65001.79,65001.89,65001.99]",65001.09,"[0.001,0.002,0.003,0.004,0.005,0.006,0.007,0.008,0.009000000000000001,0.01]",0.001,"[65000.89,65000.79,65000.689999999995,65000.59,65000.49,65000.39,65000.29,65000.189999999995,65000.09,64999.99]",65000.89,"[0.001,0.002,0.003,0.004,0.005,0.006,0.007,0.008,0.009000000000000001,0.01]",0.001,299,mock,InstrumentType.Spot,612930320,mock,BTC-USDT
2199944884,0,0,1783610796022028677,101,depth,"[65000.1,65000.2,65000.3,65000.4,65000.5,65000.6,65000.7,65000.8,65000.9,65001.0]",65000.1,"[0.001,0.002,0.003,0.004,0.005,0.006,0.007,0.008,0.009000000000000001,0.01]",0.001,"[64999.9,64999.8,64999.7,64999.6,64999.5,64999.4,64999.3,64999.2,64999.1,64999.0]",64999.9,"[0.001,0.002,0.003,0.004,0.005,0.006,0.007,0.008,0.009000000000000001,0.01]",0.001,300,mock,InstrumentType.Spot,612930736,mock,BTC-USDT
2199944884,0,0,1783610796022329585,101,depth,"[65000.11,65000.21,65000.310000000005,65000.41,65000.51,65000.61,65000.71,65000.810000000005,65000.91,65001.01]",65000.11,"[0.001,0.002,0.003,0.004,0.005,0.006,0.007,0.008,0.009000000000000001,0.01]",0.001,"[64999.91,64999.810000000005,64999.71,64999.61,64999.51,64999.41,64999.310000000005,64999.21,64999.11,64999.01]",64999.91,"[0.001,0.002,0.003,0.004,0.005,0.006,0.007,0.008,0.009000000000000001,0.01]",0.001,301,mock,InstrumentType.Spot,612931152,mock,BTC-USDT
2199944884,0,0,1783610796022628591,101,depth,"[65000.119999999995,65000.219999999994,65000.32,65000.42,65000.52,65000.619999999995,65000.719999999994,65000.82,65000.92,65001.02]",65000.119999999995,"[0.001,0.002,0.003,0.004,0.005,0.006,0.007,0.008,0.009000000000000001,0.01]",0.001,"[64999.92,64999.82,64999.719999999994,64999.619999999995,64999.52,64999.42,64999.32,64999.219999999994,64999.119999999995,64999.02]",64999.92,"[0.001,0.002,0.003,0.004,0.005,0.006,0.007,0.008,0.009000000000000001,0.01]",0.001,302,mock,InstrumentType.Spot,612931568,mock,BTC-USDT
2199944884,0,0,1783610796022929432,101,depth,"[65000.13,65000.229999999996,65000.33,65000.43,65000.53,65000.63,65000.729999999996,65000.83,65000.93,65001.03]",65000.13,"[0.001,0.002,0.003,0.004,0.005,0.006,0.007,0.008,0.009000000000000001,0.01]",0.001,"[64999.93,64999.83,64999.729999999996,64999.63,64999.53,64999.43,64999.33,64999.229999999996,64999.13,64999.03]",64999.93,"[0.001,0.002,0.003,0.004,0.005,0.006,0.007,0.008,0.009000000000000001,0.01]",0.001,303,mock,InstrumentType.Spot,612931984,mock,BTC-USDT
2199944884,0,0,1783610796023228739,101,depth,"[65000.14,65000.24,65000.340000000004,65000.44,65000.54,65000.64,65000.74,65000.840000000004,65000.94,65001.04]",65000.14,"[0.001,0.002,0.003,0.004,0.005,0.006,0.007,0.008,0.009000000000000001,0.01]",0.001,"[64999.94,64999.840000000004,64999.74,64999.64,64999.54,64999.44,64999.340000000004,64999.24,64999.14,64999.04]",64999.94,"[0.001,0.002,0.003,0.004,0.005,0.006,0.007,0.008,0.009000000000000001,0.01]",0.001,304,mock,InstrumentType.Spot,612932400,mock,BTC-USDT
2199944884,0,0,1783610796023529294,101,depth,"[65000.15,65000.25,65000.350000000006,65000.450000000004,65000.55,65000.65,65000.75,65000.850000000006,65000.950000000004,65001.05]",65000.15,"[0.001,0.002,0.003,0.004,0.005,0.006,0.007,0.008,0.009000000000000001,0.01]",0.001,"[64999.950000000004,64999.850000000006,64999.75,64999.65,64999.55,64999.450000000004,64999.350000000006,64999.25,64999.15,64999.05]",64999.950000000004,"[0.001,0.002,0.003,0.004,0.005,0.006,0.007,0.008,0.009000000000000001,0.01]",0.001,305,mock,InstrumentType.Spot,612932816,mock,BTC-USDT
2199944884,0,0,1783610796023895743,101,depth,"[65000.159999999996,65000.259999999995,65000.36,65000.46,65000.56,65000.659999999996,65000.759999999995,65000.86,65000.96,65001.06]",65000.159999999996,"[0.001,0.002,0.003,0.004,0.005,0.006,0.007,0.008,0.009000000000000001,0.01]",0.001,"[64999.96,64999.86,64999.759999999995,64999.659999999996,64999.56,64999.46,64999.36,64999.259999999995,64999.159999999996,64999.06]",64999.96,"[0.001,0.002,0.003,0.004,0.005,0.006,0.007,0.008,0.009000000000000001,0.01]",0.001,306,mock,InstrumentType.Spot,612933232,mock,BTC-USDT
2199944884,0,0,1783610796024129607,101,depth,"[65000.17,65000.27,65000.37,65000.47,65000.57,65000.67,65000.77,65000.87,65000.97,65001.07]",65000.17,"[0.001,0.002,0.003,0.004,0.005,0.006,0.007,0.008,0.009000000000000001,0.01]",0.001,"[64999.97,64999.87,64999.77,64999.67,64999.57,64999.47,64999.37,64999.27,64999.17,64999.07]",64999.97,"[0.001,0.002,0.003,0.004,0.005,0.006,0.007,0.008,0.009000000000000001,0.01]",0.001,307,mock,InstrumentType.Spot,612933648,mock,BTC-USDT
2199944884,0,0,1783610796024429766,101,depth,"[65000.18,65000.28,65000.380000000005,65000.48,65000.58,65000.68,65000.78,65000.880000000005,65000.98,65001.08]",65000.18,"[0.001,0.002,0.003,0.004,0.005,0.006,0.007,0.008,0.009000000000000001,0.01]",0.001,"[64999.98,64999.880000000005,64999.78,64999.68,64999.58,64999.48,64999.380000000005,64999.28,64999.18,64999.08]",64999.98,"[0.001,0.002,0.003,0.004,0.005,0.006,0.007,0.008,0.009000000000000001,0.01]",0.001,308,mock,InstrumentType.Spot,612934064,mock,BTC-USDT
2199944884,0,0,1783610796024728385,101,depth,"[65000.189999999995,65000.28999999999,65000.39,65000.49,65000.59,65000.689999999995,65000.78999999999,65000.89,65000.99,65001.09]",65000.189999999995,"[0.001,0.002,0.003,0.004,0.005,0.006,0.007,0.008,0.009000000000000001,0.01]",0.001,"[64999.99,64999.89,64999.78999999999,64999.689999999995,64999.59,64999.49,64999.39,64999.28999999999,64999.189999999995,64999.09]",64999.99,"[0.001,0.002,0.003,0.004,0.005,0.006,0.007,0.008,0.009000000000000001,0.01]",0.001,309,mock,InstrumentType.Spot,612934480,mock,BTC-USDT
2199944884,0,0,1783610796025028612,101,depth,"[65000.2,65000.299999999996,65000.4,65000.5,65000.6,65000.7,65000.799999999996,65000.9,65001.0,65001.1]",65000.2,"[0.001,0.002,0.003,0.004,0.005,0.006,0.007,0.008,0.009000000000000001,0.01]",0.001,"[65000.0,64999.9,64999.799999999996,64999.7,64999.6,64999.5,64999.4,64999.299999999996,64999.2,64999.1]",65000.0,"[0.001,0.002,0.003,0.004,0.005,0.006,0.007,0.008,0.009000000000000001,0.01]",0.001,310,mock,InstrumentType.Spot,612917440,mock,BTC-USDT
2199944884,0,0,1783610796025329516,101,depth,"[65000.21,65000.31,65000.41,65000.51,65000.61,65000.71,65000.81,65000.91,65001.01,65001.11]",65000.21,"[0.001,0.002,0.003,0.004,0.005,0.006,0.007,0.008,0.009000000000000001,0.01]",0.001,"[65000.01,64999.91,64999.81,64999.71,64999.61,64999.51,64999.41,64999.31,64999.21,64999.11]",65000.01,"[0.001,0.002,0.003,0.004,0.005,0.006,0.007,0.008,0.009000000000000001,0.01]",0.001,311,mock,InstrumentType.Spot,612918000,mock,BTC-USDT
2199944884,0,0,1783610796025628676,101,depth,"[65000.22,65000.32,65000.420000000006,65000.520000000004,65000.62,65000.72,65000.82,65000.920000000006,65001.020000000004,65001.12]",65000.22,"[0.001,0.002,0.003,0.004,0.005,0.006,0.007,0.008,0.009000000000000001,0.01]",0.001,"[65000.020000000004,64999.920000000006,64999.82,64999.72,64999.62,64999.520000000004,64999.420000000006,64999.32,64999.22,64999.12]",65000.020000000004,"[0.001,0.002,0.003,0.004,0.005,0.006,0.007,0.008,0.009000000000000001,0.01]",0.001,312,mock,InstrumentType.Spot,612918560,mock,BTC-USDT
2199944884,0,0,1783610796025928498,101,depth,"[65000.229999999996,65000.329999999994,65000.43,65000.53,65000.63,65000.729999999996,65000.829999999994,65000.93,65001.03,65001.13]",65000.229999999996,"[0.001,0.002,0.003,0.004,0.005,0.006,0.007,0.008,0.009000000000000001,0.01]",0.001,"[65000.03,64999.93,64999.829999999994,64999.729999999996,64999.63,64999.53,64999.43,64999.329999999994,64999.229999999996,64999.13]",65000.03,"[0.001,0.002,0.003,0.004,0.005,0.006,0.007,0.008,0.009000000000000001,0.01]",0.001,313,mock,InstrumentType.Spot,612919120,mock,BTC-USDT
2199944884,0,0,1783610796026228686,101,depth,"[65000.24,65000.34,65000.44,65000.54,65000.64,65000.74,65000.84,65000.94,65001.04,65001.14]",65000.24,"[0.001,0.002,0.003,0.004,0.005,0.006,0.007,0.008,0.009000000000000001,0.01]",0.001,"[65000.04,64999.94,64999.84,64999.74,64999.64,64999.54,64999.44,64999.34,64999.24,64999.14]",65000.04,"[0.001,0.002,0.003,0.004,0.005,0.006,0.007,0.008,0.009000000000000001,0.01]",0.001,314,mock,InstrumentType.Spot,612937728,mock,BTC-USDT
2199944884,0,0,1783610796026537352,101,depth,"[65000.25,65000.35,65000.450000000004,65000.55,65000.65,65000.75,65000.85,65000.950000000004,65001.05,65001.15]",65000.25,"[0.001,0.002,0.003,0.004,0.005,0.006,0.007,0.008,0.009000000000000001,0.01]",0.001,"[65000.05,64999.950000000004,64999.85,64999.75,64999.65,64999.55,64999.450000000004,64999.35,64999.25,64999.15]",65000.05,"[0.001,0.002,0.003,0.004,0.005,0.006,0.007,0.008,0.009000000000000001,0.01]",0.001,315,mock,InstrumentType.Spot,612938144,mock,BTC-USDT
2199944884,0,0,1783610796026828544,101,depth,"[65000.26,65000.36,65000.46000000001,65000.560000000005,65000.66,65000.76,65000.86,65000.96000000001,65001.060000000005,65001.16]",65000.26,"[0.001,0.002,0.003,0.004,0.005,0.006,0.007,0.008,0.009000000000000001,0.01]",0.001,"[65000.060000000005,64999.96000000001,64999.86,64999.76,64999.66,64999.560000000005,64999.46000000001,64999.36,64999.26,64999.16]",65000.060000000005,"[0.001,0.002,0.003,0.004,0.005,0.006,0.007,0.008,0.009000000000000001,0.01]",0.001,316,mock,InstrumentType.Spot,612938560,mock,BTC-USDT
2199944884,0,0,1783610796027128751,101,depth,"[65000.27,65000.369999999995,65000.47,65000.57,65000.67,65000.77,65000.869999999995,65000.97,65001.07,65001.17]",65000.27,"[0.001,0.002,0.003,0.004,0.005,0.006,0.007,0.008,0.009000000000000001,0.01]",0.001,"[65000.07,64999.97,64999.869999999995,64999.77,64999.67,64999.57,64999.47,64999.369999999995,64999.27,64999.17]",65000.07,"[0.001,0.002,0.003,0.004,0.005,0.006,0.007,0.008,0.009000000000000001,0.01]",0.001,317,mock,InstrumentType.Spot,612938976,mock,BTC-USDT
2199944884,0,0,1783610796027430920,101,depth,"[65000.28,65000.38,65000.48,65000.58,65000.68,65000.78,65000.88,65000.98,65001.08,65001.18]",65000.28,"[0.001,0.002,0.003,0.004,0.005,0.006,0.007,0.008,0.009000000000000001,0.01]",0.001,"[65000.08,64999.98,64999.88,64999.78,64999.68,64999.58,64999.48,64999.38,64999.28,64999.18]",65000.08,"[0.001,0.002,0.003,0.004,0.005,0.006,0.007,0.008,0.009000000000000001,0.01]",0.001,318,mock,InstrumentType.Spot,612939392,mock,BTC-USDT
2199944884,0,0,1783610796027729000,101,depth,"[65000.29,65000.39,65000.490000000005,65000.590000000004,65000.69,65000.79,65000.89,65000.990000000005,65001.090000000004,65001.19]",65000.29,"[0.001,0.002,0.003,0.004,0.005,0.006,0.007,0.008,0.009000000000000001,0.01]",0.001,"[65000.090000000004,64999.990000000005,64999.89,64999.79,64999.69,64999.590000000004,64999.490000000005,64999.39,64999.29,64999.19]",65000.090000000004,"[0.001,0.002,0.003,0.004,0.005,0.006,0.007,0.008,0.009000000000000001,0.01]",0.001,319,mock,InstrumentType.Spot,612939808,mock,BTC-USDT
2199944884,0,0,1783610796028028707,101,depth,"[65000.299999999996,65000.399999999994,65000.5,65000.6,65000.7,65000.799999999996,65000.899999999994,65001.0,65001.1,65001.2]",65000.299999999996,"[0.001,0.002,0.003,0.004,0.005,0.006,0.007,0.008,0.009000000000000001,0.01]",0.001,"[65000.1,65000.0,64999.899999999994,64999.799999999996,64999.7,64999.6,64999.5,64999.399999999994,64999.299999999996,64999.2]",65000.1,"[0.001,0.002,0.003,0.004,0.005,0.006,0.007,0.008,0.009000000000000001,0.01]",0.001,320,mock,InstrumentType.Spot,612940224,mock,BTC-USDT
2199944884,0,0,1783610796028328534,101,depth,"[65000.31,65000.409999999996,65000.51,65000.61,65000.71,65000.81,65000.909999999996,65001.01,65001.11,65001.21]",65000.31,"[0.001,0.002,0.003,0.004,0.005,0.006,0.007,0.008,0.009000000000000001,0.01]",0.001,"[65000.11,65000.01,64999.909999999996,64999.81,64999.71,64999.61,64999.51,64999.409999999996,64999.31,64999.21]",65000.11,"[0.001,0.002,0.003,0.004,0.005,0.006,0.007,0.008,0.009000000000000001,0.01]",0.001,321,mock,InstrumentType.Spot,612940640,mock,BTC-USDT
2199944884,0,0,1783610796028628650,101,depth,"[65000.32,65000.42,65000.520000000004,65000.62,65000.72,65000.82,65000.92,65001.020000000004,65001.12,65001.22]",65000.32,"[0.001,0.002,0.003,0.004,0.005,0.006,0.007,0.008,0.009000000000000001,0.01]",0.001,"[65000.12,65000.020000000004,64999.92,64999.82,64999.72,64999.62,64999.520000000004,64999.42,64999.32,64999.22]",65000.12,"[0.001,0.002,0.003,0.004,0.005,0.006,0.007,0.008,0.009000000000000001,0.01]",0.001,322,mock,InstrumentType.Spot,612941056,mock,BTC-USDT
2199944884,0,0,1783610796028929473,101,depth,"[65000.33,65000.43,65000.530000000006,65000.630000000005,65000.73,65000.83,65000.93,65001.030000000006,65001.130000000005,65001.23]",65000.33,"[0.001,0.002,0.003,0.004,0.005,0.006,0.007,0.008,0.009000000000000001,0.01]",0.001,"[65000.130000000005,65000.030000000006,64999.93,64999.83,64999.73,64999.630000000005,64999.530000000006,64999.43,64999.33,64999.23]",65000.130000000005,"[0.001,0.002,0.003,0.004,0.005,0.006,0.007,0.008,0.009000000000000001,0.01]",0.001,323,mock,InstrumentType.Spot,612941472,mock,BTC-USDT
2199944884,0,0,1783610796029256035,101,depth,"[65000.34,65000.439999999995,65000.54,65000.64,65000.74,65000.84,65000.939999999995,65001.04,65001.14,65001.24]",65000.34,"[0.001,0.002,0.003,0.004,0.005,0.006,0.007,0.008,0.009000000000000001,0.01]",0.001,"[65000.14,65000.04,64999.939999999995,64999.84,64999.74,64999.64,64999.54,64999.439999999995,64999.34,64999.24]",65000.14,"[0.001,0.002,0.003,0.004,0.005,0.006,0.007,0.008,0.009000000000000001,0.01]",0.001,324,mock,InstrumentType.Spot,612941888,mock,BTC-USDT
2199944884,0,0,1783610796029537549,101,depth,"[65000.35,65000.45,65000.55,65000.65,65000.75,65000.85,65000.95,65001.05,65001.15,65001.25]",65000.35,"[0.001,0.002,0.003,0.004,0.005,0.006,0.007,0.008,0.009000000000000001,0.01]",0.001,"[65000.15,65000.05,64999.95,64999.85,64999.75,64999.65,64999.55,64999.45,64999.35,64999.25]",65000.15,"[0.001,0.002,0.003,0.004,0.005,0.006,0.007,0.008,0.009000000000000001,0.01]",0.001,325,mock,InstrumentType.Spot,612942304,mock,BTC-USDT
2199944884,0,0,1783610796029830241,101,depth,"[65000.36,65000.46,65000.560000000005,65000.66,65000.76,65000.86,65000.96,65001.060000000005,65001.16,65001.26]",65000.36,"[0.001,0.002,0.003,0.004,0.005,0.006,0.007,0.008,0.009000000000000001,0.01]",0.001,"[65000.16,65000.060000000005,64999.96,64999.86,64999.76,64999.66,64999.560000000005,64999.46,64999.36,64999.26]",65000.16,"[0.001,0.002,0.003,0.004,0.005,0.006,0.007,0.008,0.009000000000000001,0.01]",0.001,326,mock,InstrumentType.Spot,612942720,mock,BTC-USDT
2199944884,0,0,1783610796030128992,101,depth,"[65000.369999999995,65000.469999999994,65000.57,65000.67,65000.77,65000.869999999995,65000.969999999994,65001.07,65001.17,65001.27]",65000.369999999995,"[0.001,0.002,0.003,0.004,0.005,0.006,0.007,0.008,0.009000000000000001,0.01]",0.001,"[65000.17,65000.07,64999.969999999994,64999.869999999995,64999.77,64999.67,64999.57,64999.469999999994,64999.369999999995,64999.27]",65000.17,"[0.001,0.002,0.003,0.004,0.005,0.006,0.007,0.008,0.009000000000000001,0.01]",0.001,327,mock,InstrumentType.Spot,612943136,mock,BTC-USDT
2199944884,0,0,1783610796030430194,101,depth,"[65000.38,65000.479999999996,65000.58,65000.68,65000.78,65000.88,65000.979999999996,65001.08,65001.18,65001.28]",65000.38,"[0.001,0.002,0.003,0.004,0.005,0.006,0.007,0.008,0.009000000000000001,0.01]",0.001,"[65000.18,65000.08,64999.979999999996,64999.88,64999.78,64999.68,64999.58,64999.479999999996,64999.38,64999.28]",65000.18,"[0.001,0.002,0.003,0.004,0.005,0.006,0.007,0.008,0.009000000000000001,0.01]",0.001,328,mock,InstrumentType.Spot,612943552,mock,BTC-USDT
2199944884,0,0,1783610796030728439,101,depth,"[65000.39,65000.49,65000.590000000004,65000.69,65000.79,65000.89,65000.99,65001.090000000004,65001.19,65001.29]",65000.39,"[0.001,0.002,0.003,0.004,0.005,0.006,0.007,0.008,0.009000000000000001,0.01]",0.001,"[65000.19,65000.090000000004,64999.99,64999.89,64999.79,64999.69,64999.590000000004,64999.49,64999.39,64999.29]",65000.19,"[0.001,0.002,0.003,0.004,0.005,0.006,0.007,0.008,0.009000000000000001,0.01]",0.001,329,mock,InstrumentType.Spot,612943968,mock,BTC-USDT
2199944884,0,0,1783610796031028976,101,depth,"[65000.4,65000.5,65000.600000000006,65000.700000000004,65000.8,65000.9,65001.0,65001.100000000006,65001.200000000004,65001.3]",65000.4,"[0.001,0.002,0.003,0.004,0.005,0.006,0.007,0.008,0.009000000000000001,0.01]",0.001,"[65000.200000000004,65000.100000000006,65000.0,64999.9,64999.8,64999.700000000004,64999.600000000006,64999.5,64999.4,64999.3]",65000.200000000004,"[0.001,0.002,0.003,0.004,0.005,0.006,0.007,0.008,0.009000000000000001,0.01]",0.001,330,mock,InstrumentType.Spot,612944384,mock,BTC-USDT
2199944884,0,0,1783610796031329322,101,depth,"[65000.409999999996,65000.509999999995,65000.61,65000.71,65000.81,65000.909999999996,65001.009999999995,65001.11,65001.21,65001.31]",65000.409999999996,"[0.001,0.002,0.003,0.004,0.005,0.006,0.007,0.008,0.009000000000000001,0.01]",0.001,"[65000.21,65000.11,65000.009999999995,64999.909999999996,64999.81,64999.71,64999.61,64999.509999999995,64999.409999999996,64999.31]",65000.21,"[0.001,0.002,0.003,0.004,0.005,0.006,0.007,0.008,0.009000000000000001,0.01]",0.001,331,mock,InstrumentType.Spot,612944800,mock,BTC-USDT
2199944884,0,0,1783610796031629891,101,depth,"[65000.42,65000.52,65000.62,65000.72,65000.82,65000.92,65001.02,65001.12,65001.22,65001.32]",65000.42,"[0.001,0.002,0.003,0.004,0.005,0.006,0.007,0.008,0.009000000000000001,0.01]",0.001,"[65000.22,65000.12,65000.02,64999.92,64999.82,64999.72,64999.62,64999.52,64999.42,64999.32]",65000.22,"[0.001,0.002,0.003,0.004,0.005,0.006,0.007,0.008,0.009000000000000001,0.01]",0.001,332,mock,InstrumentType.Spot,612945216,mock,BTC-USDT
2199944884,0,0,1783610796031929608,101,depth,"[65000.43,65000.53,65000.630000000005,65000.73,65000.83,65000.93,65001.03,65001.130000000005,65001.23,65001.33]",65000.43,"[0.001,0.002,0.003,0.004,0.005,0.006,0.007,0.008,0.009000000000000001,0.01]",0.001,"[65000.23,65000.130000000005,65000.03,64999.93,64999.83,64999.73,64999.630000000005,64999.53,64999.43,64999.33]",65000.23,"[0.001,0.002,0.003,0.004,0.005,0.006,0.007,0.008,0.009000000000000001,0.01]",0.001,333,mock,InstrumentType.Spot,612945632,mock,BTC-USDT
2199944884,0,0,1783610796032237401,101,depth,"[65000.439999999995,65000.53999999999,65000.64,65000.74,65000.84,65000.939999999995,65001.03999999999,65001.14,65001.24,65001.34]",65000.439999999995,"[0.001,0.002,0.003,0.004,0.005,0.006,0.007,0.008,0.009000000000000001,0.01]",0.001,"[65000.24,65000.14,65000.03999999999,64999.939999999995,64999.84,64999.74,64999.64,64999.53999999999,64999.439999999995,64999.34]",65000.24,"[0.001,0.002,0.003,0.004,0.005,0.006,0.007,0.008,0.009000000000000001,0.01]",0.001,334,mock,InstrumentType.Spot,612946048,mock,BTC-USDT
2199944884,0,0,1783610796032529035,101,depth,"[65000.45,65000.549999999996,65000.65,65000.75,65000.85,65000.95,65001.049999999996,65001.15,65001.25,65001.35]",65000.45,"[0.001,0.002,0.003,0.004,0.005,0.006,0.007,0.008,0.009000000000000001,0.01]",0.001,"[65000.25,65000.15,65000.049999999996,64999.95,64999.85,64999.75,64999.65,64999.549999999996,64999.45,64999.35]",65000.25,"[0.001,0.002,0.003,0.004,0.005,0.006,0.007,0.008,0.009000000000000001,0.01]",0.001,335,mock,InstrumentType.Spot,612946464,mock,BTC-USDT
2199944884,0,0,1783610796032830112,101,depth,"[65000.46,65000.56,65000.66,65000.76,65000.86,65000.96,65001.06,65001.16,65001.26,65001.36]",65000.46,"[0.001,0.002,0.003,0.004,0.005,0.006,0.007,0.008,0.009000000000000001,0.01]",0.001,"[65000.26,65000.16,65000.06,64999.96,64999.86,64999.76,64999.66,64999.56,64999.46,64999.36]",65000.26,"[0.001,0.002,0.003,0.004,0.005,0.006,0.007,0.008,0.009000000000000001,0.01]",0.001,336,mock,InstrumentType.Spot,612946880,mock,BTC-USDT
2199944884,0,0,1783610796033129928,101,depth,"[65000.47,65000.57,65000.670000000006,65000.770000000004,65000.87,65000.97,65001.07,65001.170000000006,65001.270000000004,65001.37]",65000.47,"[0.001,0.002,0.003,0.004,0.005,0.006,0.007,0.008,0.009000000000000001,0.01]",0.001,"[65000.270000000004,65000.170000000006,65000.07,64999.97,64999.87,64999.770000000004,64999.670000000006,64999.57,64999.47,64999.37]",65000.270000000004,"[0.001,0.002,0.003,0.004,0.005,0.006,0.007,0.008,0.009000000000000001,0.01]",0.001,337,mock,InstrumentType.Spot,612947296,mock,BTC-USDT
2199944884,0,0,1783610796033430308,101,depth,"[65000.479999999996,65000.579999999994,65000.68,65000.78,65000.88,65000.979999999996,65001.079999999994,65001.18,65001.28,65001.38]",65000.479999999996,"[0.001,0.002,0.003,0.004,0.005,0.006,0.007,0.008,0.009000000000000001,0.01]",0.001,"[65000.28,65000.18,65000.079999999994,64999.979999999996,64999.88,64999.78,64999.68,64999.579999999994,64999.479999999996,64999.38]",65000.28,"[0.001,0.002,0.003,0.004,0.005,0.006,0.007,0.008,0.009000000000000001,0.01]",0.001,338,mock,InstrumentType.Spot,612947712,mock,BTC-USDT
2199944884,0,0,1783610796033730355,101,depth,"[65000.49,65000.59,65000.69,65000.79,65000.89,65000.99,65001.09,65001.19,65001.29,65001.39]",65000.49,"[0.001,0.002,0.003,0.004,0.005,0.006,0.007,0.008,0.009000000000000001,0.01]",0.001,"[65000.29,65000.19,65000.09,64999.99,64999.89,64999.79,64999.69,64999.59,64999.49,64999.39]",65000.29,"[0.001,0.002,0.003,0.004,0.005,0.006,0.007,0.008,0.009000000000000001,0.01]",0.001,339,mock,InstrumentType.Spot,612948128,mock,BTC-USDT
2199944884,0,0,1783610796034029385,101,depth,"[65000.5,65000.6,65000.700000000004,65000.8,65000.9,65001.0,65001.1,65001.200000000004,65001.3,65001.4]",65000.5,"[0.001,0.002,0.003,0.004,0.005,0.006,0.007,0.008,0.009000000000000001,0.01]",0.001,"[65000.3,65000.200000000004,65000.1,65000.0,64999.9,64999.8,64999.700000000004,64999.6,64999.5,64999.4]",65000.3,"[0.001,0.002,0.003,0.004,0.005,0.006,0.007,0.008,0.009000000000000001,0.01]",0.001,340,mock,InstrumentType.Spot,612948544,mock,BTC-USDT
2199944884,0,0,1783610796034328887,101,depth,"[65000.51,65000.61,65000.71000000001,65000.810000000005,65000.91,65001.01,65001.11,65001.21000000001,65001.310000000005,65001.41]",65000.51,"[0.001,0.002,0.003,0.004,0.005,0.006,0.007,0.008,0.009000000000000001,0.01]",0.001,"[65000.310000000005,65000.21000000001,65000.11,65000.01,64999.91,64999.810000000005,64999.71000000001,64999.61,64999.51,64999.41]",65000.310000000005,"[0.001,0.002,0.003,0.004,0.005,0.006,0.007,0.008,0.009000000000000001,0.01]",0.001,341,mock,InstrumentType.Spot,612948960,mock,BTC-USDT
2199944884,0,0,1783610796034629927,101,depth,"[65000.52,65000.619999999995,65000.72,65000.82,65000.92,65001.02,65001.119999999995,65001.22,65001.32,65001.42]",65000.52,"[0.001,0.002,0.003,0.004,0.005,0.006,0.007,0.008,0.009000000000000001,0.01]",0.001,"[65000.32,65000.22,65000.119999999995,65000.02,64999.92,64999.82,64999.72,64999.619999999995,64999.52,64999.42]",65000.32,"[0.001,0.002,0.003,0.004,0.005,0.006,0.007,0.008,0.009000000000000001,0.01]",0.001,342,mock,InstrumentType.Spot,612949376,mock,BTC-USDT
2199944884,0,0,1783610796034930012,101,depth,"[65000.53,65000.63,65000.73,65000.83,65000.93,65001.03,65001.13,65001.23,65001.33,65001.43]",65000.53,"[0.001,0.002,0.003,0.004,0.005,0.006,0.007,0.008,0.009000000000000001,0.01]",0.001,"[65000.33,65000.23,65000.13,65000.03,64999.93,64999.83,64999.73,64999.63,64999.53,64999.43]",65000.33,"[0.001,0.002,0.003,0.004,0.005,0.006,0.007,0.008,0.009000000000000001,0.01]",0.001,343,mock,InstrumentType.Spot,612949792,mock,BTC-USDT
2199944884,0,0,1783610796035257557,101,depth,"[65000.54,65000.64,65000.740000000005,65000.840000000004,65000.94,65001.04,65001.14,65001.240000000005,65001.340000000004,65001.44]",65000.54,"[0.001,0.002,0.003,0.004,0.005,0.006,0.007,0.008,0.009000000000000001,0.01]",0.001,"[65000.340000000004,65000.240000000005,65000.14,65000.04,64999.94,64999.840000000004,64999.740000000005,64999.64,64999.54,64999.44]",65000.340000000004,"[0.001,0.002,0.003,0.004,0.005,0.006,0.007,0.008,0.009000000000000001,0.01]",0.001,344,mock,InstrumentType.Spot,612950208,mock,BTC-USDT
2199944884,0,0,1783610796035530340,101,depth,"[65000.549999999996,65000.649999999994,65000.75,65000.85,65000.95,65001.049999999996,65001.149999999994,65001.25,65001.35,65001.45]",65000.549999999996,"[0.001,0.002,0.003,0.004,0.005,0.006,0.007,0.008,0.009000000000000001,0.01]",0.001,"[65000.35,65000.25,65000.149999999994,65000.049999999996,64999.95,64999.85,64999.75,64999.649999999994,64999.549999999996,64999.45]",65000.35,"[0.001,0.002,0.003,0.004,0.005,0.006,0.007,0.008,0.009000000000000001,0.01]",0.001,345,mock,InstrumentType.Spot,612950624,mock,BTC-USDT
2199944884,0,0,1783610796035829677,101,depth,"[65000.56,65000.659999999996,65000.76,65000.86,65000.96,65001.06,65001.159999999996,65001.26,65001.36,65001.46]",65000.56,"[0.001,0.002,0.003,0.004,0.005,0.006,0.007,0.008,0.009000000000000001,0.01]",0.001,"[65000.36,65000.26,65000.159999999996,65000.06,64999.96,64999.86,64999.76,64999.659999999996,64999.56,64999.46]",65000.36,"[0.001,0.002,0.003,0.004,0.005,0.006,0.007,0.008,0.009000000000000001,0.01]",0.001,346,mock,InstrumentType.Spot,612951040,mock,BTC-USDT
2199944884,0,0,1783610796036129882,101,depth,"[65000.57,65000.67,65000.770000000004,65000.87,65000.97,65001.07,65001.17,65001.270000000004,65001.37,65001.47]",65000.57,"[0.001,0.002,0.003,0.004,0.005,0.006,0.007,0.008,0.009000000000000001,0.01]",0.001,"[65000.37,65000.270000000004,65000.17,65000.07,64999.97,64999.87,64999.770000000004,64999.67,64999.57,64999.47]",65000.37,"[0.001,0.002,0.003,0.004,0.005,0.006,0.007,0.008,0.009000000000000001,0.01]",0.001,347,mock,InstrumentType.Spot,612951456,mock,BTC-USDT
2199944884,0,0,1783610796036428271,101,depth,"[65000.58,65000.68,65000.780000000006,65000.880000000005,65000.98,65001.08,65001.18,65001.280000000006,65001.380000000005,65001.48]",65000.58,"[0.001,0.002,0.003,0.004,0.005,0.006,0.007,0.008,0.009000000000000001,0.01]",0.001,"[65000.380000000005,65000.280000000006,65000.18,65000.08,64999.98,64999.880000000005,64999.780000000006,64999.68,64999.58,64999.48]",65000.380000000005,"[0.001,0.002,0.003,0.004,0.005,0.006,0.007,0.008,0.009000000000000001,0.01]",0.001,348,mock,InstrumentType.Spot,612951872,mock,BTC-USDT
2199944884,0,0,1783610796036730683,101,depth,"[65000.59,65000.689999999995,65000.79,65000.89,65000.99,65001.09,65001.189999999995,65001.29,65001.39,65001.49]",65000.59,"[0.001,0.002,0.003,0.004,0.005,0.006,0.007,0.008,0.009000000000000001,0.01]",0.001,"[65000.39,65000.29,65000.189999999995,65000.09,64999.99,64999.89,64999.79,64999.689999999995,64999.59,64999.49]",65000.39,"[0.001,0.002,0.003,0.004,0.005,0.006,0.007,0.008,0.009000000000000001,0.01]",0.001,349,mock,InstrumentType.Spot,612952288,mock,BTC-USDT
2199944884,0,0,1783610796037028666,101,depth,"[65000.6,65000.7,65000.8,65000.9,65001.0,65001.1,65001.2,65001.3,65001.4,65001.5]",65000.6,"[0.001,0.002,0.003,0.004,0.005,0.006,0.007,0.008,0.009000000000000001,0.01]",0.001,"[65000.4,65000.3,65000.2,65000.1,65000.0,64999.9,64999.8,64999.7,64999.6,64999.5]",65000.4,"[0.001,0.002,0.003,0.004,0.005,0.006,0.007,0.008,0.009000000000000001,0.01]",0.001,350,mock,InstrumentType.Spot,612952704,mock,BTC-USDT
2199944884,0,0,1783610796037328998,101,depth,"[65000.61,65000.71,65000.810000000005,65000.91,65001.01,65001.11,65001.21,65001.310000000005,65001.41,65001.51]",65000.61,"[0.001,0.002,0.003,0.004,0.005,0.006,0.007,0.008,0.009000000000000001,0.01]",0.001,"[65000.41,65000.310000000005,65000.21,65000.11,65000.01,64999.91,64999.810000000005,64999.71,64999.61,64999.51]",65000.41,"[0.001,0.002,0.003,0.004,0.005,0.006,0.007,0.008,0.009000000000000001,0.01]",0.001,351,mock,InstrumentType.Spot,612953120,mock,BTC-USDT
2199944884,0,0,1783610796037628405,101,depth,"[65000.619999999995,65000.719999999994,65000.82,65000.92,65001.02,65001.119999999995,65001.219999999994,65001.32,65001.42,65001.52]",65000.619999999995,"[0.001,0.002,0.003,0.004,0.005,0.006,0.007,0.008,0.009000000000000001,0.01]",0.001,"[65000.42,65000.32,65000.219999999994,65000.119999999995,65000.02,64999.92,64999.82,64999.719999999994,64999.619999999995,64999.52]",65000.42,"[0.001,0.002,0.003,0.004,0.005,0.006,0.007,0.008,0.009000000000000001,0.01]",0.001,352,mock,InstrumentType.Spot,612953536,mock,BTC-USDT
2199944884,0,0,1783610796037928499,101,depth,"[65000.63,65000.729999999996,65000.83,65000.93,65001.03,65001.13,65001.229999999996,65001.33,65001.43,65001.53]",65000.63,"[0.001,0.002,0.003,0.004,0.005,0.006,0.007,0.008,0.009000000000000001,0.01]",0.001,"[65000.43,65000.33,65000.229999999996,65000.13,65000.03,64999.93,64999.83,64999.729999999996,64999.63,64999.53]",65000.43,"[0.001,0.002,0.003,0.004,0.005,0.006,0.007,0.008,0.009000000000000001,0.01]",0.001,353,mock,InstrumentType.Spot,612953952,mock,BTC-USDT
2199944884,0,0,1783610796038237950,101,depth,"[65000.64,65000.74,65000.840000000004,65000.94,65001.04,65001.14,65001.24,65001.340000000004,65001.44,65001.54]",65000.64,"[0.001,0.002,0.003,0.004,0.005,0.006,0.007,0.008,0.009000000000000001,0.01]",0.001,"[65000.44,65000.340000000004,65000.24,65000.14,65000.04,64999.94,64999.840000000004,64999.74,64999.64,64999.54]",65000.44,"[0.001,0.002,0.003,0.004,0.005,0.006,0.007,0.008,0.009000000000000001,0.01]",0.001,354,mock,InstrumentType.Spot,612934896,mock,BTC-USDT
2199944884,0,0,1783610796038528661,101,depth,"[65000.65,65000.75,65000.850000000006,65000.950000000004,65001.05,65001.15,65001.25,65001.350000000006,65001.450000000004,65001.55]",65000.65,"[0.001,0.002,0.003,0.004,0.005,0.006,0.007,0.008,0.009000000000000001,0.01]",0.001,"[65000.450000000004,65000.350000000006,65000.25,65000.15,65000.05,64999.950000000004,64999.850000000006,64999.75,64999.65,64999.55]",65000.450000000004,"[0.001,0.002,0.003,0.004,0.005,0.006,0.007,0.008,0.009000000000000001,0.01]",0.001,355,mock,InstrumentType.Spot,612935456,mock,BTC-USDT
2199944884,0,0,1783610796038828425,101,depth,"[65000.659999999996,65000.759999999995,65000.86,65000.96,65001.06,65001.159999999996,65001.259999999995,65001.36,65001.46,65001.56]",65000.659999999996,"[0.001,0.002,0.003,0.004,0.005,0.006,0.007,0.008,0.009000000000000001,0.01]",0.001,"[65000.46,65000.36,65000.259999999995,65000.159999999996,65000.06,64999.96,64999.86,64999.759999999995,64999.659999999996,64999.56]",65000.46,"[0.001,0.002,0.003,0.004,0.005,0.006,0.007,0.008,0.009000000000000001,0.01]",0.001,356,mock,InstrumentType.Spot,612936016,mock,BTC-USDT
2199944884,0,0,1783610796039129431,101,depth,"[65000.67,65000.77,65000.87,65000.97,65001.07,65001.17,65001.27,65001.37,65001.47,65001.57]",65000.67,"[0.001,0.002,0.003,0.004,0.005,0.006,0.007,0.008,0.009000000000000001,0.01]",0.001,"[65000.47,65000.37,65000.27,65000.17,65000.07,64999.97,64999.87,64999.77,64999.67,64999.57]",65000.47,"[0.001,0.002,0.003,0.004,0.005,0.006,0.007,0.008,0.009000000000000001,0.01]",0.001,357,mock,InstrumentType.Spot,612936576,mock,BTC-USDT
2199944884,0,0,1783610796039430216,101,depth,"[65000.68,65000.78,65000.880000000005,65000.98,65001.08,65001.18,65001.28,65001.380000000005,65001.48,65001.58]",65000.68,"[0.001,0.002,0.003,0.004,0.005,0.006,0.007,0.008,0.009000000000000001,0.01]",0.001,"[65000.48,65000.380000000005,65000.28,65000.18,65000.08,64999.98,64999.880000000005,64999.78,64999.68,64999.58]",65000.48,"[0.001,0.002,0.003,0.004,0.005,0.006,0.007,0.008,0.009000000000000001,0.01]",0.001,358,mock,InstrumentType.Spot,612937136,mock,BTC-USDT
2199944884,0,0,1783610796039728454,101,depth,"[65000.689999999995,65000.78999999999,65000.89,65000.99,65001.09,65001.189999999995,65001.28999999999,65001.39,65001.49,65001.59]",65000.689999999995,"[0.001,0.002,0.003,0.004,0.005,0.006,0.007,0.008,0.009000000000000001,0.01]",0.001,"[65000.49,65000.39,65000.28999999999,65000.189999999995,65000.09,64999.99,64999.89,64999.78999999999,64999.689999999995,64999.59]",65000.49,"[0.001,0.002,0.003,0.004,0.005,0.006,0.007,0.008,0.009000000000000001,0.01]",0.001,359,mock,InstrumentType.Spot,612957584,mock,BTC-USDT
2199944884,0,0,1783610796040029382,101,depth,"[65000.7,65000.799999999996,65000.9,65001.0,65001.1,65001.2,65001.299999999996,65001.4,65001.5,65001.6]",65000.7,"[0.001,0.002,0.003,0.004,0.005,0.006,0.007,0.008,0.009000000000000001,0.01]",0.001,"[65000.5,65000.4,65000.299999999996,65000.2,65000.1,65000.0,64999.9,64999.799999999996,64999.7,64999.6]",65000.5,"[0.001,0.002,0.003,0.004,0.005,0.006,0.007,0.008,0.009000000000000001,0.01]",0.001,360,mock,InstrumentType.Spot,612958000,mock,BTC-USDT
2199944884,0,0,1783610796040328543,101,depth,"[65000.71,65000.81,65000.91,65001.01,65001.11,65001.21,65001.31,65001.41,65001.51,65001.61]",65000.71,"[0.001,0.002,0.003,0.004,0.005,0.006,0.007,0.008,0.009000000000000001,0.01]",0.001,"[65000.51,65000.41,65000.31,65000.21,65000.11,65000.01,64999.91,64999.81,64999.71,64999.61]",65000.51,"[0.001,0.002,0.003,0.004,0.005,0.006,0.007,0.008,0.009000000000000001,0.01]",0.001,361,mock,InstrumentType.Spot,612958416,mock,BTC-USDT
2199944884,0,0,1783610796040628426,101,depth,"[65000.72,65000.82,65000.920000000006,65001.020000000004,65001.12,65001.22,65001.32,65001.420000000006,65001.520000000004,65001.62]",65000.72,"[0.001,0.002,0.003,0.004,0.005,0.006,0.007,0.008,0.009000000000000001,0.01]",0.001,"[65000.520000000004,65000.420000000006,65000.32,65000.22,65000.12,65000.020000000004,64999.920000000006,64999.82,64999.72,64999.62]",65000.520000000004,"[0.001,0.002,0.003,0.004,0.005,0.006,0.007,0.008,0.009000000000000001,0.01]",0.001,362,mock,InstrumentType.Spot,612958832,mock,BTC-USDT
2199944884,0,0,1783610796040938914,101,depth,"[65000.729999999996,65000.829999999994,65000.93,65001.03,65001.13,65001.229999999996,65001.329999999994,65001.43,65001.53,65001.63]",65000.729999999996,"[0.001,0.002,0.003,0.004,0.005,0.006,0.007,0.008,0.009000000000000001,0.01]",0.001,"[65000.53,65000.43,65000.329999999994,65000.229999999996,65000.13,65000.03,64999.93,64999.829999999994,64999.729999999996,64999.63]",65000.53,"[0.001,0.002,0.003,0.004,0.005,0.006,0.007,0.008,0.009000000000000001,0.01]",0.001,363,mock,InstrumentType.Spot,612959248,mock,BTC-USDT
2199944884,0,0,1783610796041228786,101,depth,"[65000.74,65000.84,65000.94,65001.04,65001.14,65001.24,65001.34,65001.44,65001.54,65001.64]",65000.74,"[0.001,0.002,0.003,0.004,0.005,0.006,0.007,0.008,0.009000000000000001,0.01]",0.001,"[65000.54,65000.44,65000.34,65000.24,65000.14,65000.04,64999.94,64999.84,64999.74,64999.64]",65000.54,"[0.001,0.002,0.003,0.004,0.005,0.006,0.007,0.008,0.009000000000000001,0.01]",0.001,364,mock,InstrumentType.Spot,612959664,mock,BTC-USDT
2199944884,0,0,1783610796041530228,101,depth,"[65000.75,65000.85,65000.950000000004,65001.05,65001.15,65001.25,65001.35,65001.450000000004,65001.55,65001.65]",65000.75,"[0.001,0.002,0.003,0.004,0.005,0.006,0.007,0.008,0.009000000000000001,0.01]",0.001,"[65000.55,65000.450000000004,65000.35,65000.25,65000.15,65000.05,64999.950000000004,64999.85,64999.75,64999.65]",65000.55,"[0.001,0.002,0.003,0.004,0.005,0.006,0.007,0.008,0.009000000000000001,0.01]",0.001,365,mock,InstrumentType.Spot,612960080,mock,BTC-USDT
2199944884,0,0,1783610796041828482,101,depth,"[65000.76,65000.86,65000.96000000001,65001.060000000005,65001.16,65001.26,65001.36,65001.46000000001,65001.560000000005,65001.66]",65000.76,"[0.001,0.002,0.003,0.004,0.005,0.006,0.007,0.008,0.009000000000000001,0.01]",0.001,"[65000.560000000005,65000.46000000001,65000.36,65000.26,65000.16,65000.060000000005,64999.96000000001,64999.86,64999.76,64999.66]",65000.560000000005,"[0.001,0.002,0.003,0.004,0.005,0.006,0.007,0.008,0.009000000000000001,0.01]",0.001,366,mock,InstrumentType.Spot,612960496,mock,BTC-USDT
2199944884,0,0,1783610796042129106,101,depth,"[65000.77,65000.869999999995,65000.97,65001.07,65001.17,65001.27,65001.369999999995,65001.47,65001.57,65001.67]",65000.77,"[0.001,0.002,0.003,0.004,0.005,0.006,0.007,0.008,0.009000000000000001,0.01]",0.001,"[65000.57,65000.47,65000.369999999995,65000.27,65000.17,65000.07,64999.97,64999.869999999995,64999.77,64999.67]",65000.57,"[0.001,0.002,0.003,0.004,0.005,0.006,0.007,0.008,0.009000000000000001,0.01]",0.001,367,mock,InstrumentType.Spot,612960912,mock,BTC-USDT
2199944884,0,0,1783610796042429417,101,depth,"[65000.78,65000.88,65000.98,65001.08,65001.18,65001.28,65001.38,65001.48,65001.58,65001.68]",65000.78,"[0.001,0.002,0.003,0.004,0.005,0.006,0.007,0.008,0.009000000000000001,0.01]",0.001,"[65000.58,65000.48,65000.38,65000.28,65000.18,65000.08,64999.98,64999.88,64999.78,64999.68]",65000.58,"[0.001,0.002,0.003,0.004,0.005,0.006,0.007,0.008,0.009000000000000001,0.01]",0.001,368,mock,InstrumentType.Spot,612961328,mock,BTC-USDT
2199944884,0,0,1783610796042729213,101,depth,"[65000.79,65000.89,65000.990000000005,65001.090000000004,65001.19,65001.29,65001.39,65001.490000000005,65001.590000000004,65001.69]",65000.79,"[0.001,0.002,0.003,0.004,0.005,0.006,0.007,0.008,0.009000000000000001,0.01]",0.001,"[65000.590000000004,65000.490000000005,65000.39,65000.29,65000.19,65000.090000000004,64999.990000000005,64999.89,64999.79,64999.69]",65000.590000000004,"[0.001,0.002,0.003,0.004,0.005,0.006,0.007,0.008,0.009000000000000001,0.01]",0.001,369,mock,InstrumentType.Spot,612961744,mock,BTC-USDT
2199944884,0,0,1783610796043030701,101,depth,"[65000.799999999996,65000.899999999994,65001.0,65001.1,65001.2,65001.299999999996,65001.399999999994,65001.5,65001.6,65001.7]",65000.799999999996,"[0.001,0.002,0.003,0.004,0.005,0.006,0.007,0.008,0.009000000000000001,0.01]",0.001,"[65000.6,65000.5,65000.399999999994,65000.299999999996,65000.2,65000.1,65000.0,64999.899999999994,64999.799999999996,64999.7]",65000.6,"[0.001,0.002,0.003,0.004,0.005,0.006,0.007,0.008,0.009000000000000001,0.01]",0.001,370,mock,InstrumentType.Spot,612962160,mock,BTC-USDT
2199944884,0,0,1783610796043328333,101,depth,"[65000.81,65000.909999999996,65001.01,65001.11,65001.21,65001.31,65001.409999999996,65001.51,65001.61,65001.71]",65000.81,"[0.001,0.002,0.003,0.004,0.005,0.006,0.007,0.008,0.009000000000000001,0.01]",0.001,"[65000.61,65000.51,65000.409999999996,65000.31,65000.21,65000.11,65000.01,64999.909999999996,64999.81,64999.71]",65000.61,"[0.001,0.002,0.003,0.004,0.005,0.006,0.007,0.008,0.009000000000000001,0.01]",0.001,371,mock,InstrumentType.Spot,612962576,mock,BTC-USDT
2199944884,0,0,1783610796043630300,101,depth,"[65000.82,65000.92,65001.020000000004,65001.12,65001.22,65001.32,65001.42,65001.520000000004,65001.62,65001.72]",65000.82,"[0.001,0.002,0.003,0.004,0.005,0.006,0.007,0.008,0.009000000000000001,0.01]",0.001,"[65000.62,65000.520000000004,65000.42,65000.32,65000.22,65000.12,65000.020000000004,64999.92,64999.82,64999.72]",65000.62,"[0.001,0.002,0.003,0.004,0.005,0.006,0.007,0.008,0.009000000000000001,0.01]",0.001,372,mock,InstrumentType.Spot,612962992,mock,BTC-USDT
2199944884,0,0,1783610796043941647,101,depth,"[65000.83,65000.93,65001.030000000006,65001.130000000005,65001.23,65001.33,65001.43,65001.530000000006,65001.630000000005,65001.73]",65000.83,"[0.001,0.002,0.003,0.004,0.005,0.006,0.007,0.008,0.009000000000000001,0.01]",0.001,"[65000.630000000005,65000.530000000006,65000.43,65000.33,65000.23,65000.130000000005,65000.030000000006,64999.93,64999.83,64999.73]",65000.630000000005,"[0.001,0.002,0.003,0.004,0.005,0.006,0.007,0.008,0.009000000000000001,0.01]",0.001,373,mock,InstrumentType.Spot,612963408,mock,BTC-USDT
2199944884,0,0,1783610796044228459,101,depth,"[65000.84,65000.939999999995,65001.04,65001.14,65001.24,65001.34,65001.439999999995,65001.54,65001.64,65001.74]",65000.84,"[0.001,0.002,0.003,0.004,0.005,0.006,0.007,0.008,0.009000000000000001,0.01]",0.001,"[65000.64,65000.54,65000.439999999995,65000.34,65000.24,65000.14,65000.04,64999.939999999995,64999.84,64999.74]",65000.64,"[0.001,0.002,0.003,0.004,0.005,0.006,0.007,0.008,0.009000000000000001,0.01]",0.001,374,mock,InstrumentType.Spot,612963824,mock,BTC-USDT
2199944884,0,0,1783610796044538764,101,depth,"[65000.85,65000.95,65001.05,65001.15,65001.25,65001.35,65001.45,65001.55,65001.65,65001.75]",65000.85,"[0.001,0.002,0.003,0.004,0.005,0.006,0.007,0.008,0.009000000000000001,0.01]",0.001,"[65000.65,65000.55,65000.45,65000.35,65000.25,65000.15,65000.05,64999.95,64999.85,64999.75]",65000.65,"[0.001,0.002,0.003,0.004,0.005,0.006,0.007,0.008,0.009000000000000001,0.01]",0.001,375,mock,InstrumentType.Spot,612964240,mock,BTC-USDT
2199944884,0,0,1783610796044828624,101,depth,"[65000.86,65000.96,65001.060000000005,65001.16,65001.26,65001.36,65001.46,65001.560000000005,65001.66,65001.76]",65000.86,"[0.001,0.002,0.003,0.004,0.005,0.006,0.007,0.008,0.009000000000000001,0.01]",0.001,"[65000.66,65000.560000000005,65000.46,65000.36,65000.26,65000.16,65000.060000000005,64999.96,64999.86,64999.76]",65000.66,"[0.001,0.002,0.003,0.004,0.005,0.006,0.007,0.008,0.009000000000000001,0.01]",0.001,376,mock,InstrumentType.Spot,612964656,mock,BTC-USDT
2199944884,0,0,1783610796045129200,101,depth,"[65000.869999999995,65000.969999999994,65001.07,65001.17,65001.27,65001.369999999995,65001.469999999994,65001.57,65001.67,65001.77]",65000.869999999995,"[0.001,0.002,0.003,0.004,0.005,0.006,0.007,0.008,0.009000000000000001,0.01]",0.001,"[65000.67,65000.57,65000.469999999994,65000.369999999995,65000.27,65000.17,65000.07,64999.969999999994,64999.869999999995,64999.77]",65000.67,"[0.001,0.002,0.003,0.004,0.005,0.006,0.007,0.008,0.009000000000000001,0.01]",0.001,377,mock,InstrumentType.Spot,612965072,mock,BTC-USDT
2199944884,0,0,1783610796045430019,101,depth,"[65000.88,65000.979999999996,65001.08,65001.18,65001.28,65001.38,65001.479999999996,65001.58,65001.68,65001.78]",65000.88,"[0.001,0.002,0.003,0.004,0.005,0.006,0.007,0.008,0.009000000000000001,0.01]",0.001,"[65000.68,65000.58,65000.479999999996,65000.38,65000.28,65000.18,65000.08,64999.979999999996,64999.88,64999.78]",65000.68,"[0.001,0.002,0.003,0.004,0.005,0.006,0.007,0.008,0.009000000000000001,0.01]",0.001,378,mock,InstrumentType.Spot,612965488,mock,BTC-USDT
2199944884,0,0,1783610796045729731,101,depth,"[65000.89,65000.99,65001.090000000004,65001.19,65001.29,65001.39,65001.49,65001.590000000004,65001.69,65001.79]",65000.89,"[0.001,0.002,0.003,0.004,0.005,0.006,0.007,0.008,0.009000000000000001,0.01]",0.001,"[65000.69,65000.590000000004,65000.49,65000.39,65000.29,65000.19,65000.090000000004,64999.99,64999.89,64999.79]",65000.69,"[0.001,0.002,0.003,0.004,0.005,0.006,0.007,0.008,0.009000000000000001,0.01]",0.001,379,mock,InstrumentType.Spot,612965904,mock,BTC-USDT
2199944884,0,0,1783610796046029988,101,depth,"[65000.9,65001.0,65001.100000000006,65001.200000000004,65001.3,65001.4,65001.5,65001.600000000006,65001.700000000004,65001.8]",65000.9,"[0.001,0.002,0.003,0.004,0.005,0.006,0.007,0.008,0.009000000000000001,0.01]",0.001,"[65000.700000000004,65000.600000000006,65000.5,65000.4,65000.3,65000.200000000004,65000.100000000006,65000.0,64999.9,64999.8]",65000.700000000004,"[0.001,0.002,0.003,0.004,0.005,0.006,0.007,0.008,0.009000000000000001,0.01]",0.001,380,mock,InstrumentType.Spot,612966320,mock,BTC-USDT
2199944884,0,0,1783610796046329845,101,depth,"[65000.909999999996,65001.009999999995,65001.11,65001.21,65001.31,65001.409999999996,65001.509999999995,65001.61,65001.71,65001.81]",65000.909999999996,"[0.001,0.002,0.003,0.004,0.005,0.006,0.007,0.008,0.009000000000000001,0.01]",0.001,"[65000.71,65000.61,65000.509999999995,65000.409999999996,65000.31,65000.21,65000.11,65000.009999999995,64999.909999999996,64999.81]",65000.71,"[0.001,0.002,0.003,0.004,0.005,0.006,0.007,0.008,0.009000000000000001,0.01]",0.001,381,mock,InstrumentType.Spot,612966736,mock,BTC-USDT
2199944884,0,0,1783610796046637579,101,depth,"[65000.92,65001.02,65001.12,65001.22,65001.32,65001.42,65001.52,65001.62,65001.72,65001.82]",65000.92,"[0.001,0.002,0.003,0.004,0.005,0.006,0.007,0.008,0.009000000000000001,0.01]",0.001,"[65000.72,65000.62,65000.52,65000.42,65000.32,65000.22,65000.12,65000.02,64999.92,64999.82]",65000.72,"[0.001,0.002,0.003,0.004,0.005,0.006,0.007,0.008,0.009000000000000001,0.01]",0.001,382,mock,InstrumentType.Spot,612967152,mock,BTC-USDT
2199944884,0,0,1783610796046928995,101,depth,"[65000.93,65001.03,65001.130000000005,65001.23,65001.33,65001.43,65001.53,65001.630000000005,65001.73,65001.83]",65000.93,"[0.001,0.002,0.003,0.004,0.005,0.006,0.007,0.008,0.009000000000000001,0.01]",0.001,"[65000.73,65000.630000000005,65000.53,65000.43,65000.33,65000.23,65000.130000000005,65000.03,64999.93,64999.83]",65000.73,"[0.001,0.002,0.003,0.004,0.005,0.006,0.007,0.008,0.009000000000000001,0.01]",0.001,383,mock,InstrumentType.Spot,612967568,mock,BTC-USDT
2199944884,0,0,1783610796047229948,101,depth,"[65000.939999999995,65001.03999999999,65001.14,65001.24,65001.34,65001.439999999995,65001.53999999999,65001.64,65001.74,65001.84]",65000.939999999995,"[0.001,0.002,0.003,0.004,0.005,0.006,0.007,0.008,0.009000000000000001,0.01]",0.001,"[65000.74,65000.64,65000.53999999999,65000.439999999995,65000.34,65000.24,65000.14,65000.03999999999,64999.939999999995,64999.84]",65000.74,"[0.001,0.002,0.003,0.004,0.005,0.006,0.007,0.008,0.009000000000000001,0.01]",0.001,384,mock,InstrumentType.Spot,612967984,mock,BTC-USDT
2199944884,0,0,1783610796047528527,101,depth,"[65000.95,65001.049999999996,65001.15,65001.25,65001.35,65001.45,65001.549999999996,65001.65,65001.75,65001.85]",65000.95,"[0.001,0.002,0.003,0.004,0.005,0.006,0.007,0.008,0.009000000000000001,0.01]",0.001,"[65000.75,65000.65,65000.549999999996,65000.45,65000.35,65000.25,65000.15,65000.049999999996,64999.95,64999.85]",65000.75,"[0.001,0.002,0.003,0.004,0.005,0.006,0.007,0.008,0.009000000000000001,0.01]",0.001,385,mock,InstrumentType.Spot,612968400,mock,BTC-USDT
2199944884,0,0,1783610796047828643,101,depth,"[65000.96,65001.06,65001.16,65001.26,65001.36,65001.46,65001.56,65001.66,65001.76,65001.86]",65000.96,"[0.001,0.002,0.003,0.004,0.005,0.006,0.007,0.008,0.009000000000000001,0.01]",0.001,"[65000.76,65000.66,65000.56,65000.46,65000.36,65000.26,65000.16,65000.06,64999.96,64999.86]",65000.76,"[0.001,0.002,0.003,0.004,0.005,0.006,0.007,0.008,0.009000000000000001,0.01]",0.001,386,mock,InstrumentType.Spot,612968816,mock,BTC-USDT
2199944884,0,0,1783610796048129605,101,depth,"[65000.97,65001.07,65001.170000000006,65001.270000000004,65001.37,65001.47,65001.57,65001.670000000006,65001.770000000004,65001.87]",65000.97,"[0.001,0.002,0.003,0.004,0.005,0.006,0.007,0.008,0.009000000000000001,0.01]",0.001,"[65000.770000000004,65000.670000000006,65000.57,65000.47,65000.37,65000.270000000004,65000.170000000006,65000.07,64999.97,64999.87]",65000.770000000004,"[0.001,0.002,0.003,0.004,0.005,0.006,0.007,0.008,0.009000000000000001,0.01]",0.001,387,mock,InstrumentType.Spot,612969232,mock,BTC-USDT
2199944884,0,0,1783610796048428395,101,depth,"[65000.979999999996,65001.079999999994,65001.18,65001.28,65001.38,65001.479999999996,65001.579999999994,65001.68,65001.78,65001.88]",65000.979999999996,"[0.001,0.002,0.003,0.004,0.005,0.006,0.007,0.008,0.009000000000000001,0.01]",0.001,"[65000.78,65000.68,65000.579999999994,65000.479999999996,65000.38,65000.28,65000.18,65000.079999999994,64999.979999999996,64999.88]",65000.78,"[0.001,0.002,0.003,0.004,0.005,0.006,0.007,0.008,0.009000000000000001,0.01]",0.001,388,mock,InstrumentType.Spot,612969648,mock,BTC-USDT
2199944884,0,0,1783610796048728522,101,depth,"[65000.99,65001.09,65001.19,65001.29,65001.39,65001.49,65001.59,65001.69,65001.79,65001.89]",65000.99,"[0.001,0.002,0.003,0.004,0.005,0.006,0.007,0.008,0.009000000000000001,0.01]",0.001,"[65000.79,65000.69,65000.59,65000.49,65000.39,65000.29,65000.19,65000.09,64999.99,64999.89]",65000.79,"[0.001,0.002,0.003,0.004,0.005,0.006,0.007,0.008,0.009000000000000001,0.01]",0.001,389,mock,InstrumentType.Spot,612970064,mock,BTC-USDT
2199944884,0,0,1783610796049029496,101,depth,"[65001.0,65001.1,65001.200000000004,65001.3,65001.4,65001.5,65001.6,65001.700000000004,65001.8,65001.9]",65001.0,"[0.001,0.002,0.003,0.004,0.005,0.006,0.007,0.008,0.009000000000000001,0.01]",0.001,"[65000.8,65000.700000000004,65000.6,65000.5,65000.4,65000.3,65000.200000000004,65000.1,65000.0,64999.9]",65000.8,"[0.001,0.002,0.003,0.004,0.005,0.006,0.007,0.008,0.009000000000000001,0.01]",0.001,390,mock,InstrumentType.Spot,612970480,mock,BTC-USDT
2199944884,0,0,1783610796049328704,101,depth,"[65001.01,65001.11,65001.21000000001,65001.310000000005,65001.41,65001.51,65001.61,65001.71000000001,65001.810000000005,65001.91]",65001.01,"[0.001,0.002,0.003,0.004,0.005,0.006,0.007,0.008,0.009000000000000001,0.01]",0.001,"[65000.810000000005,65000.71000000001,65000.61,65000.51,65000.41,65000.310000000005,65000.21000000001,65000.11,65000.01,64999.91]",65000.810000000005,"[0.001,0.002,0.003,0.004,0.005,0.006,0.007,0.008,0.009000000000000001,0.01]",0.001,391,mock,InstrumentType.Spot,612970896,mock,BTC-USDT
2199944884,0,0,1783610796049635493,101,depth,"[65001.02,65001.119999999995,65001.22,65001.32,65001.42,65001.52,65001.619999999995,65001.72,65001.82,65001.92]",65001.02,"[0.001,0.002,0.003,0.004,0.005,0.006,0.007,0.008,0.009000000000000001,0.01]",0.001,"[65000.82,65000.72,65000.619999999995,65000.52,65000.42,65000.32,65000.22,65000.119999999995,65000.02,64999.92]",65000.82,"[0.001,0.002,0.003,0.004,0.005,0.006,0.007,0.008,0.009000000000000001,0.01]",0.001,392,mock,InstrumentType.Spot,612971312,mock,BTC-USDT
2199944884,0,0,1783610796049929582,101,depth,"[65001.03,65001.13,65001.23,65001.33,65001.43,65001.53,65001.63,65001.73,65001.83,65001.93]",65001.03,"[0.001,0.002,0.003,0.004,0.005,0.006,0.007,0.008,0.009000000000000001,0.01]",0.001,"[65000.83,65000.73,65000.63,65000.53,65000.43,65000.33,65000.23,65000.13,65000.03,64999.93]",65000.83,"[0.001,0.002,0.003,0.004,0.005,0.006,0.007,0.008,0.009000000000000001,0.01]",0.001,393,mock,InstrumentType.Spot,612971728,mock,BTC-USDT
2199944884,0,0,1783610796050229493,101,depth,"[65001.04,65001.14,65001.240000000005,65001.340000000004,65001.44,65001.54,65001.64,65001.740000000005,65001.840000000004,65001.94]",65001.04,"[0.001,0.002,0.003,0.004,0.005,0.006,0.007,0.008,0.009000000000000001,0.01]",0.001,"[65000.840000000004,65000.740000000005,65000.64,65000.54,65000.44,65000.340000000004,65000.240000000005,65000.14,65000.04,64999.94]",65000.840000000004,"[0.001,0.002,0.003,0.004,0.005,0.006,0.007,0.008,0.009000000000000001,0.01]",0.001,394,mock,InstrumentType.Spot,612972144,mock,BTC-USDT
2199944884,0,0,1783610796050528624,101,depth,"[65001.049999999996,65001.149999999994,65001.25,65001.35,65001.45,65001.549999999996,65001.649999999994,65001.75,65001.85,65001.95]",65001.049999999996,"[0.001,0.002,0.003,0.004,0.005,0.006,0.007,0.008,0.009000000000000001,0.01]",0.001,"[65000.85,65000.75,65000.649999999994,65000.549999999996,65000.45,65000.35,65000.25,65000.149999999994,65000.049999999996,64999.95]",65000.85,"[0.001,0.002,0.003,0.004,0.005,0.006,0.007,0.008,0.009000000000000001,0.01]",0.001,395,mock,InstrumentType.Spot,612972560,mock,BTC-USDT
2199944884,0,0,1783610796050829376,101,depth,"[65001.06,65001.159999999996,65001.26,65001.36,65001.46,65001.56,65001.659999999996,65001.76,65001.86,65001.96]",65001.06,"[0.001,0.002,0.003,0.004,0.005,0.006,0.007,0.008,0.009000000000000001,0.01]",0.001,"[65000.86,65000.76,65000.659999999996,65000.56,65000.46,65000.36,65000.26,65000.159999999996,65000.06,64999.96]",65000.86,"[0.001,0.002,0.003,0.004,0.005,0.006,0.007,0.008,0.009000000000000001,0.01]",0.001,396,mock,InstrumentType.Spot,612972976,mock,BTC-USDT
2199944884,0,0,1783610796051128544,101,depth,"[65001.07,65001.17,65001.270000000004,65001.37,65001.47,65001.57,65001.67,65001.770000000004,65001.87,65001.97]",65001.07,"[0.001,0.002,0.003,0.004,0.005,0.006,0.007,0.008,0.009000000000000001,0.01]",0.001,"[65000.87,65000.770000000004,65000.67,65000.57,65000.47,65000.37,65000.270000000004,65000.17,65000.07,64999.97]",65000.87,"[0.001,0.002,0.003,0.004,0.005,0.006,0.007,0.008,0.009000000000000001,0.01]",0.001,397,mock,InstrumentType.Spot,612973392,mock,BTC-USDT
2199944884,0,0,1783610796051428808,101,depth,"[65001.08,65001.18,65001.280000000006,65001.380000000005,65001.48,65001.58,65001.68,65001.780000000006,65001.880000000005,65001.98]",65001.08,"[0.001,0.002,0.003,0.004,0.005,0.006,0.007,0.008,0.009000000000000001,0.01]",0.001,"[65000.880000000005,65000.780000000006,65000.68,65000.58,65000.48,65000.380000000005,65000.280000000006,65000.18,65000.08,64999.98]",65000.880000000005,"[0.001,0.002,0.003,0.004,0.005,0.006,0.007,0.008,0.009000000000000001,0.01]",0.001,398,mock,InstrumentType.Spot,612973808,mock,BTC-USDT
2199944884,0,0,1783610796051729319,101,depth,"[65001.09,65001.189999999995,65001.29,65001.39,65001.49,65001.59,65001.689999999995,65001.79,65001.89,65001.99]",65001.09,"[0.001,0.002,0.003,0.004,0.005,0.006,0.007,0.008,0.009000000000000001,0.01]",0.001,"[65000.89,65000.79,65000.689999999995,65000.59,65000.49,65000.39,65000.29,65000.189999999995,65000.09,64999.99]",65000.89,"[0.001,0.002,0.003,0.004,0.005,0.006,0.007,0.008,0.009000000000000001,0.01]",0.001,399,mock,InstrumentType.Spot,612974224,mock,BTC-USDT
2199944884,0,0,1783610796052029499,101,depth,"[65000.1,65000.2,65000.3,65000.4,65000.5,65000.6,65000.7,65000.8,65000.9,65001.0]",65000.1,"[0.001,0.002,0.003,0.004,0.005,0.006,0.007,0.008,0.009000000000000001,0.01]",0.001,"[64999.9,64999.8,64999.7,64999.6,64999.5,64999.4,64999.3,64999.2,64999.1,64999.0]",64999.9,"[0.001,0.002,0.003,0.004,0.005,0.006,0.007,0.008,0.009000000000000001,0.01]",0.001,400,mock,InstrumentType.Spot,612974640,mock,BTC-USDT
2199944884,0,0,1783610796052338183,101,depth,"[65000.11,65000.21,65000.310000000005,65000.41,65000.51,65000.61,65000.71,65000.810000000005,65000.91,65001.01]",65000.11,"[0.001,0.002,0.003,0.004,0.005,0.006,0.007,0.008,0.009000000000000001,0.01]",0.001,"[64999.91,64999.810000000005,64999.71,64999.61,64999.51,64999.41,64999.310000000005,64999.21,64999.11,64999.01]",64999.91,"[0.001,0.002,0.003,0.004,0.005,0.006,0.007,0.008,0.009000000000000001,0.01]",0.001,401,mock,InstrumentType.Spot,612975056,mock,BTC-USDT
2199944884,0,0,1783610796052629757,101,depth,"[65000.119999999995,65000.219999999994,65000.32,65000.42,65000.52,65000.619999999995,65000.719999999994,65000.82,65000.92,65001.02]",65000.119999999995,"[0.001,0.002,0.003,0.004,0.005,0.006,0.007,0.008,0.009000000000000001,0.01]",0.001,"[64999.92,64999.82,64999.719999999994,64999.619999999995,64999.52,64999.42,64999.32,64999.219999999994,64999.119999999995,64999.02]",64999.92,"[0.001,0.002,0.003,0.004,0.005,0.006,0.007,0.008,0.009000000000000001,0.01]",0.001,402,mock,InstrumentType.Spot,612954368,mock,BTC-USDT
2199944884,0,0,1783610796052929540,101,depth,"[65000.13,65000.229999999996,65000.33,65000.43,65000.53,65000.63,65000.729999999996,65000.83,65000.93,65001.03]",65000.13,"[0.001,0.002,0.003,0.004,0.005,0.006,0.007,0.008,0.009000000000000001,0.01]",0.001,"[64999.93,64999.83,64999.729999999996,64999.63,64999.53,64999.43,64999.33,64999.229999999996,64999.13,64999.03]",64999.93,"[0.001,0.002,0.003,0.004,0.005,0.006,0.007,0.008,0.009000000000000001,0.01]",0.001,403,mock,InstrumentType.Spot,612954928,mock,BTC-USDT
2199944884,0,0,1783610796053228505,101,depth,"[65000.14,65000.24,65000.340000000004,65000.44,65000.54,65000.64,65000.74,65000.840000000004,65000.94,65001.04]",65000.14,"[0.001,0.002,0.003,0.004,0.005,0.006,0.007,0.008,0.009000000000000001,0.01]",0.001,"[64999.94,64999.840000000004,64999.74,64999.64,64999.54,64999.44,64999.340000000004,64999.24,64999.14,64999.04]",64999.94,"[0.001,0.002,0.003,0.004,0.005,0.006,0.007,0.008,0.009000000000000001,0.01]",0.001,404,mock,InstrumentType.Spot,612955488,mock,BTC-USDT
2199944884,0,0,1783610796053528414,101,depth,"[65000.15,65000.25,65000.350000000006,65000.450000000004,65000.55,65000.65,65000.75,65000.850000000006,65000.950000000004,65001.05]",65000.15,"[0.001,0.002,0.003,0.004,0.005,0.006,0.007,0.008,0.009000000000000001,0.01]",0.001,"[64999.950000000004,64999.850000000006,64999.75,64999.65,64999.55,64999.450000000004,64999.350000000006,64999.25,64999.15,64999.05]",64999.950000000004,"[0.001,0.002,0.003,0.004,0.005,0.006,0.007,0.008,0.009000000000000001,0.01]",0.001,405,mock,InstrumentType.Spot,612956048,mock,BTC-USDT
2199944884,0,0,1783610796053828398,101,depth,"[65000.159999999996,65000.259999999995,65000.36,65000.46,65000.56,65000.659999999996,65000.759999999995,65000.86,65000.96,65001.06]",65000.159999999996,"[0.001,0.002,0.003,0.004,0.005,0.006,0.007,0.008,0.009000000000000001,0.01]",0.001,"[64999.96,64999.86,64999.759999999995,64999.659999999996,64999.56,64999.46,64999.36,64999.259999999995,64999.159999999996,64999.06]",64999.96,"[0.001,0.002,0.003,0.004,0.005,0.006,0.007,0.008,0.009000000000000001,0.01]",0.001,406,mock,InstrumentType.Spot,612956608,mock,BTC-USDT
2199944884,0,0,1783610796054129537,101,depth,"[65000.17,65000.27,65000.37,65000.47,65000.57,65000.67,65000.77,65000.87,65000.97,65001.07]",65000.17,"[0.001,0.002,0.003,0.004,0.005,0.006,0.007,0.008,0.009000000000000001,0.01]",0.001,"[64999.97,64999.87,64999.77,64999.67,64999.57,64999.47,64999.37,64999.27,64999.17,64999.07]",64999.97,"[0.001,0.002,0.003,0.004,0.005,0.006,0.007,0.008,0.009000000000000001,0.01]",0.001,407,mock,InstrumentType.Spot,612957168,mock,BTC-USDT
2199944884,0,0,1783610796054429220,101,depth,"[65000.18,65000.28,65000.380000000005,65000.48,65000.58,65000.68,65000.78,65000.880000000005,65000.98,65001.08]",65000.18,"[0.001,0.002,0.003,0.004,0.005,0.006,0.007,0.008,0.009000000000000001,0.01]",0.001,"[64999.98,64999.880000000005,64999.78,64999.68,64999.58,64999.48,64999.380000000005,64999.28,64999.18,64999.08]",64999.98,"[0.001,0.002,0.003,0.004,0.005,0.006,0.007,0.008,0.009000000000000001,0.01]",0.001,408,mock,InstrumentType.Spot,612979136,mock,BTC-USDT
2199944884,0,0,1783610796054728498,101,depth,"[65000.189999999995,65000.28999999999,65000.39,65000.49,65000.59,65000.689999999995,65000.78999999999,65000.89,65000.99,65001.09]",65000.189999999995,"[0.001,0.002,0.003,0.004,0.005,0.006,0.007,0.008,0.009000000000000001,0.01]",0.001,"[64999.99,64999.89,64999.78999999999,64999.689999999995,64999.59,64999.49,64999.39,64999.28999999999,64999.189999999995,64999.09]",64999.99,"[0.001,0.002,0.003,0.004,0.005,0.006,0.007,0.008,0.009000000000000001,0.01]",0.001,409,mock,InstrumentType.Spot,612979552,mock,BTC-USDT
2199944884,0,0,1783610796055029570,101,depth,"[65000.2,65000.299999999996,65000.4,65000.5,65000.6,65000.7,65000.799999999996,65000.9,65001.0,65001.1]",65000.2,"[0.001,0.002,0.003,0.004,0.005,0.006,0.007,0.008,0.009000000000000001,0.01]",0.001,"[65000.0,64999.9,64999.799999999996,64999.7,64999.6,64999.5,64999.4,64999.299999999996,64999.2,64999.1]",65000.0,"[0.001,0.002,0.003,0.004,0.005,0.006,0.007,0.008,0.009000000000000001,0.01]",0.001,410,mock,InstrumentType.Spot,612979968,mock,BTC-USDT
2199944884,0,0,1783610796055336053,101,depth,"[65000.21,65000.31,65000.41,65000.51,65000.61,65000.71,65000.81,65000.91,65001.01,65001.11]",65000.21,"[0.001,0.002,0.003,0.004,0.005,0.006,0.007,0.008,0.009000000000000001,0.01]",0.001,"[65000.01,64999.91,64999.81,64999.71,64999.61,64999.51,64999.41,64999.31,64999.21,64999.11]",65000.01,"[0.001,0.002,0.003,0.004,0.005,0.006,0.007,0.008,0.009000000000000001,0.01]",0.001,411,mock,InstrumentType.Spot,612980384,mock,BTC-USDT
2199944884,0,0,1783610796055628733,101,depth,"[65000.22,65000.32,65000.420000000006,65000.520000000004,65000.62,65000.72,65000.82,65000.920000000006,65001.020000000004,65001.12]",65000.22,"[0.001,0.002,0.003,0.004,0.005,0.006,0.007,0.008,0.009000000000000001,0.01]",0.001,"[65000.020000000004,64999.920000000006,64999.82,64999.72,64999.62,64999.520000000004,64999.420000000006,64999.32,64999.22,64999.12]",65000.020000000004,"[0.001,0.002,0.003,0.004,0.005,0.006,0.007,0.008,0.009000000000000001,0.01]",0.001,412,mock,InstrumentType.Spot,612980800,mock,BTC-USDT
2199944884,0,0,1783610796055928386,101,depth,"[65000.229999999996,65000.329999999994,65000.43,65000.53,65000.63,65000.729999999996,65000.829999999994,65000.93,65001.03,65001.13]",65000.229999999996,"[0.001,0.002,0.003,0.004,0.005,0.006,0.007,0.008,0.009000000000000001,0.01]",0.001,"[65000.03,64999.93,64999.829999999994,64999.729999999996,64999.63,64999.53,64999.43,64999.329999999994,64999.229999999996,64999.13]",65000.03,"[0.001,0.002,0.003,0.004,0.005,0.006,0.007,0.008,0.009000000000000001,0.01]",0.001,413,mock,InstrumentType.Spot,612981216,mock,BTC-USDT
2199944884,0,0,1783610796056229523,101,depth,"[65000.24,65000.34,65000.44,65000.54,65000.64,65000.74,65000.84,65000.94,65001.04,65001.14]",65000.24,"[0.001,0.002,0.003,0.004,0.005,0.006,0.007,0.008,0.009000000000000001,0.01]",0.001,"[65000.04,64999.94,64999.84,64999.74,64999.64,64999.54,64999.44,64999.34,64999.24,64999.14]",65000.04,"[0.001,0.002,0.003,0.004,0.005,0.006,0.007,0.008,0.009000000000000001,0.01]",0.001,414,mock,InstrumentType.Spot,612981632,mock,BTC-USDT
2199944884,0,0,1783610796056528731,101,depth,"[65000.25,65000.35,65000.450000000004,65000.55,65000.65,65000.75,65000.85,65000.950000000004,65001.05,65001.15]",65000.25,"[0.001,0.002,0.003,0.004,0.005,0.006,0.007,0.008,0.009000000000000001,0.01]",0.001,"[65000.05,64999.950000000004,64999.85,64999.75,64999.65,64999.55,64999.450000000004,64999.35,64999.25,64999.15]",65000.05,"[0.001,0.002,0.003,0.004,0.005,0.006,0.007,0.008,0.009000000000000001,0.01]",0.001,415,mock,InstrumentType.Spot,612982048,mock,BTC-USDT
2199944884,0,0,1783610796056828344,101,depth,"[65000.26,65000.36,65000.46000000001,65000.560000000005,65000.66,65000.76,65000.86,65000.96000000001,65001.060000000005,65001.16]",65000.26,"[0.001,0.002,0.003,0.004,0.005,0.006,0.007,0.008,0.009000000000000001,0.01]",0.001,"[65000.060000000005,64999.96000000001,64999.86,64999.76,64999.66,64999.560000000005,64999.46000000001,64999.36,64999.26,64999.16]",65000.060000000005,"[0.001,0.002,0.003,0.004,0.005,0.006,0.007,0.008,0.009000000000000001,0.01]",0.001,416,mock,InstrumentType.Spot,612982464,mock,BTC-USDT
2199944884,0,0,1783610796057129729,101,depth,"[65000.27,65000.369999999995,65000.47,65000.57,65000.67,65000.77,65000.869999999995,65000.97,65001.07,65001.17]",65000.27,"[0.001,0.002,0.003,0.004,0.005,0.006,0.007,0.008,0.009000000000000001,0.01]",0.001,"[65000.07,64999.97,64999.869999999995,64999.77,64999.67,64999.57,64999.47,64999.369999999995,64999.27,64999.17]",65000.07,"[0.001,0.002,0.003,0.004,0.005,0.006,0.007,0.008,0.009000000000000001,0.01]",0.001,417,mock,InstrumentType.Spot,612982880,mock,BTC-USDT
2199944884,0,0,1783610796057428612,101,depth,"[65000.28,65000.38,65000.48,65000.58,65000.68,65000.78,65000.88,65000.98,65001.08,65001.18]",65000.28,"[0.001,0.002,0.003,0.004,0.005,0.006,0.007,0.008,0.009000000000000001,0.01]",0.001,"[65000.08,64999.98,64999.88,64999.78,64999.68,64999.58,64999.48,64999.38,64999.28,64999.18]",65000.08,"[0.001,0.002,0.003,0.004,0.005,0.006,0.007,0.008,0.009000000000000001,0.01]",0.001,418,mock,InstrumentType.Spot,612983296,mock,BTC-USDT
2199944884,0,0,1783610796057728490,101,depth,"[65000.29,65000.39,65000.490000000005,65000.590000000004,65000.69,65000.79,65000.89,65000.990000000005,65001.090000000004,65001.19]",65000.29,"[0.001,0.002,0.003,0.004,0.005,0.006,0.007,0.008,0.009000000000000001,0.01]",0.001,"[65000.090000000004,64999.990000000005,64999.89,64999.79,64999.69,64999.590000000004,64999.490000000005,64999.39,64999.29,64999.19]",65000.090000000004,"[0.001,0.002,0.003,0.004,0.005,0.006,0.007,0.008,0.009000000000000001,0.01]",0.001,419,mock,InstrumentType.Spot,612983712,mock,BTC-USDT
2199944884,0,0,1783610796058056914,101,depth,"[65000.299999999996,65000.399999999994,65000.5,65000.6,65000.7,65000.799999999996,65000.899999999994,65001.0,65001.1,65001.2]",65000.299999999996,"[0.001,0.002,0.003,0.004,0.005,0.006,0.007,0.008,0.009000000000000001,0.01]",0.001,"[65000.1,65000.0,64999.899999999994,64999.799999999996,64999.7,64999.6,64999.5,64999.399999999994,64999.299999999996,64999.2]",65000.1,"[0.001,0.002,0.003,0.004,0.005,0.006,0.007,0.008,0.009000000000000001,0.01]",0.001,420,mock,InstrumentType.Spot,612984128,mock,BTC-USDT
2199944884,0,0,1783610796058329954,101,depth,"[65000.31,65000.409999999996,65000.51,65000.61,65000.71,65000.81,65000.909999999996,65001.01,65001.11,65001.21]",65000.31,"[0.001,0.002,0.003,0.004,0.005,0.006,0.007,0.008,0.009000000000000001,0.01]",0.001,"[65000.11,65000.01,64999.909999999996,64999.81,64999.71,64999.61,64999.51,64999.409999999996,64999.31,64999.21]",65000.11,"[0.001,0.002,0.003,0.004,0.005,0.006,0.007,0.008,0.009000000000000001,0.01]",0.001,421,mock,InstrumentType.Spot,612984544,mock,BTC-USDT
2199944884,0,0,1783610796058628863,101,depth,"[65000.32,65000.42,65000.520000000004,65000.62,65000.72,65000.82,65000.92,65001.020000000004,65001.12,65001.22]",65000.32,"[0.001,0.002,0.003,0.004,0.005,0.006,0.007,0.008,0.009000000000000001,0.01]",0.001,"[65000.12,65000.020000000004,64999.92,64999.82,64999.72,64999.62,64999.520000000004,64999.42,64999.32,64999.22]",65000.12,"[0.001,0.002,0.003,0.004,0.005,0.006,0.007,0.008,0.009000000000000001,0.01]",0.001,422,mock,InstrumentType.Spot,612984960,mock,BTC-USDT
2199944884,0,0,1783610796058928657,101,depth,"[65000.33,65000.43,65000.530000000006,65000.630000000005,65000.73,65000.83,65000.93,65001.030000000006,65001.130000000005,65001.23]",65000.33,"[0.001,0.002,0.003,0.004,0.005,0.006,0.007,0.008,0.009000000000000001,0.01]",0.001,"[65000.130000000005,65000.030000000006,64999.93,64999.83,64999.73,64999.630000000005,64999.530000000006,64999.43,64999.33,64999.23]",65000.130000000005,"[0.001,0.002,0.003,0.004,0.005,0.006,0.007,0.008,0.009000000000000001,0.01]",0.001,423,mock,InstrumentType.Spot,612985376,mock,BTC-USDT
2199944884,0,0,1783610796059231009,101,depth,"[65000.34,65000.439999999995,65000.54,65000.64,65000.74,65000.84,65000.939999999995,65001.04,65001.14,65001.24]",65000.34,"[0.001,0.002,0.003,0.004,0.005,0.006,0.007,0.008,0.009000000000000001,0.01]",0.001,"[65000.14,65000.04,64999.939999999995,64999.84,64999.74,64999.64,64999.54,64999.439999999995,64999.34,64999.24]",65000.14,"[0.001,0.002,0.003,0.004,0.005,0.006,0.007,0.008,0.009000000000000001,0.01]",0.001,424,mock,InstrumentType.Spot,612985792,mock,BTC-USDT
2199944884,0,0,1783610796059530320,101,depth,"[65000.35,65000.45,65000.55,65000.65,65000.75,65000.85,65000.95,65001.05,65001.15,65001.25]",65000.35,"[0.001,0.002,0.003,0.004,0.005,0.006,0.007,0.008,0.009000000000000001,0.01]",0.001,"[65000.15,65000.05,64999.95,64999.85,64999.75,64999.65,64999.55,64999.45,64999.35,64999.25]",65000.15,"[0.001,0.002,0.003,0.004,0.005,0.006,0.007,0.008,0.009000000000000001,0.01]",0.001,425,mock,InstrumentType.Spot,612986208,mock,BTC-USDT
2199944884,0,0,1783610796059828768,101,depth,"[65000.36,65000.46,65000.560000000005,65000.66,65000.76,65000.86,65000.96,65001.060000000005,65001.16,65001.26]",65000.36,"[0.001,0.002,0.003,0.004,0.005,0.006,0.007,0.008,0.009000000000000001,0.01]",0.001,"[65000.16,65000.060000000005,64999.96,64999.86,64999.76,64999.66,64999.560000000005,64999.46,64999.36,64999.26]",65000.16,"[0.001,0.002,0.003,0.004,0.005,0.006,0.007,0.008,0.009000000000000001,0.01]",0.001,426,mock,InstrumentType.Spot,612986624,mock,BTC-USDT
2199944884,0,0,1783610796060129710,101,depth,"[65000.369999999995,65000.469999999994,65000.57,65000.67,65000.77,65000.869999999995,65000.969999999994,65001.07,65001.17,65001.27]",65000.369999999995,"[0.001,0.002,0.003,0.004,0.005,0.006,0.007,0.008,0.009000000000000001,0.01]",0.001,"[65000.17,65000.07,64999.969999999994,64999.869999999995,64999.77,64999.67,64999.57,64999.469999999994,64999.369999999995,64999.27]",65000.17,"[0.001,0.002,0.003,0.004,0.005,0.006,0.007,0.008,0.009000000000000001,0.01]",0.001,427,mock,InstrumentType.Spot,612987040,mock,BTC-USDT
2199944884,0,0,1783610796060428699,101,depth,"[65000.38,65000.479999999996,65000.58,65000.68,65000.78,65000.88,65000.979999999996,65001.08,65001.18,65001.28]",65000.38,"[0.001,0.002,0.003,0.004,0.005,0.006,0.007,0.008,0.009000000000000001,0.01]",0.001,"[65000.18,65000.08,64999.979999999996,64999.88,64999.78,64999.68,64999.58,64999.479999999996,64999.38,64999.28]",65000.18,"[0.001,0.002,0.003,0.004,0.005,0.006,0.007,0.008,0.009000000000000001,0.01]",0.001,428,mock,InstrumentType.Spot,612987456,mock,BTC-USDT
2199944884,0,0,1783610796060728737,101,depth,"[65000.39,65000.49,65000.590000000004,65000.69,65000.79,65000.89,65000.99,65001.090000000004,65001.19,65001.29]",65000.39,"[0.001,0.002,0.003,0.004,0.005,0.006,0.007,0.008,0.009000000000000001,0.01]",0.001,"[65000.19,65000.090000000004,64999.99,64999.89,64999.79,64999.69,64999.590000000004,64999.49,64999.39,64999.29]",65000.19,"[0.001,0.002,0.003,0.004,0.005,0.006,0.007,0.008,0.009000000000000001,0.01]",0.001,429,mock,InstrumentType.Spot,612987872,mock,BTC-USDT
2199944884,0,0,1783610796061040570,101,depth,"[65000.4,65000.5,65000.600000000006,65000.700000000004,65000.8,65000.9,65001.0,65001.100000000006,65001.200000000004,65001.3]",65000.4,"[0.001,0.002,0.003,0.004,0.005,0.006,0.007,0.008,0.009000000000000001,0.01]",0.001,"[65000.200000000004,65000.100000000006,65000.0,64999.9,64999.8,64999.700000000004,64999.600000000006,64999.5,64999.4,64999.3]",65000.200000000004,"[0.001,0.002,0.003,0.004,0.005,0.006,0.007,0.008,0.009000000000000001,0.01]",0.001,430,mock,InstrumentType.Spot,612988288,mock,BTC-USDT
2199944884,0,0,1783610796061328931,101,depth,"[65000.409999999996,65000.509999999995,65000.61,65000.71,65000.81,65000.909999999996,65001.009999999995,65001.11,65001.21,65001.31]",65000.409999999996,"[0.001,0.002,0.003,0.004,0.005,0.006,0.007,0.008,0.009000000000000001,0.01]",0.001,"[65000.21,65000.11,65000.009999999995,64999.909999999996,64999.81,64999.71,64999.61,64999.509999999995,64999.409999999996,64999.31]",65000.21,"[0.001,0.002,0.003,0.004,0.005,0.006,0.007,0.008,0.009000000000000001,0.01]",0.001,431,mock,InstrumentType.Spot,612988704,mock,BTC-USDT
2199944884,0,0,1783610796061628895,101,depth,"[65000.42,65000.52,65000.62,65000.72,65000.82,65000.92,65001.02,65001.12,65001.22,65001.32]",65000.42,"[0.001,0.002,0.003,0.004,0.005,0.006,0.007,0.008,0.009000000000000001,0.01]",0.001,"[65000.22,65000.12,65000.02,64999.92,64999.82,64999.72,64999.62,64999.52,64999.42,64999.32]",65000.22,"[0.001,0.002,0.003,0.004,0.005,0.006,0.007,0.008,0.009000000000000001,0.01]",0.001,432,mock,InstrumentType.Spot,612989120,mock,BTC-USDT
2199944884,0,0,1783610796061929231,101,depth,"[65000.43,65000.53,65000.630000000005,65000.73,65000.83,65000.93,65001.03,65001.130000000005,65001.23,65001.33]",65000.43,"[0.001,0.002,0.003,0.004,0.005,0.006,0.007,0.008,0.009000000000000001,0.01]",0.001,"[65000.23,65000.130000000005,65000.03,64999.93,64999.83,64999.73,64999.630000000005,64999.53,64999.43,64999.33]",65000.23,"[0.001,0.002,0.003,0.004,0.005,0.006,0.007,0.008,0.009000000000000001,0.01]",0.001,433,mock,InstrumentType.Spot,612989536,mock,BTC-USDT
2199944884,0,0,1783610796062228885,101,depth,"[65000.439999999995,65000.53999999999,65000.64,65000.74,65000.84,65000.939999999995,65001.03999999999,65001.14,65001.24,65001.34]",65000.439999999995,"[0.001,0.002,0.003,0.004,0.005,0.006,0.007,0.008,0.009000000000000001,0.01]",0.001,"[65000.24,65000.14,65000.03999999999,64999.939999999995,64999.84,64999.74,64999.64,64999.53999999999,64999.439999999995,64999.34]",65000.24,"[0.001,0.002,0.003,0.004,0.005,0.006,0.007,0.008,0.009000000000000001,0.01]",0.001,434,mock,InstrumentType.Spot,612989952,mock,BTC-USDT
2199944884,0,0,1783610796062528687,101,depth,"[65000.45,65000.549999999996,65000.65,65000.75,65000.85,65000.95,65001.049999999996,65001.15,65001.25,65001.35]",65000.45,"[0.001,0.002,0.003,0.004,0.005,0.006,0.007,0.008,0.009000000000000001,0.01]",0.001,"[65000.25,65000.15,65000.049999999996,64999.95,64999.85,64999.75,64999.65,64999.549999999996,64999.45,64999.35]",65000.25,"[0.001,0.002,0.003,0.004,0.005,0.006,0.007,0.008,0.009000000000000001,0.01]",0.001,435,mock,InstrumentType.Spot,612990368,mock,BTC-USDT
2199944884,0,0,1783610796062829377,101,depth,"[65000.46,65000.56,65000.66,65000.76,65000.86,65000.96,65001.06,65001.16,65001.26,65001.36]",65000.46,"[0.001,0.002,0.003,0.004,0.005,0.006,0.007,0.008,0.009000000000000001,0.01]",0.001,"[65000.26,65000.16,65000.06,64999.96,64999.86,64999.76,64999.66,64999.56,64999.46,64999.36]",65000.26,"[0.001,0.002,0.003,0.004,0.005,0.006,0.007,0.008,0.009000000000000001,0.01]",0.001,436,mock,InstrumentType.Spot,612990784,mock,BTC-USDT
2199944884,0,0,1783610796063132048,101,depth,"[65000.47,65000.57,65000.670000000006,65000.770000000004,65000.87,65000.97,65001.07,65001.170000000006,65001.270000000004,65001.37]",65000.47,"[0.001,0.002,0.003,0.004,0.005,0.006,0.007,0.008,0.009000000000000001,0.01]",0.001,"[65000.270000000004,65000.170000000006,65000.07,64999.97,64999.87,64999.770000000004,64999.670000000006,64999.57,64999.47,64999.37]",65000.270000000004,"[0.001,0.002,0.003,0.004,0.005,0.006,0.007,0.008,0.009000000000000001,0.01]",0.001,437,mock,InstrumentType.Spot,612991200,mock,BTC-USDT
2199944884,0,0,1783610796063428895,101,depth,"[65000.479999999996,65000.579999999994,65000.68,65000.78,65000.88,65000.979999999996,65001.079999999994,65001.18,65001.28,65001.38]",65000.479999999996,"[0.001,0.002,0.003,0.004,0.005,0.006,0.007,0.008,0.009000000000000001,0.01]",0.001,"[65000.28,65000.18,65000.079999999994,64999.979999999996,64999.88,64999.78,64999.68,64999.579999999994,64999.479999999996,64999.38]",65000.28,"[0.001,0.002,0.003,0.004,0.005,0.006,0.007,0.008,0.009000000000000001,0.01]",0.001,438,mock,InstrumentType.Spot,612991616,mock,BTC-USDT
2199944884,0,0,1783610796063738857,101,depth,"[65000.49,65000.59,65000.69,65000.79,65000.89,65000.99,65001.09,65001.19,65001.29,65001.39]",65000.49,"[0.001,0.002,0.003,0.004,0.005,0.006,0.007,0.008,0.009000000000000001,0.01]",0.001,"[65000.29,65000.19,65000.09,64999.99,64999.89,64999.79,64999.69,64999.59,64999.49,64999.39]",65000.29,"[0.001,0.002,0.003,0.004,0.005,0.006,0.007,0.008,0.009000000000000001,0.01]",0.001,439,mock,InstrumentType.Spot,612992032,mock,BTC-USDT
2199944884,0,0,1783610796064029615,101,depth,"[65000.5,65000.6,65000.700000000004,65000.8,65000.9,65001.0,65001.1,65001.200000000004,65001.3,65001.4]",65000.5,"[0.001,0.002,0.003,0.004,0.005,0.006,0.007,0.008,0.009000000000000001,0.01]",0.001,"[65000.3,65000.200000000004,65000.1,65000.0,64999.9,64999.8,64999.700000000004,64999.6,64999.5,64999.4]",65000.3,"[0.001,0.002,0.003,0.004,0.005,0.006,0.007,0.008,0.009000000000000001,0.01]",0.001,440,mock,InstrumentType.Spot,612992448,mock,BTC-USDT
2199944884,0,0,1783610796064329303,101,depth,"[65000.51,65000.61,65000.71000000001,65000.810000000005,65000.91,65001.01,65001.11,65001.21000000001,65001.310000000005,65001.41]",65000.51,"[0.001,0.002,0.003,0.004,0.005,0.006,0.007,0.008,0.009000000000000001,0.01]",0.001,"[65000.310000000005,65000.21000000001,65000.11,65000.01,64999.91,64999.810000000005,64999.71000000001,64999.61,64999.51,64999.41]",65000.310000000005,"[0.001,0.002,0.003,0.004,0.005,0.006,0.007,0.008,0.009000000000000001,0.01]",0.001,441,mock,InstrumentType.Spot,612992864,mock,BTC-USDT
2199944884,0,0,1783610796064628466,101,depth,"[65000.52,65000.619999999995,65000.72,65000.82,65000.92,65001.02,65001.119999999995,65001.22,65001.32,65001.42]",65000.52,"[0.001,0.002,0.003,0.004,0.005,0.006,0.007,0.008,0.009000000000000001,0.01]",0.001,"[65000.32,65000.22,65000.119999999995,65000.02,64999.92,64999.82,64999.72,64999.619999999995,64999.52,64999.42]",65000.32,"[0.001,0.002,0.003,0.004,0.005,0.006,0.007,0.008,0.009000000000000001,0.01]",0.001,442,mock,InstrumentType.Spot,612993280,mock,BTC-USDT
2199944884,0,0,1783610796064928392,101,depth,"[65000.53,65000.63,65000.73,65000.83,65000.93,65001.03,65001.13,65001.23,65001.33,65001.43]",65000.53,"[0.001,0.002,0.003,0.004,0.005,0.006,0.007,0.008,0.009000000000000001,0.01]",0.001,"[65000.33,65000.23,65000.13,65000.03,64999.93,64999.83,64999.73,64999.63,64999.53,64999.43]",65000.33,"[0.001,0.002,0.003,0.004,0.005,0.006,0.007,0.008,0.009000000000000001,0.01]",0.001,443,mock,InstrumentType.Spot,612993696,mock,BTC-USDT
2199944884,0,0,1783610796065230958,101,depth,"[65000.54,65000.64,65000.740000000005,65000.840000000004,65000.94,65001.04,65001.14,65001.240000000005,65001.340000000004,65001.44]",65000.54,"[0.001,0.002,0.003,0.004,0.005,0.006,0.007,0.008,0.009000000000000001,0.01]",0.001,"[65000.340000000004,65000.240000000005,65000.14,65000.04,64999.94,64999.840000000004,64999.740000000005,64999.64,64999.54,64999.44]",65000.340000000004,"[0.001,0.002,0.003,0.004,0.005,0.006,0.007,0.008,0.009000000000000001,0.01]",0.001,444,mock,InstrumentType.Spot,612994112,mock,BTC-USDT
2199944884,0,0,1783610796065528578,101,depth,"[65000.549999999996,65000.649999999994,65000.75,65000.85,65000.95,65001.049999999996,65001.149999999994,65001.25,65001.35,65001.45]",65000.549999999996,"[0.001,0.002,0.003,0.004,0.005,0.006,0.007,0.008,0.009000000000000001,0.01]",0.001,"[65000.35,65000.25,65000.149999999994,65000.049999999996,64999.95,64999.85,64999.75,64999.649999999994,64999.549999999996,64999.45]",65000.35,"[0.001,0.002,0.003,0.004,0.005,0.006,0.007,0.008,0.009000000000000001,0.01]",0.001,445,mock,InstrumentType.Spot,612994528,mock,BTC-USDT
2199944884,0,0,1783610796065829275,101,depth,"[65000.56,65000.659999999996,65000.76,65000.86,65000.96,65001.06,65001.159999999996,65001.26,65001.36,65001.46]",65000.56,"[0.001,0.002,0.003,0.004,0.005,0.006,0.007,0.008,0.009000000000000001,0.01]",0.001,"[65000.36,65000.26,65000.159999999996,65000.06,64999.96,64999.86,64999.76,64999.659999999996,64999.56,64999.46]",65000.36,"[0.001,0.002,0.003,0.004,0.005,0.006,0.007,0.008,0.009000000000000001,0.01]",0.001,446,mock,InstrumentType.Spot,612994944,mock,BTC-USDT
2199944884,0,0,1783610796066130226,101,depth,"[65000.57,65000.67,65000.770000000004,65000.87,65000.97,65001.07,65001.17,65001.270000000004,65001.37,65001.47]",65000.57,"[0.001,0.002,0.003,0.004,0.005,0.006,0.007,0.008,0.009000000000000001,0.01]",0.001,"[65000.37,65000.270000000004,65000.17,65000.07,64999.97,64999.87,64999.770000000004,64999.67,64999.57,64999.47]",65000.37,"[0.001,0.002,0.003,0.004,0.005,0.006,0.007,0.008,0.009000000000000001,0.01]",0.001,447,mock,InstrumentType.Spot,612995360,mock,BTC-USDT
2199944884,0,0,1783610796066429625,101,depth,"[65000.58,65000.68,65000.780000000006,65000.880000000005,65000.98,65001.08,65001.18,65001.280000000006,65001.380000000005,65001.48]",65000.58,"[0.001,0.002,0.003,0.004,0.005,0.006,0.007,0.008,0.009000000000000001,0.01]",0.001,"[65000.380000000005,65000.280000000006,65000.18,65000.08,64999.98,64999.880000000005,64999.780000000006,64999.68,64999.58,64999.48]",65000.380000000005,"[0.001,0.002,0.003,0.004,0.005,0.006,0.007,0.008,0.009000000000000001,0.01]",0.001,448,mock,InstrumentType.Spot,612995776,mock,BTC-USDT
2199944884,0,0,1783610796066745744,101,depth,"[65000.59,65000.689999999995,65000.79,65000.89,65000.99,65001.09,65001.189999999995,65001.29,65001.39,65001.49]",65000.59,"[0.001,0.002,0.003,0.004,0.005,0.006,0.007,0.008,0.009000000000000001,0.01]",0.001,"[65000.39,65000.29,65000.189999999995,65000.09,64999.99,64999.89,64999.79,64999.689999999995,64999.59,64999.49]",65000.39,"[0.001,0.002,0.003,0.004,0.005,0.006,0.007,0.008,0.009000000000000001,0.01]",0.001,449,mock,InstrumentType.Spot,612996192,mock,BTC-USDT
2199944884,0,0,1783610796067029721,101,depth,"[65000.6,65000.7,65000.8,65000.9,65001.0,65001.1,65001.2,65001.3,65001.4,65001.5]",65000.6,"[0.001,0.002,0.003,0.004,0.005,0.006,0.007,0.008,0.009000000000000001,0.01]",0.001,"[65000.4,65000.3,65000.2,65000.1,65000.0,64999.9,64999.8,64999.7,64999.6,64999.5]",65000.4,"[0.001,0.002,0.003,0.004,0.005,0.006,0.007,0.008,0.009000000000000001,0.01]",0.001,450,mock,InstrumentType.Spot,612996608,mock,BTC-USDT
2199944884,0,0,1783610796067330682,101,depth,"[65000.61,65000.71,65000.810000000005,65000.91,65001.01,65001.11,65001.21,65001.310000000005,65001.41,65001.51]",65000.61,"[0.001,0.002,0.003,0.004,0.005,0.006,0.007,0.008,0.009000000000000001,0.01]",0.001,"[65000.41,65000.310000000005,65000.21,65000.11,65000.01,64999.91,64999.810000000005,64999.71,64999.61,64999.51]",65000.41,"[0.001,0.002,0.003,0.004,0.005,0.006,0.007,0.008,0.009000000000000001,0.01]",0.001,451,mock,InstrumentType.Spot,612997024,mock,BTC-USDT
2199944884,0,0,1783610796067629314,101,depth,"[65000.619999999995,65000.719999999994,65000.82,65000.92,65001.02,65001.119999999995,65001.219999999994,65001.32,65001.42,65001.52]",65000.619999999995,"[0.001,0.002,0.003,0.004,0.005,0.006,0.007,0.008,0.009000000000000001,0.01]",0.001,"[65000.42,65000.32,65000.219999999994,65000.119999999995,65000.02,64999.92,64999.82,64999.719999999994,64999.619999999995,64999.52]",65000.42,"[0.001,0.002,0.003,0.004,0.005,0.006,0.007,0.008,0.009000000000000001,0.01]",0.001,452,mock,InstrumentType.Spot,612997440,mock,BTC-USDT
2199944884,0,0,1783610796067929517,101,depth,"[65000.63,65000.729999999996,65000.83,65000.93,65001.03,65001.13,65001.229999999996,65001.33,65001.43,65001.53]",65000.63,"[0.001,0.002,0.003,0.004,0.005,0.006,0.007,0.008,0.009000000000000001,0.01]",0.001,"[65000.43,65000.33,65000.229999999996,65000.13,65000.03,64999.93,64999.83,64999.729999999996,64999.63,64999.53]",65000.43,"[0.001,0.002,0.003,0.004,0.005,0.006,0.007,0.008,0.009000000000000001,0.01]",0.001,453,mock,InstrumentType.Spot,612997856,mock,BTC-USDT
2199944884,0,0,1783610796068230730,101,depth,"[65000.64,65000.74,65000.840000000004,65000.94,65001.04,65001.14,65001.24,65001.340000000004,65001.44,65001.54]",65000.64,"[0.001,0.002,0.003,0.004,0.005,0.006,0.007,0.008,0.009000000000000001,0.01]",0.001,"[65000.44,65000.340000000004,65000.24,65000.14,65000.04,64999.94,64999.840000000004,64999.74,64999.64,64999.54]",65000.44,"[0.001,0.002,0.003,0.004,0.005,0.006,0.007,0.008,0.009000000000000001,0.01]",0.001,454,mock,InstrumentType.Spot,612998272,mock,BTC-USDT
2199944884,0,0,1783610796068530457,101,depth,"[65000.65,65000.75,65000.850000000006,65000.950000000004,65001.05,65001.15,65001.25,65001.350000000006,65001.450000000004,65001.55]",65000.65,"[0.001,0.002,0.003,0.004,0.005,0.006,0.007,0.008,0.009000000000000001,0.01]",0.001,"[65000.450000000004,65000.350000000006,65000.25,65000.15,65000.05,64999.950000000004,64999.850000000006,64999.75,64999.65,64999.55]",65000.450000000004,"[0.001,0.002,0.003,0.004,0.005,0.006,0.007,0.008,0.009000000000000001,0.01]",0.001,455,mock,InstrumentType.Spot,612998688,mock,BTC-USDT
2199944884,0,0,1783610796068829963,101,depth,"[65000.659999999996,65000.759999999995,65000.86,65000.96,65001.06,65001.159999999996,65001.259999999995,65001.36,65001.46,65001.56]",65000.659999999996,"[0.001,0.002,0.003,0.004,0.005,0.006,0.007,0.008,0.009000000000000001,0.01]",0.001,"[65000.46,65000.36,65000.259999999995,65000.159999999996,65000.06,64999.96,64999.86,64999.759999999995,64999.659999999996,64999.56]",65000.46,"[0.001,0.002,0.003,0.004,0.005,0.006,0.007,0.008,0.009000000000000001,0.01]",0.001,456,mock,InstrumentType.Spot,612999104,mock,BTC-USDT
2199944884,0,0,1783610796069130236,101,depth,"[65000.67,65000.77,65000.87,65000.97,65001.07,65001.17,65001.27,65001.37,65001.47,65001.57]",65000.67,"[0.001,0.002,0.003,0.004,0.005,0.006,0.007,0.008,0.009000000000000001,0.01]",0.001,"[65000.47,65000.37,65000.27,65000.17,65000.07,64999.97,64999.87,64999.77,64999.67,64999.57]",65000.47,"[0.001,0.002,0.003,0.004,0.005,0.006,0.007,0.008,0.009000000000000001,0.01]",0.001,457,mock,InstrumentType.Spot,612999520,mock,BTC-USDT
2199944884,0,0,1783610796069430282,101,depth,"[65000.68,65000.78,65000.880000000005,65000.98,65001.08,65001.18,65001.28,65001.380000000005,65001.48,65001.58]",65000.68,"[0.001,0.002,0.003,0.004,0.005,0.006,0.007,0.008,0.009000000000000001,0.01]",0.001,"[65000.48,65000.380000000005,65000.28,65000.18,65000.08,64999.98,64999.880000000005,64999.78,64999.68,64999.58]",65000.48,"[0.001,0.002,0.003,0.004,0.005,0.006,0.007,0.008,0.009000000000000001,0.01]",0.001,458,mock,InstrumentType.Spot,612975472,mock,BTC-USDT
2199944884,0,0,1783610796069741559,101,depth,"[65000.689999999995,65000.78999999999,65000.89,65000.99,65001.09,65001.189999999995,65001.28999999999,65001.39,65001.49,65001.59]",65000.689999999995,"[0.001,0.002,0.003,0.004,0.005,0.006,0.007,0.008,0.009000000000000001,0.01]",0.001,"[65000.49,65000.39,65000.28999999999,65000.189999999995,65000.09,64999.99,64999.89,64999.78999999999,64999.689999999995,64999.59]",65000.49,"[0.001,0.002,0.003,0.004,0.005,0.006,0.007,0.008,0.009000000000000001,0.01]",0.001,459,mock,InstrumentType.Spot,612975984,mock,BTC-USDT
2199944884,0,0,1783610796070029900,101,depth,"[65000.7,65000.799999999996,65000.9,65001.0,65001.1,65001.2,65001.299999999996,65001.4,65001.5,65001.6]",65000.7,"[0.001,0.002,0.003,0.004,0.005,0.006,0.007,0.008,0.009000000000000001,0.01]",0.001,"[65000.5,65000.4,65000.299999999996,65000.2,65000.1,65000.0,64999.9,64999.799999999996,64999.7,64999.6]",65000.5,"[0.001,0.002,0.003,0.004,0.005,0.006,0.007,0.008,0.009000000000000001,0.01]",0.001,460,mock,InstrumentType.Spot,612976544,mock,BTC-USDT
2199944884,0,0,1783610796070330431,101,depth,"[65000.71,65000.81,65000.91,65001.01,65001.11,65001.21,65001.31,65001.41,65001.51,65001.61]",65000.71,"[0.001,0.002,0.003,0.004,0.005,0.006,0.007,0.008,0.009000000000000001,0.01]",0.001,"[65000.51,65000.41,65000.31,65000.21,65000.11,65000.01,64999.91,64999.81,64999.71,64999.61]",65000.51,"[0.001,0.002,0.003,0.004,0.005,0.006,0.007,0.008,0.009000000000000001,0.01]",0.001,461,mock,InstrumentType.Spot,612977104,mock,BTC-USDT
2199944884,0,0,1783610796070630252,101,depth,"[65000.72,65000.82,65000.920000000006,65001.020000000004,65001.12,65001.22,65001.32,65001.420000000006,65001.520000000004,65001.62]",65000.72,"[0.001,0.002,0.003,0.004,0.005,0.006,0.007,0.008,0.009000000000000001,0.01]",0.001,"[65000.520000000004,65000.420000000006,65000.32,65000.22,65000.12,65000.020000000004,64999.920000000006,64999.82,64999.72,64999.62]",65000.520000000004,"[0.001,0.002,0.003,0.004,0.005,0.006,0.007,0.008,0.009000000000000001,0.01]",0.001,462,mock,InstrumentType.Spot,612977664,mock,BTC-USDT
2199944884,0,0,1783610796070929187,101,depth,"[65000.729999999996,65000.829999999994,65000.93,65001.03,65001.13,65001.229999999996,65001.329999999994,65001.43,65001.53,65001.63]",65000.729999999996,"[0.001,0.002,0.003,0.004,0.005,0.006,0.007,0.008,0.009000000000000001,0.01]",0.001,"[65000.53,65000.43,65000.329999999994,65000.229999999996,65000.13,65000.03,64999.93,64999.829999999994,64999.729999999996,64999.63]",65000.53,"[0.001,0.002,0.003,0.004,0.005,0.006,0.007,0.008,0.009000000000000001,0.01]",0.001,463,mock,InstrumentType.Spot,612978224,mock,BTC-USDT
2199944884,0,0,1783610796071230472,101,depth,"[65000.74,65000.84,65000.94,65001.04,65001.14,65001.24,65001.34,65001.44,65001.54,65001.64]",65000.74,"[0.001,0.002,0.003,0.004,0.005,0.006,0.007,0.008,0.009000000000000001,0.01]",0.001,"[65000.54,65000.44,65000.34,65000.24,65000.14,65000.04,64999.94,64999.84,64999.74,64999.64]",65000.54,"[0.001,0.002,0.003,0.004,0.005,0.006,0.007,0.008,0.009000000000000001,0.01]",0.001,464,mock,InstrumentType.Spot,613004112,mock,BTC-USDT
2199944884,0,0,1783610796071530409,101,depth,"[65000.75,65000.85,65000.950000000004,65001.05,65001.15,65001.25,65001.35,65001.450000000004,65001.55,65001.65]",65000.75,"[0.001,0.002,0.003,0.004,0.005,0.006,0.007,0.008,0.009000000000000001,0.01]",0.001,"[65000.55,65000.450000000004,65000.35,65000.25,65000.15,65000.05,64999.950000000004,64999.85,64999.75,64999.65]",65000.55,"[0.001,0.002,0.003,0.004,0.005,0.006,0.007,0.008,0.009000000000000001,0.01]",0.001,465,mock,InstrumentType.Spot,613004528,mock,BTC-USDT
2199944884,0,0,1783610796071830400,101,depth,"[65000.76,65000.86,65000.96000000001,65001.060000000005,65001.16,65001.26,65001.36,65001.46000000001,65001.560000000005,65001.66]",65000.76,"[0.001,0.002,0.003,0.004,0.005,0.006,0.007,0.008,0.009000000000000001,0.01]",0.001,"[65000.560000000005,65000.46000000001,65000.36,65000.26,65000.16,65000.060000000005,64999.96000000001,64999.86,64999.76,64999.66]",65000.560000000005,"[0.001,0.002,0.003,0.004,0.005,0.006,0.007,0.008,0.009000000000000001,0.01]",0.001,466,mock,InstrumentType.Spot,613004944,mock,BTC-USDT
2199944884,0,0,1783610796072128957,101,depth,"[65000.77,65000.869999999995,65000.97,65001.07,65001.17,65001.27,65001.369999999995,65001.47,65001.57,65001.67]",65000.77,"[0.001,0.002,0.003,0.004,0.005,0.006,0.007,0.008,0.009000000000000001,0.01]",0.001,"[65000.57,65000.47,65000.369999999995,65000.27,65000.17,65000.07,64999.97,64999.869999999995,64999.77,64999.67]",65000.57,"[0.001,0.002,0.003,0.004,0.005,0.006,0.007,0.008,0.009000000000000001,0.01]",0.001,467,mock,InstrumentType.Spot,613005360,mock,BTC-USDT
2199944884,0,0,1783610796072440622,101,depth,"[65000.78,65000.88,65000.98,65001.08,65001.18,65001.28,65001.38,65001.48,65001.58,65001.68]",65000.78,"[0.001,0.002,0.003,0.004,0.005,0.006,0.007,0.008,0.009000000000000001,0.01]",0.001,"[65000.58,65000.48,65000.38,65000.28,65000.18,65000.08,64999.98,64999.88,64999.78,64999.68]",65000.58,"[0.001,0.002,0.003,0.004,0.005,0.006,0.007,0.008,0.009000000000000001,0.01]",0.001,468,mock,InstrumentType.Spot,613005776,mock,BTC-USDT
2199944884,0,0,1783610796072729904,101,depth,"[65000.79,65000.89,65000.990000000005,65001.090000000004,65001.19,65001.29,65001.39,65001.490000000005,65001.590000000004,65001.69]",65000.79,"[0.001,0.002,0.003,0.004,0.005,0.006,0.007,0.008,0.009000000000000001,0.01]",0.001,"[65000.590000000004,65000.490000000005,65000.39,65000.29,65000.19,65000.090000000004,64999.990000000005,64999.89,64999.79,64999.69]",65000.590000000004,"[0.001,0.002,0.003,0.004,0.005,0.006,0.007,0.008,0.009000000000000001,0.01]",0.001,469,mock,InstrumentType.Spot,613006192,mock,BTC-USDT
2199944884,0,0,1783610796073029323,101,depth,"[65000.799999999996,65000.899999999994,65001.0,65001.1,65001.2,65001.299999999996,65001.399999999994,65001.5,65001.6,65001.7]",65000.799999999996,"[0.001,0.002,0.003,0.004,0.005,0.006,0.007,0.008,0.009000000000000001,0.01]",0.001,"[65000.6,65000.5,65000.399999999994,65000.299999999996,65000.2,65000.1,65000.0,64999.899999999994,64999.799999999996,64999.7]",65000.6,"[0.001,0.002,0.003,0.004,0.005,0.006,0.007,0.008,0.009000000000000001,0.01]",0.001,470,mock,InstrumentType.Spot,613006608,mock,BTC-USDT
2199944884,0,0,1783610796073328481,101,depth,"[65000.81,65000.909999999996,65001.01,65001.11,65001.21,65001.31,65001.409999999996,65001.51,65001.61,65001.71]",65000.81,"[0.001,0.002,0.003,0.004,0.005,0.006,0.007,0.008,0.009000000000000001,0.01]",0.001,"[65000.61,65000.51,65000.409999999996,65000.31,65000.21,65000.11,65000.01,64999.909999999996,64999.81,64999.71]",65000.61,"[0.001,0.002,0.003,0.004,0.005,0.006,0.007,0.008,0.009000000000000001,0.01]",0.001,471,mock,InstrumentType.Spot,613007024,mock,BTC-USDT
2199944884,0,0,1783610796073629105,101,depth,"[65000.82,65000.92,65001.020000000004,65001.12,65001.22,65001.32,65001.42,65001.520000000004,65001.62,65001.72]",65000.82,"[0.001,0.002,0.003,0.004,0.005,0.006,0.007,0.008,0.009000000000000001,0.01]",0.001,"[65000.62,65000.520000000004,65000.42,65000.32,65000.22,65000.12,65000.020000000004,64999.92,64999.82,64999.72]",65000.62,"[0.001,0.002,0.003,0.004,0.005,0.006,0.007,0.008,0.009000000000000001,0.01]",0.001,472,mock,InstrumentType.Spot,613007440,mock,BTC-USDT
2199944884,0,0,1783610796073929848,101,depth,"[65000.83,65000.93,65001.030000000006,65001.130000000005,65001.23,65001.33,65001.43,65001.530000000006,65001.630000000005,65001.73]",65000.83,"[0.001,0.002,0.003,0.004,0.005,0.006,0.007,0.008,0.009000000000000001,0.01]",0.001,"[65000.630000000005,65000.530000000006,65000.43,65000.33,65000.23,65000.130000000005,65000.030000000006,64999.93,64999.83,64999.73]",65000.630000000005,"[0.001,0.002,0.003,0.004,0.005,0.006,0.007,0.008,0.009000000000000001,0.01]",0.001,473,mock,InstrumentType.Spot,613007856,mock,BTC-USDT
2199944884,0,0,1783610796074230741,101,depth,"[65000.84,65000.939999999995,65001.04,65001.14,65001.24,65001.34,65001.439999999995,65001.54,65001.64,65001.74]",65000.84,"[0.001,0.002,0.003,0.004,0.005,0.006,0.007,0.008,0.009000000000000001,0.01]",0.001,"[65000.64,65000.54,65000.439999999995,65000.34,65000.24,65000.14,65000.04,64999.939999999995,64999.84,64999.74]",65000.64,"[0.001,0.002,0.003,0.004,0.005,0.006,0.007,0.008,0.009000000000000001,0.01]",0.001,474,mock,InstrumentType.Spot,613008272,mock,BTC-USDT
2199944884,0,0,1783610796074529345,101,depth,"[65000.85,65000.95,65001.05,65001.15,65001.25,65001.35,65001.45,65001.55,65001.65,65001.75]",65000.85,"[0.001,0.002,0.003,0.004,0.005,0.006,0.007,0.008,0.009000000000000001,0.01]",0.001,"[65000.65,65000.55,65000.45,65000.35,65000.25,65000.15,65000.05,64999.95,64999.85,64999.75]",65000.65,"[0.001,0.002,0.003,0.004,0.005,0.006,0.007,0.008,0.009000000000000001,0.01]",0.001,475,mock,InstrumentType.Spot,613008688,mock,BTC-USDT
2199944884,0,0,1783610796074829642,101,depth,"[65000.86,65000.96,65001.060000000005,65001.16,65001.26,65001.36,65001.46,65001.560000000005,65001.66,65001.76]",65000.86,"[0.001,0.002,0.003,0.004,0.005,0.006,0.007,0.008,0.009000000000000001,0.01]",0.001,"[65000.66,65000.560000000005,65000.46,65000.36,65000.26,65000.16,65000.060000000005,64999.96,64999.86,64999.76]",65000.66,"[0.001,0.002,0.003,0.004,0.005,0.006,0.007,0.008,0.009000000000000001,0.01]",0.001,476,mock,InstrumentType.Spot,613009104,mock,BTC-USDT
2199944884,0,0,1783610796075132297,101,depth,"[65000.869999999995,65000.969999999994,65001.07,65001.17,65001.27,65001.369999999995,65001.469999999994,65001.57,65001.67,65001.77]",65000.869999999995,"[0.001,0.002,0.003,0.004,0.005,0.006,0.007,0.008,0.009000000000000001,0.01]",0.001,"[65000.67,65000.57,65000.469999999994,65000.369999999995,65000.27,65000.17,65000.07,64999.969999999994,64999.869999999995,64999.77]",65000.67,"[0.001,0.002,0.003,0.004,0.005,0.006,0.007,0.008,0.009000000000000001,0.01]",0.001,477,mock,InstrumentType.Spot,613009520,mock,BTC-USDT
2199944884,0,0,1783610796075447795,101,depth,"[65000.88,65000.979999999996,65001.08,65001.18,65001.28,65001.38,65001.479999999996,65001.58,65001.68,65001.78]",65000.88,"[0.001,0.002,0.003,0.004,0.005,0.006,0.007,0.008,0.009000000000000001,0.01]",0.001,"[65000.68,65000.58,65000.479999999996,65000.38,65000.28,65000.18,65000.08,64999.979999999996,64999.88,64999.78]",65000.68,"[0.001,0.002,0.003,0.004,0.005,0.006,0.007,0.008,0.009000000000000001,0.01]",0.001,478,mock,InstrumentType.Spot,613009936,mock,BTC-USDT
2199944884,0,0,1783610796075730069,101,depth,"[65000.89,65000.99,65001.090000000004,65001.19,65001.29,65001.39,65001.49,65001.590000000004,65001.69,65001.79]",65000.89,"[0.001,0.002,0.003,0.004,0.005,0.006,0.007,0.008,0.009000000000000001,0.01]",0.001,"[65000.69,65000.590000000004,65000.49,65000.39,65000.29,65000.19,65000.090000000004,64999.99,64999.89,64999.79]",65000.69,"[0.001,0.002,0.003,0.004,0.005,0.006,0.007,0.008,0.009000000000000001,0.01]",0.001,479,mock,InstrumentType.Spot,613010352,mock,BTC-USDT
2199944884,0,0,1783610796076029576,101,depth,"[65000.9,65001.0,65001.100000000006,65001.200000000004,65001.3,65001.4,65001.5,65001.600000000006,65001.700000000004,65001.8]",65000.9,"[0.001,0.002,0.003,0.004,0.005,0.006,0.007,0.008,0.009000000000000001,0.01]",0.001,"[65000.700000000004,65000.600000000006,65000.5,65000.4,65000.3,65000.200000000004,65000.100000000006,65000.0,64999.9,64999.8]",65000.700000000004,"[0.001,0.002,0.003,0.004,0.005,0.006,0.007,0.008,0.009000000000000001,0.01]",0.001,480,mock,InstrumentType.Spot,613010768,mock,BTC-USDT
2199944884,0,0,1783610796076330495,101,depth,"[65000.909999999996,65001.009999999995,65001.11,65001.21,65001.31,65001.409999999996,65001.509999999995,65001.61,65001.71,65001.81]",65000.909999999996,"[0.001,0.002,0.003,0.004,0.005,0.006,0.007,0.008,0.009000000000000001,0.01]",0.001,"[65000.71,65000.61,65000.509999999995,65000.409999999996,65000.31,65000.21,65000.11,65000.009999999995,64999.909999999996,64999.81]",65000.71,"[0.001,0.002,0.003,0.004,0.005,0.006,0.007,0.008,0.009000000000000001,0.01]",0.001,481,mock,InstrumentType.Spot,613011184,mock,BTC-USDT
2199944884,0,0,1783610796076629932,101,depth,"[65000.92,65001.02,65001.12,65001.22,65001.32,65001.42,65001.52,65001.62,65001.72,65001.82]",65000.92,"[0.001,0.002,0.003,0.004,0.005,0.006,0.007,0.008,0.009000000000000001,0.01]",0.001,"[65000.72,65000.62,65000.52,65000.42,65000.32,65000.22,65000.12,65000.02,64999.92,64999.82]",65000.72,"[0.001,0.002,0.003,0.004,0.005,0.006,0.007,0.008,0.009000000000000001,0.01]",0.001,482,mock,InstrumentType.Spot,613011600,mock,BTC-USDT
2199944884,0,0,1783610796076931606,101,depth,"[65000.93,65001.03,65001.130000000005,65001.23,65001.33,65001.43,65001.53,65001.630000000005,65001.73,65001.83]",65000.93,"[0.001,0.002,0.003,0.004,0.005,0.006,0.007,0.008,0.009000000000000001,0.01]",0.001,"[65000.73,65000.630000000005,65000.53,65000.43,65000.33,65000.23,65000.130000000005,65000.03,64999.93,64999.83]",65000.73,"[0.001,0.002,0.003,0.004,0.005,0.006,0.007,0.008,0.009000000000000001,0.01]",0.001,483,mock,InstrumentType.Spot,613012016,mock,BTC-USDT
2199944884,0,0,1783610796077230380,101,depth,"[65000.939999999995,65001.03999999999,65001.14,65001.24,65001.34,65001.439999999995,65001.53999999999,65001.64,65001.74,65001.84]",65000.939999999995,"[0.001,0.002,0.003,0.004,0.005,0.006,0.007,0.008,0.009000000000000001,0.01]",0.001,"[65000.74,65000.64,65000.53999999999,65000.439999999995,65000.34,65000.24,65000.14,65000.03999999999,64999.939999999995,64999.84]",65000.74,"[0.001,0.002,0.003,0.004,0.005,0.006,0.007,0.008,0.009000000000000001,0.01]",0.001,484,mock,InstrumentType.Spot,613012432,mock,BTC-USDT
2199944884,0,0,1783610796077530228,101,depth,"[65000.95,65001.049999999996,65001.15,65001.25,65001.35,65001.45,65001.549999999996,65001.65,65001.75,65001.85]",65000.95,"[0.001,0.002,0.003,0.004,0.005,0.006,0.007,0.008,0.009000000000000001,0.01]",0.001,"[65000.75,65000.65,65000.549999999996,65000.45,65000.35,65000.25,65000.15,65000.049999999996,64999.95,64999.85]",65000.75,"[0.001,0.002,0.003,0.004,0.005,0.006,0.007,0.008,0.009000000000000001,0.01]",0.001,485,mock,InstrumentType.Spot,613012848,mock,BTC-USDT
2199944884,0,0,1783610796077829915,101,depth,"[65000.96,65001.06,65001.16,65001.26,65001.36,65001.46,65001.56,65001.66,65001.76,65001.86]",65000.96,"[0.001,0.002,0.003,0.004,0.005,0.006,0.007,0.008,0.009000000000000001,0.01]",0.001,"[65000.76,65000.66,65000.56,65000.46,65000.36,65000.26,65000.16,65000.06,64999.96,64999.86]",65000.76,"[0.001,0.002,0.003,0.004,0.005,0.006,0.007,0.008,0.009000000000000001,0.01]",0.001,486,mock,InstrumentType.Spot,613013264,mock,BTC-USDT
2199944884,0,0,1783610796078149721,101,depth,"[65000.97,65001.07,65001.170000000006,65001.270000000004,65001.37,65001.47,65001.57,65001.670000000006,65001.770000000004,65001.87]",65000.97,"[0.001,0.002,0.003,0.004,0.005,0.006,0.007,0.008,0.009000000000000001,0.01]",0.001,"[65000.770000000004,65000.670000000006,65000.57,65000.47,65000.37,65000.270000000004,65000.170000000006,65000.07,64999.97,64999.87]",65000.770000000004,"[0.001,0.002,0.003,0.004,0.005,0.006,0.007,0.008,0.009000000000000001,0.01]",0.001,487,mock,InstrumentType.Spot,613013680,mock,BTC-USDT
2199944884,0,0,1783610796078430665,101,depth,"[65000.979999999996,65001.079999999994,65001.18,65001.28,65001.38,65001.479999999996,65001.579999999994,65001.68,65001.78,65001.88]",65000.979999999996,"[0.001,0.002,0.003,0.004,0.005,0.006,0.007,0.008,0.009000000000000001,0.01]",0.001,"[65000.78,65000.68,65000.579999999994,65000.479999999996,65000.38,65000.28,65000.18,65000.079999999994,64999.979999999996,64999.88]",65000.78,"[0.001,0.002,0.003,0.004,0.005,0.006,0.007,0.008,0.009000000000000001,0.01]",0.001,488,mock,InstrumentType.Spot,613014096,mock,BTC-USDT
2199944884,0,0,1783610796078728960,101,depth,"[65000.99,65001.09,65001.19,65001.29,65001.39,65001.49,65001.59,65001.69,65001.79,65001.89]",65000.99,"[0.001,0.002,0.003,0.004,0.005,0.006,0.007,0.008,0.009000000000000001,0.01]",0.001,"[65000.79,65000.69,65000.59,65000.49,65000.39,65000.29,65000.19,65000.09,64999.99,64999.89]",65000.79,"[0.001,0.002,0.003,0.004,0.005,0.006,0.007,0.008,0.009000000000000001,0.01]",0.001,489,mock,InstrumentType.Spot,613014512,mock,BTC-USDT
2199944884,0,0,1783610796079030163,101,depth,"[65001.0,65001.1,65001.200000000004,65001.3,65001.4,65001.5,65001.6,65001.700000000004,65001.8,65001.9]",65001.0,"[0.001,0.002,0.003,0.004,0.005,0.006,0.007,0.008,0.009000000000000001,0.01]",0.001,"[65000.8,65000.700000000004,65000.6,65000.5,65000.4,65000.3,65000.200000000004,65000.1,65000.0,64999.9]",65000.8,"[0.001,0.002,0.003,0.004,0.005,0.006,0.007,0.008,0.009000000000000001,0.01]",0.001,490,mock,InstrumentType.Spot,613014928,mock,BTC-USDT
2199944884,0,0,1783610796079329867,101,depth,"[65001.01,65001.11,65001.21000000001,65001.310000000005,65001.41,65001.51,65001.61,65001.71000000001,65001.810000000005,65001.91]",65001.01,"[0.001,0.002,0.003,0.004,0.005,0.006,0.007,0.008,0.009000000000000001,0.01]",0.001,"[65000.810000000005,65000.71000000001,65000.61,65000.51,65000.41,65000.310000000005,65000.21000000001,65000.11,65000.01,64999.91]",65000.810000000005,"[0.001,0.002,0.003,0.004,0.005,0.006,0.007,0.008,0.009000000000000001,0.01]",0.001,491,mock,InstrumentType.Spot,613015344,mock,BTC-USDT
2199944884,0,0,1783610796079629080,101,depth,"[65001.02,65001.119999999995,65001.22,65001.32,65001.42,65001.52,65001.619999999995,65001.72,65001.82,65001.92]",65001.02,"[0.001,0.002,0.003,0.004,0.005,0.006,0.007,0.008,0.009000000000000001,0.01]",0.001,"[65000.82,65000.72,65000.619999999995,65000.52,65000.42,65000.32,65000.22,65000.119999999995,65000.02,64999.92]",65000.82,"[0.001,0.002,0.003,0.004,0.005,0.006,0.007,0.008,0.009000000000000001,0.01]",0.001,492,mock,InstrumentType.Spot,613015760,mock,BTC-USDT
2199944884,0,0,1783610796079929106,101,depth,"[65001.03,65001.13,65001.23,65001.33,65001.43,65001.53,65001.63,65001.73,65001.83,65001.93]",65001.03,"[0.001,0.002,0.003,0.004,0.005,0.006,0.007,0.008,0.009000000000000001,0.01]",0.001,"[65000.83,65000.73,65000.63,65000.53,65000.43,65000.33,65000.23,65000.13,65000.03,64999.93]",65000.83,"[0.001,0.002,0.003,0.004,0.005,0.006,0.007,0.008,0.009000000000000001,0.01]",0.001,493,mock,InstrumentType.Spot,613016176,mock,BTC-USDT
2199944884,0,0,1783610796080230366,101,depth,"[65001.04,65001.14,65001.240000000005,65001.340000000004,65001.44,65001.54,65001.64,65001.740000000005,65001.840000000004,65001.94]",65001.04,"[0.001,0.002,0.003,0.004,0.005,0.006,0.007,0.008,0.009000000000000001,0.01]",0.001,"[65000.840000000004,65000.740000000005,65000.64,65000.54,65000.44,65000.340000000004,65000.240000000005,65000.14,65000.04,64999.94]",65000.840000000004,"[0.001,0.002,0.003,0.004,0.005,0.006,0.007,0.008,0.009000000000000001,0.01]",0.001,494,mock,InstrumentType.Spot,613016592,mock,BTC-USDT
2199944884,0,0,1783610796080528855,101,depth,"[65001.049999999996,65001.149999999994,65001.25,65001.35,65001.45,65001.549999999996,65001.649999999994,65001.75,65001.85,65001.95]",65001.049999999996,"[0.001,0.002,0.003,0.004,0.005,0.006,0.007,0.008,0.009000000000000001,0.01]",0.001,"[65000.85,65000.75,65000.649999999994,65000.549999999996,65000.45,65000.35,65000.25,65000.149999999994,65000.049999999996,64999.95]",65000.85,"[0.001,0.002,0.003,0.004,0.005,0.006,0.007,0.008,0.009000000000000001,0.01]",0.001,495,mock,InstrumentType.Spot,613017008,mock,BTC-USDT
2199944884,0,0,1783610796080828926,101,depth,"[65001.06,65001.159999999996,65001.26,65001.36,65001.46,65001.56,65001.659999999996,65001.76,65001.86,65001.96]",65001.06,"[0.001,0.002,0.003,0.004,0.005,0.006,0.007,0.008,0.009000000000000001,0.01]",0.001,"[65000.86,65000.76,65000.659999999996,65000.56,65000.46,65000.36,65000.26,65000.159999999996,65000.06,64999.96]",65000.86,"[0.001,0.002,0.003,0.004,0.005,0.006,0.007,0.008,0.009000000000000001,0.01]",0.001,496,mock,InstrumentType.Spot,613017424,mock,BTC-USDT
2199944884,0,0,1783610796081139792,101,depth,"[65001.07,65001.17,65001.270000000004,65001.37,65001.47,65001.57,65001.67,65001.770000000004,65001.87,65001.97]",65001.07,"[0.001,0.002,0.003,0.004,0.005,0.006,0.007,0.008,0.009000000000000001,0.01]",0.001,"[65000.87,65000.770000000004,65000.67,65000.57,65000.47,65000.37,65000.270000000004,65000.17,65000.07,64999.97]",65000.87,"[0.001,0.002,0.003,0.004,0.005,0.006,0.007,0.008,0.009000000000000001,0.01]",0.001,497,mock,InstrumentType.Spot,613017840,mock,BTC-USDT
2199944884,0,0,1783610796081429938,101,depth,"[65001.08,65001.18,65001.280000000006,65001.380000000005,65001.48,65001.58,65001.68,65001.780000000006,65001.880000000005,65001.98]",65001.08,"[0.001,0.002,0.003,0.004,0.005,0.006,0.007,0.008,0.009000000000000001,0.01]",0.001,"[65000.880000000005,65000.780000000006,65000.68,65000.58,65000.48,65000.380000000005,65000.280000000006,65000.18,65000.08,64999.98]",65000.880000000005,"[0.001,0.002,0.003,0.004,0.005,0.006,0.007,0.008,0.009000000000000001,0.01]",0.001,498,mock,InstrumentType.Spot,613018256,mock,BTC-USDT
2199944884,0,0,1783610796081728613,101,depth,"[65001.09,65001.189999999995,65001.29,65001.39,65001.49,65001.59,65001.689999999995,65001.79,65001.89,65001.99]",65001.09,"[0.001,0.002,0.003,0.004,0.005,0.006,0.007,0.008,0.009000000000000001,0.01]",0.001,"[65000.89,65000.79,65000.689999999995,65000.59,65000.49,65000.39,65000.29,65000.189999999995,65000.09,64999.99]",65000.89,"[0.001,0.002,0.003,0.004,0.005,0.006,0.007,0.008,0.009000000000000001,0.01]",0.001,499,mock,InstrumentType.Spot,613018672,mock,BTC-USDT
2199944884,0,0,1783610796082028868,101,depth,"[65000.1,65000.2,65000.3,65000.4,65000.5,65000.6,65000.7,65000.8,65000.9,65001.0]",65000.1,"[0.001,0.002,0.003,0.004,0.005,0.006,0.007,0.008,0.009000000000000001,0.01]",0.001,"[64999.9,64999.8,64999.7,64999.6,64999.5,64999.4,64999.3,64999.2,64999.1,64999.0]",64999.9,"[0.001,0.002,0.003,0.004,0.005,0.006,0.007,0.008,0.009000000000000001,0.01]",0.001,500,mock,InstrumentType.Spot,613019088,mock,BTC-USDT
2199944884,0,0,1783610796082328741,101,depth,"[65000.11,65000.21,65000.310000000005,65000.41,65000.51,65000.61,65000.71,65000.810000000005,65000.91,65001.01]",65000.11,"[0.001,0.002,0.003,0.004,0.005,0.006,0.007,0.008,0.009000000000000001,0.01]",0.001,"[64999.91,64999.810000000005,64999.71,64999.61,64999.51,64999.41,64999.310000000005,64999.21,64999.11,64999.01]",64999.91,"[0.001,0.002,0.003,0.004,0.005,0.006,0.007,0.008,0.009000000000000001,0.01]",0.001,501,mock,InstrumentType.Spot,613019504,mock,BTC-USDT
2199944884,0,0,1783610796082628495,101,depth,"[65000.119999999995,65000.219999999994,65000.32,65000.42,65000.52,65000.619999999995,65000.719999999994,65000.82,65000.92,65001.02]",65000.119999999995,"[0.001,0.002,0.003,0.004,0.005,0.006,0.007,0.008,0.009000000000000001,0.01]",0.001,"[64999.92,64999.82,64999.719999999994,64999.619999999995,64999.52,64999.42,64999.32,64999.219999999994,64999.119999999995,64999.02]",64999.92,"[0.001,0.002,0.003,0.004,0.005,0.006,0.007,0.008,0.009000000000000001,0.01]",0.001,502,mock,InstrumentType.Spot,613019920,mock,BTC-USDT
2199944884,0,0,1783610796082929772,101,depth,"[65000.13,65000.229999999996,65000.33,65000.43,65000.53,65000.63,65000.729999999996,65000.83,65000.93,65001.03]",65000.13,"[0.001,0.002,0.003,0.004,0.005,0.006,0.007,0.008,0.009000000000000001,0.01]",0.001,"[64999.93,64999.83,64999.729999999996,64999.63,64999.53,64999.43,64999.33,64999.229999999996,64999.13,64999.03]",64999.93,"[0.001,0.002,0.003,0.004,0.005,0.006,0.007,0.008,0.009000000000000001,0.01]",0.001,503,mock,InstrumentType.Spot,613020336,mock,BTC-USDT
2199944884,0,0,1783610796083228870,101,depth,"[65000.14,65000.24,65000.340000000004,65000.44,65000.54,65000.64,65000.74,65000.840000000004,65000.94,65001.04]",65000.14,"[0.001,0.002,0.003,0.004,0.005,0.006,0.007,0.008,0.009000000000000001,0.01]",0.001,"[64999.94,64999.840000000004,64999.74,64999.64,64999.54,64999.44,64999.340000000004,64999.24,64999.14,64999.04]",64999.94,"[0.001,0.002,0.003,0.004,0.005,0.006,0.007,0.008,0.009000000000000001,0.01]",0.001,504,mock,InstrumentType.Spot,613020752,mock,BTC-USDT
2199944884,0,0,1783610796083528505,101,depth,"[65000.15,65000.25,65000.350000000006,65000.450000000004,65000.55,65000.65,65000.75,65000.850000000006,65000.950000000004,65001.05]",65000.15,"[0.001,0.002,0.003,0.004,0.005,0.006,0.007,0.008,0.009000000000000001,0.01]",0.001,"[64999.950000000004,64999.850000000006,64999.75,64999.65,64999.55,64999.450000000004,64999.350000000006,64999.25,64999.15,64999.05]",64999.950000000004,"[0.001,0.002,0.003,0.004,0.005,0.006,0.007,0.008,0.009000000000000001,0.01]",0.001,505,mock,InstrumentType.Spot,613021168,mock,BTC-USDT
2199944884,0,0,1783610796083835290,101,depth,"[65000.159999999996,65000.259999999995,65000.36,65000.46,65000.56,65000.659999999996,65000.759999999995,65000.86,65000.96,65001.06]",65000.159999999996,"[0.001,0.002,0.003,0.004,0.005,0.006,0.007,0.008,0.009000000000000001,0.01]",0.001,"[64999.96,64999.86,64999.759999999995,64999.659999999996,64999.56,64999.46,64999.36,64999.259999999995,64999.159999999996,64999.06]",64999.96,"[0.001,0.002,0.003,0.004,0.005,0.006,0.007,0.008,0.009000000000000001,0.01]",0.001,506,mock,InstrumentType.Spot,613021584,mock,BTC-USDT
2199944884,0,0,1783610796084128743,101,depth,"[65000.17,65000.27,65000.37,65000.47,65000.57,65000.67,65000.77,65000.87,65000.97,65001.07]",65000.17,"[0.001,0.002,0.003,0.004,0.005,0.006,0.007,0.008,0.009000000000000001,0.01]",0.001,"[64999.97,64999.87,64999.77,64999.67,64999.57,64999.47,64999.37,64999.27,64999.17,64999.07]",64999.97,"[0.001,0.002,0.003,0.004,0.005,0.006,0.007,0.008,0.009000000000000001,0.01]",0.001,507,mock,InstrumentType.Spot,613022000,mock,BTC-USDT
2199944884,0,0,1783610796084428508,101,depth,"[65000.18,65000.28,65000.380000000005,65000.48,65000.58,65000.68,65000.78,65000.880000000005,65000.98,65001.08]",65000.18,"[0.001,0.002,0.003,0.004,0.005,0.006,0.007,0.008,0.009000000000000001,0.01]",0.001,"[64999.98,64999.880000000005,64999.78,64999.68,64999.58,64999.48,64999.380000000005,64999.28,64999.18,64999.08]",64999.98,"[0.001,0.002,0.003,0.004,0.005,0.006,0.007,0.008,0.009000000000000001,0.01]",0.001,508,mock,InstrumentType.Spot,613022416,mock,BTC-USDT
2199944884,0,0,1783610796084728524,101,depth,"[65000.189999999995,65000.28999999999,65000.39,65000.49,65000.59,65000.689999999995,65000.78999999999,65000.89,65000.99,65001.09]",65000.189999999995,"[0.001,0.002,0.003,0.004,0.005,0.006,0.007,0.008,0.009000000000000001,0.01]",0.001,"[64999.99,64999.89,64999.78999999999,64999.689999999995,64999.59,64999.49,64999.39,64999.28999999999,64999.189999999995,64999.09]",64999.99,"[0.001,0.002,0.003,0.004,0.005,0.006,0.007,0.008,0.009000000000000001,0.01]",0.001,509,mock,InstrumentType.Spot,613022832,mock,BTC-USDT
2199944884,0,0,1783610796085028664,101,depth,"[65000.2,65000.299999999996,65000.4,65000.5,65000.6,65000.7,65000.799999999996,65000.9,65001.0,65001.1]",65000.2,"[0.001,0.002,0.003,0.004,0.005,0.006,0.007,0.008,0.009000000000000001,0.01]",0.001,"[65000.0,64999.9,64999.799999999996,64999.7,64999.6,64999.5,64999.4,64999.299999999996,64999.2,64999.1]",65000.0,"[0.001,0.002,0.003,0.004,0.005,0.006,0.007,0.008,0.009000000000000001,0.01]",0.001,510,mock,InstrumentType.Spot,613023248,mock,BTC-USDT
2199944884,0,0,1783610796085329880,101,depth,"[65000.21,65000.31,65000.41,65000.51,65000.61,65000.71,65000.81,65000.91,65001.01,65001.11]",65000.21,"[0.001,0.002,0.003,0.004,0.005,0.006,0.007,0.008,0.009000000000000001,0.01]",0.001,"[65000.01,64999.91,64999.81,64999.71,64999.61,64999.51,64999.41,64999.31,64999.21,64999.11]",65000.01,"[0.001,0.002,0.003,0.004,0.005,0.006,0.007,0.008,0.009000000000000001,0.01]",0.001,511,mock,InstrumentType.Spot,613023664,mock,BTC-USDT
2199944884,0,0,1783610796085628988,101,depth,"[65000.22,65000.32,65000.420000000006,65000.520000000004,65000.62,65000.72,65000.82,65000.920000000006,65001.020000000004,65001.12]",65000.22,"[0.001,0.002,0.003,0.004,0.005,0.006,0.007,0.008,0.009000000000000001,0.01]",0.001,"[65000.020000000004,64999.920000000006,64999.82,64999.72,64999.62,64999.520000000004,64999.420000000006,64999.32,64999.22,64999.12]",65000.020000000004,"[0.001,0.002,0.003,0.004,0.005,0.006,0.007,0.008,0.009000000000000001,0.01]",0.001,512,mock,InstrumentType.Spot,613024080,mock,BTC-USDT
2199944884,0,0,1783610796085929655,101,depth,"[65000.229999999996,65000.329999999994,65000.43,65000.53,65000.63,65000.729999999996,65000.829999999994,65000.93,65001.03,65001.13]",65000.229999999996,"[0.001,0.002,0.003,0.004,0.005,0.006,0.007,0.008,0.009000000000000001,0.01]",0.001,"[65000.03,64999.93,64999.829999999994,64999.729999999996,64999.63,64999.53,64999.43,64999.329999999994,64999.229999999996,64999.13]",65000.03,"[0.001,0.002,0.003,0.004,0.005,0.006,0.007,0.008,0.009000000000000001,0.01]",0.001,513,mock,InstrumentType.Spot,613024496,mock,BTC-USDT
2199944884,0,0,1783610796086228494,101,depth,"[65000.24,65000.34,65000.44,65000.54,65000.64,65000.74,65000.84,65000.94,65001.04,65001.14]",65000.24,"[0.001,0.002,0.003,0.004,0.005,0.006,0.007,0.008,0.009000000000000001,0.01]",0.001,"[65000.04,64999.94,64999.84,64999.74,64999.64,64999.54,64999.44,64999.34,64999.24,64999.14]",65000.04,"[0.001,0.002,0.003,0.004,0.005,0.006,0.007,0.008,0.009000000000000001,0.01]",0.001,514,mock,InstrumentType.Spot,613024912,mock,BTC-USDT
2199944884,0,0,1783610796086528430,101,depth,"[65000.25,65000.35,65000.450000000004,65000.55,65000.65,65000.75,65000.85,65000.950000000004,65001.05,65001.15]",65000.25,"[0.001,0.002,0.003,0.004,0.005,0.006,0.007,0.008,0.009000000000000001,0.01]",0.001,"[65000.05,64999.950000000004,64999.85,64999.75,64999.65,64999.55,64999.450000000004,64999.35,64999.25,64999.15]",65000.05,"[0.001,0.002,0.003,0.004,0.005,0.006,0.007,0.008,0.009000000000000001,0.01]",0.001,515,mock,InstrumentType.Spot,612892576,mock,BTC-USDT
2199944884,0,0,1783610796086836993,101,depth,"[65000.26,65000.36,65000.46000000001,65000.560000000005,65000.66,65000.76,65000.86,65000.96000000001,65001.060000000005,65001.16]",65000.26,"[0.001,0.002,0.003,0.004,0.005,0.006,0.007,0.008,0.009000000000000001,0.01]",0.001,"[65000.060000000005,64999.96000000001,64999.86,64999.76,64999.66,64999.560000000005,64999.46000000001,64999.36,64999.26,64999.16]",65000.060000000005,"[0.001,0.002,0.003,0.004,0.005,0.006,0.007,0.008,0.009000000000000001,0.01]",0.001,516,mock,InstrumentType.Spot,612893136,mock,BTC-USDT
2199944884,0,0,1783610796087130455,101,depth,"[65000.27,65000.369999999995,65000.47,65000.57,65000.67,65000.77,65000.869999999995,65000.97,65001.07,65001.17]",65000.27,"[0.001,0.002,0.003,0.004,0.005,0.006,0.007,0.008,0.009000000000000001,0.01]",0.001,"[65000.07,64999.97,64999.869999999995,64999.77,64999.67,64999.57,64999.47,64999.369999999995,64999.27,64999.17]",65000.07,"[0.001,0.002,0.003,0.004,0.005,0.006,0.007,0.008,0.009000000000000001,0.01]",0.001,517,mock,InstrumentType.Spot,612893696,mock,BTC-USDT
2199944884,0,0,1783610796087430199,101,depth,"[65000.28,65000.38,65000.48,65000.58,65000.68,65000.78,65000.88,65000.98,65001.08,65001.18]",65000.28,"[0.001,0.002,0.003,0.004,0.005,0.006,0.007,0.008,0.009000000000000001,0.01]",0.001,"[65000.08,64999.98,64999.88,64999.78,64999.68,64999.58,64999.48,64999.38,64999.28,64999.18]",65000.08,"[0.001,0.002,0.003,0.004,0.005,0.006,0.007,0.008,0.009000000000000001,0.01]",0.001,518,mock,InstrumentType.Spot,612894256,mock,BTC-USDT
2199944884,0,0,1783610796087729042,101,depth,"[65000.29,65000.39,65000.490000000005,65000.590000000004,65000.69,65000.79,65000.89,65000.990000000005,65001.090000000004,65001.19]",65000.29,"[0.001,0.002,0.003,0.004,0.005,0.006,0.007,0.008,0.009000000000000001,0.01]",0.001,"[65000.090000000004,64999.990000000005,64999.89,64999.79,64999.69,64999.590000000004,64999.490000000005,64999.39,64999.29,64999.19]",65000.090000000004,"[0.001,0.002,0.003,0.004,0.005,0.006,0.007,0.008,0.009000000000000001,0.01]",0.001,519,mock,InstrumentType.Spot,612894816,mock,BTC-USDT
2199944884,0,0,1783610796088030490,101,depth,"[65000.299999999996,65000.399999999994,65000.5,65000.6,65000.7,65000.799999999996,65000.899999999994,65001.0,65001.1,65001.2]",65000.299999999996,"[0.001,0.002,0.003,0.004,0.005,0.006,0.007,0.008,0.009000000000000001,0.01]",0.001,"[65000.1,65000.0,64999.899999999994,64999.799999999996,64999.7,64999.6,64999.5,64999.399999999994,64999.299999999996,64999.2]",65000.1,"[0.001,0.002,0.003,0.004,0.005,0.006,0.007,0.008,0.009000000000000001,0.01]",0.001,520,mock,InstrumentType.Spot,612895376,mock,BTC-USDT
2199944884,0,0,1783610796088329127,101,depth,"[65000.31,65000.409999999996,65000.51,65000.61,65000.71,65000.81,65000.909999999996,65001.01,65001.11,65001.21]",65000.31,"[0.001,0.002,0.003,0.004,0.005,0.006,0.007,0.008,0.009000000000000001,0.01]",0.001,"[65000.11,65000.01,64999.909999999996,64999.81,64999.71,64999.61,64999.51,64999.409999999996,64999.31,64999.21]",65000.11,"[0.001,0.002,0.003,0.004,0.005,0.006,0.007,0.008,0.009000000000000001,0.01]",0.001,521,mock,InstrumentType.Spot,612895936,mock,BTC-USDT
2199944884,0,0,1783610796088630198,101,depth,"[65000.32,65000.42,65000.520000000004,65000.62,65000.72,65000.82,65000.92,65001.020000000004,65001.12,65001.22]",65000.32,"[0.001,0.002,0.003,0.004,0.005,0.006,0.007,0.008,0.009000000000000001,0.01]",0.001,"[65000.12,65000.020000000004,64999.92,64999.82,64999.72,64999.62,64999.520000000004,64999.42,64999.32,64999.22]",65000.12,"[0.001,0.002,0.003,0.004,0.005,0.006,0.007,0.008,0.009000000000000001,0.01]",0.001,522,mock,InstrumentType.Spot,612999936,mock,BTC-USDT
2199944884,0,0,1783610796088928952,101,depth,"[65000.33,65000.43,65000.530000000006,65000.630000000005,65000.73,65000.83,65000.93,65001.030000000006,65001.130000000005,65001.23]",65000.33,"[0.001,0.002,0.003,0.004,0.005,0.006,0.007,0.008,0.009000000000000001,0.01]",0.001,"[65000.130000000005,65000.030000000006,64999.93,64999.83,64999.73,64999.630000000005,64999.530000000006,64999.43,64999.33,64999.23]",65000.130000000005,"[0.001,0.002,0.003,0.004,0.005,0.006,0.007,0.008,0.009000000000000001,0.01]",0.001,523,mock,InstrumentType.Spot,613000496,mock,BTC-USDT
2199944884,0,0,1783610796089230064,101,depth,"[65000.34,65000.439999999995,65000.54,65000.64,65000.74,65000.84,65000.939999999995,65001.04,65001.14,65001.24]",65000.34,"[0.001,0.002,0.003,0.004,0.005,0.006,0.007,0.008,0.009000000000000001,0.01]",0.001,"[65000.14,65000.04,64999.939999999995,64999.84,64999.74,64999.64,64999.54,64999.439999999995,64999.34,64999.24]",65000.14,"[0.001,0.002,0.003,0.004,0.005,0.006,0.007,0.008,0.009000000000000001,0.01]",0.001,524,mock,InstrumentType.Spot,613001056,mock,BTC-USDT
2199944884,0,0,1783610796089536887,101,depth,"[65000.35,65000.45,65000.55,65000.65,65000.75,65000.85,65000.95,65001.05,65001.15,65001.25]",65000.35,"[0.001,0.002,0.003,0.004,0.005,0.006,0.007,0.008,0.009000000000000001,0.01]",0.001,"[65000.15,65000.05,64999.95,64999.85,64999.75,64999.65,64999.55,64999.45,64999.35,64999.25]",65000.15,"[0.001,0.002,0.003,0.004,0.005,0.006,0.007,0.008,0.009000000000000001,0.01]",0.001,525,mock,InstrumentType.Spot,613001616,mock,BTC-USDT
2199944884,0,0,1783610796089830008,101,depth,"[65000.36,65000.46,65000.560000000005,65000.66,65000.76,65000.86,65000.96,65001.060000000005,65001.16,65001.26]",65000.36,"[0.001,0.002,0.003,0.004,0.005,0.006,0.007,0.008,0.009000000000000001,0.01]",0.001,"[65000.16,65000.060000000005,64999.96,64999.86,64999.76,64999.66,64999.560000000005,64999.46,64999.36,64999.26]",65000.16,"[0.001,0.002,0.003,0.004,0.005,0.006,0.007,0.008,0.009000000000000001,0.01]",0.001,526,mock,InstrumentType.Spot,613002176,mock,BTC-USDT
2199944884,0,0,1783610796090130104,101,depth,"[65000.369999999995,65000.469999999994,65000.57,65000.67,65000.77,65000.869999999995,65000.969999999994,65001.07,65001.17,65001.27]",65000.369999999995,"[0.001,0.002,0.003,0.004,0.005,0.006,0.007,0.008,0.009000000000000001,0.01]",0.001,"[65000.17,65000.07,64999.969999999994,64999.869999999995,64999.77,64999.67,64999.57,64999.469999999994,64999.369999999995,64999.27]",65000.17,"[0.001,0.002,0.003,0.004,0.005,0.006,0.007,0.008,0.009000000000000001,0.01]",0.001,527,mock,InstrumentType.Spot,613002736,mock,BTC-USDT
2199944884,0,0,1783610796090428404,101,depth,"[65000.38,65000.479999999996,65000.58,65000.68,65000.78,65000.88,65000.979999999996,65001.08,65001.18,65001.28]",65000.38,"[0.001,0.002,0.003,0.004,0.005,0.006,0.007,0.008,0.009000000000000001,0.01]",0.001,"[65000.18,65000.08,64999.979999999996,64999.88,64999.78,64999.68,64999.58,64999.479999999996,64999.38,64999.28]",65000.18,"[0.001,0.002,0.003,0.004,0.005,0.006,0.007,0.008,0.009000000000000001,0.01]",0.001,528,mock,InstrumentType.Spot,613003296,mock,BTC-USDT
2199944884,0,0,1783610796090729508,101,depth,"[65000.39,65000.49,65000.590000000004,65000.69,65000.79,65000.89,65000.99,65001.090000000004,65001.19,65001.29]",65000.39,"[0.001,0.002,0.003,0.004,0.005,0.006,0.007,0.008,0.009000000000000001,0.01]",0.001,"[65000.19,65000.090000000004,64999.99,64999.89,64999.79,64999.69,64999.590000000004,64999.49,64999.39,64999.29]",65000.19,"[0.001,0.002,0.003,0.004,0.005,0.006,0.007,0.008,0.009000000000000001,0.01]",0.001,529,mock,InstrumentType.Spot,613044192,mock,BTC-USDT
2199944884,0,0,1783610796091030614,101,depth,"[65000.4,65000.5,65000.600000000006,65000.700000000004,65000.8,65000.9,65001.0,65001.100000000006,65001.200000000004,65001.3]",65000.4,"[0.001,0.002,0.003,0.004,0.005,0.006,0.007,0.008,0.009000000000000001,0.01]",0.001,"[65000.200000000004,65000.100000000006,65000.0,64999.9,64999.8,64999.700000000004,64999.600000000006,64999.5,64999.4,64999.3]",65000.200000000004,"[0.001,0.002,0.003,0.004,0.005,0.006,0.007,0.008,0.009000000000000001,0.01]",0.001,530,mock,InstrumentType.Spot,613044608,mock,BTC-USDT
2199944884,0,0,1783610796091328622,101,depth,"[65000.409999999996,65000.509999999995,65000.61,65000.71,65000.81,65000.909999999996,65001.009999999995,65001.11,65001.21,65001.31]",65000.409999999996,"[0.001,0.002,0.003,0.004,0.005,0.006,0.007,0.008,0.009000000000000001,0.01]",0.001,"[65000.21,65000.11,65000.009999999995,64999.909999999996,64999.81,64999.71,64999.61,64999.509999999995,64999.409999999996,64999.31]",65000.21,"[0.001,0.002,0.003,0.004,0.005,0.006,0.007,0.008,0.009000000000000001,0.01]",0.001,531,mock,InstrumentType.Spot,613045024,mock,BTC-USDT
2199944884,0,0,1783610796091629228,101,depth,"[65000.42,65000.52,65000.62,65000.72,65000.82,65000.92,65001.02,65001.12,65001.22,65001.32]",65000.42,"[0.001,0.002,0.003,0.004,0.005,0.006,0.007,0.008,0.009000000000000001,0.01]",0.001,"[65000.22,65000.12,65000.02,64999.92,64999.82,64999.72,64999.62,64999.52,64999.42,64999.32]",65000.22,"[0.001,0.002,0.003,0.004,0.005,0.006,0.007,0.008,0.009000000000000001,0.01]",0.001,532,mock,InstrumentType.Spot,613045440,mock,BTC-USDT
2199944884,0,0,1783610796091928363,101,depth,"[65000.43,65000.53,65000.630000000005,65000.73,65000.83,65000.93,65001.03,65001.130000000005,65001.23,65001.33]",65000.43,"[0.001,0.002,0.003,0.004,0.005,0.006,0.007,0.008,0.009000000000000001,0.01]",0.001,"[65000.23,65000.130000000005,65000.03,64999.93,64999.83,64999.73,64999.630000000005,64999.53,64999.43,64999.33]",65000.23,"[0.001,0.002,0.003,0.004,0.005,0.006,0.007,0.008,0.009000000000000001,0.01]",0.001,533,mock,InstrumentType.Spot,613045856,mock,BTC-USDT
2199944884,0,0,1783610796092228377,101,depth,"[65000.439999999995,65000.53999999999,65000.64,65000.74,65000.84,65000.939999999995,65001.03999999999,65001.14,65001.24,65001.34]",65000.439999999995,"[0.001,0.002,0.003,0.004,0.005,0.006,0.007,0.008,0.009000000000000001,0.01]",0.001,"[65000.24,65000.14,65000.03999999999,64999.939999999995,64999.84,64999.74,64999.64,64999.53999999999,64999.439999999995,64999.34]",65000.24,"[0.001,0.002,0.003,0.004,0.005,0.006,0.007,0.008,0.009000000000000001,0.01]",0.001,534,mock,InstrumentType.Spot,613046272,mock,BTC-USDT
2199944884,0,0,1783610796092535829,101,depth,"[65000.45,65000.549999999996,65000.65,65000.75,65000.85,65000.95,65001.049999999996,65001.15,65001.25,65001.35]",65000.45,"[0.001,0.002,0.003,0.004,0.005,0.006,0.007,0.008,0.009000000000000001,0.01]",0.001,"[65000.25,65000.15,65000.049999999996,64999.95,64999.85,64999.75,64999.65,64999.549999999996,64999.45,64999.35]",65000.25,"[0.001,0.002,0.003,0.004,0.005,0.006,0.007,0.008,0.009000000000000001,0.01]",0.001,535,mock,InstrumentType.Spot,613046688,mock,BTC-USDT
2199944884,0,0,1783610796092829442,101,depth,"[65000.46,65000.56,65000.66,65000.76,65000.86,65000.96,65001.06,65001.16,65001.26,65001.36]",65000.46,"[0.001,0.002,0.003,0.004,0.005,0.006,0.007,0.008,0.009000000000000001,0.01]",0.001,"[65000.26,65000.16,65000.06,64999.96,64999.86,64999.76,64999.66,64999.56,64999.46,64999.36]",65000.26,"[0.001,0.002,0.003,0.004,0.005,0.006,0.007,0.008,0.009000000000000001,0.01]",0.001,536,mock,InstrumentType.Spot,613047104,mock,BTC-USDT
2199944884,0,0,1783610796093129701,101,depth,"[65000.47,65000.57,65000.670000000006,65000.770000000004,65000.87,65000.97,65001.07,65001.170000000006,65001.270000000004,65001.37]",65000.47,"[0.001,0.002,0.003,0.004,0.005,0.006,0.007,0.008,0.009000000000000001,0.01]",0.001,"[65000.270000000004,65000.170000000006,65000.07,64999.97,64999.87,64999.770000000004,64999.670000000006,64999.57,64999.47,64999.37]",65000.270000000004,"[0.001,0.002,0.003,0.004,0.005,0.006,0.007,0.008,0.009000000000000001,0.01]",0.001,537,mock,InstrumentType.Spot,613047520,mock,BTC-USDT
2199944884,0,0,1783610796093429537,101,depth,"[65000.479999999996,65000.579999999994,65000.68,65000.78,65000.88,65000.979999999996,65001.079999999994,65001.18,65001.28,65001.38]",65000.479999999996,"[0.001,0.002,0.003,0.004,0.005,0.006,0.007,0.008,0.009000000000000001,0.01]",0.001,"[65000.28,65000.18,65000.079999999994,64999.979999999996,64999.88,64999.78,64999.68,64999.579999999994,64999.479999999996,64999.38]",65000.28,"[0.001,0.002,0.003,0.004,0.005,0.006,0.007,0.008,0.009000000000000001,0.01]",0.001,538,mock,InstrumentType.Spot,613047936,mock,BTC-USDT
2199944884,0,0,1783610796093728358,101,depth,"[65000.49,65000.59,65000.69,65000.79,65000.89,65000.99,65001.09,65001.19,65001.29,65001.39]",65000.49,"[0.001,0.002,0.003,0.004,0.005,0.006,0.007,0.008,0.009000000000000001,0.01]",0.001,"[65000.29,65000.19,65000.09,64999.99,64999.89,64999.79,64999.69,64999.59,64999.49,64999.39]",65000.29,"[0.001,0.002,0.003,0.004,0.005,0.006,0.007,0.008,0.009000000000000001,0.01]",0.001,539,mock,InstrumentType.Spot,613048352,mock,BTC-USDT
2199944884,0,0,1783610796094027956,101,depth,"[65000.5,65000.6,65000.700000000004,65000.8,65000.9,65001.0,65001.1,65001.200000000004,65001.3,65001.4]",65000.5,"[0.001,0.002,0.003,0.004,0.005,0.006,0.007,0.008,0.009000000000000001,0.01]",0.001,"[65000.3,65000.200000000004,65000.1,65000.0,64999.9,64999.8,64999.700000000004,64999.6,64999.5,64999.4]",65000.3,"[0.001,0.002,0.003,0.004,0.005,0.006,0.007,0.008,0.009000000000000001,0.01]",0.001,540,mock,InstrumentType.Spot,613048768,mock,BTC-USDT
2199944884,0,0,1783610796094329867,101,depth,"[65000.51,65000.61,65000.71000000001,65000.810000000005,65000.91,65001.01,65001.11,65001.21000000001,65001.310000000005,65001.41]",65000.51,"[0.001,0.002,0.003,0.004,0.005,0.006,0.007,0.008,0.009000000000000001,0.01]",0.001,"[65000.310000000005,65000.21000000001,65000.11,65000.01,64999.91,64999.810000000005,64999.71000000001,64999.61,64999.51,64999.41]",65000.310000000005,"[0.001,0.002,0.003,0.004,0.005,0.006,0.007,0.008,0.009000000000000001,0.01]",0.001,541,mock,InstrumentType.Spot,613049184,mock,BTC-USDT
2199944884,0,0,1783610796094629450,101,depth,"[65000.52,65000.619999999995,65000.72,65000.82,65000.92,65001.02,65001.119999999995,65001.22,65001.32,65001.42]",65000.52,"[0.001,0.002,0.003,0.004,0.005,0.006,0.007,0.008,0.009000000000000001,0.01]",0.001,"[65000.32,65000.22,65000.119999999995,65000.02,64999.92,64999.82,64999.72,64999.619999999995,64999.52,64999.42]",65000.32,"[0.001,0.002,0.003,0.004,0.005,0.006,0.007,0.008,0.009000000000000001,0.01]",0.001,542,mock,InstrumentType.Spot,613049600,mock,BTC-USDT
2199944884,0,0,1783610796094928952,101,depth,"[65000.53,65000.63,65000.73,65000.83,65000.93,65001.03,65001.13,65001.23,65001.33,65001.43]",65000.53,"[0.001,0.002,0.003,0.004,0.005,0.006,0.007,0.008,0.009000000000000001,0.01]",0.001,"[65000.33,65000.23,65000.13,65000.03,64999.93,64999.83,64999.73,64999.63,64999.53,64999.43]",65000.33,"[0.001,0.002,0.003,0.004,0.005,0.006,0.007,0.008,0.009000000000000001,0.01]",0.001,543,mock,InstrumentType.Spot,612910192,mock,BTC-USDT
2199944884,0,0,1783610796095238400,101,depth,"[65000.54,65000.64,65000.740000000005,65000.840000000004,65000.94,65001.04,65001.14,65001.240000000005,65001.340000000004,65001.44]",65000.54,"[0.001,0.002,0.003,0.004,0.005,0.006,0.007,0.008,0.009000000000000001,0.01]",0.001,"[65000.340000000004,65000.240000000005,65000.14,65000.04,64999.94,64999.840000000004,64999.740000000005,64999.64,64999.54,64999.44]",65000.340000000004,"[0.001,0.002,0.003,0.004,0.005,0.006,0.007,0.008,0.009000000000000001,0.01]",0.001,544,mock,InstrumentType.Spot,612910752,mock,BTC-USDT
2199944884,0,0,1783610796095528856,101,depth,"[65000.549999999996,65000.649999999994,65000.75,65000.85,65000.95,65001.049999999996,65001.149999999994,65001.25,65001.35,65001.45]",65000.549999999996,"[0.001,0.002,0.003,0.004,0.005,0.006,0.007,0.008,0.009000000000000001,0.01]",0.001,"[65000.35,65000.25,65000.149999999994,65000.049999999996,64999.95,64999.85,64999.75,64999.649999999994,64999.549999999996,64999.45]",65000.35,"[0.001,0.002,0.003,0.004,0.005,0.006,0.007,0.008,0.009000000000000001,0.01]",0.001,545,mock,InstrumentType.Spot,612911312,mock,BTC-USDT
2199944884,0,0,1783610796095828516,101,depth,"[65000.56,65000.659999999996,65000.76,65000.86,65000.96,65001.06,65001.159999999996,65001.26,65001.36,65001.46]",65000.56,"[0.001,0.002,0.003,0.004,0.005,0.006,0.007,0.008,0.009000000000000001,0.01]",0.001,"[65000.36,65000.26,65000.159999999996,65000.06,64999.96,64999.86,64999.76,64999.659999999996,64999.56,64999.46]",65000.36,"[0.001,0.002,0.003,0.004,0.005,0.006,0.007,0.008,0.009000000000000001,0.01]",0.001,546,mock,InstrumentType.Spot,612911872,mock,BTC-USDT
2199944884,0,0,1783610796096128591,101,depth,"[65000.57,65000.67,65000.770000000004,65000.87,65000.97,65001.07,65001.17,65001.270000000004,65001.37,65001.47]",65000.57,"[0.001,0.002,0.003,0.004,0.005,0.006,0.007,0.008,0.009000000000000001,0.01]",0.001,"[65000.37,65000.270000000004,65000.17,65000.07,64999.97,64999.87,64999.770000000004,64999.67,64999.57,64999.47]",65000.37,"[0.001,0.002,0.003,0.004,0.005,0.006,0.007,0.008,0.009000000000000001,0.01]",0.001,547,mock,InstrumentType.Spot,612912432,mock,BTC-USDT
2199944884,0,0,1783610796096429214,101,depth,"[65000.58,65000.68,65000.780000000006,65000.880000000005,65000.98,65001.08,65001.18,65001.280000000006,65001.380000000005,65001.48]",65000.58,"[0.001,0.002,0.003,0.004,0.005,0.006,0.007,0.008,0.009000000000000001,0.01]",0.001,"[65000.380000000005,65000.280000000006,65000.18,65000.08,64999.98,64999.880000000005,64999.780000000006,64999.68,64999.58,64999.48]",65000.380000000005,"[0.001,0.002,0.003,0.004,0.005,0.006,0.007,0.008,0.009000000000000001,0.01]",0.001,548,mock,InstrumentType.Spot,612912992,mock,BTC-USDT
2199944884,0,0,1783610796096729610,101,depth,"[65000.59,65000.689999999995,65000.79,65000.89,65000.99,65001.09,65001.189999999995,65001.29,65001.39,65001.49]",65000.59,"[0.001,0.002,0.003,0.004,0.005,0.006,0.007,0.008,0.009000000000000001,0.01]",0.001,"[65000.39,65000.29,65000.189999999995,65000.09,64999.99,64999.89,64999.79,64999.689999999995,64999.59,64999.49]",65000.39,"[0.001,0.002,0.003,0.004,0.005,0.006,0.007,0.008,0.009000000000000001,0.01]",0.001,549,mock,InstrumentType.Spot,612913552,mock,BTC-USDT
2199944884,0,0,1783610796097028838,101,depth,"[65000.6,65000.7,65000.8,65000.9,65001.0,65001.1,65001.2,65001.3,65001.4,65001.5]",65000.6,"[0.001,0.002,0.003,0.004,0.005,0.006,0.007,0.008,0.009000000000000001,0.01]",0.001,"[65000.4,65000.3,65000.2,65000.1,65000.0,64999.9,64999.8,64999.7,64999.6,64999.5]",65000.4,"[0.001,0.002,0.003,0.004,0.005,0.006,0.007,0.008,0.009000000000000001,0.01]",0.001,550,mock,InstrumentType.Spot,612914112,mock,BTC-USDT
2199944884,0,0,1783610796097329666,101,depth,"[65000.61,65000.71,65000.810000000005,65000.91,65001.01,65001.11,65001.21,65001.310000000005,65001.41,65001.51]",65000.61,"[0.001,0.002,0.003,0.004,0.005,0.006,0.007,0.008,0.009000000000000001,0.01]",0.001,"[65000.41,65000.310000000005,65000.21,65000.11,65000.01,64999.91,64999.810000000005,64999.71,64999.61,64999.51]",65000.41,"[0.001,0.002,0.003,0.004,0.005,0.006,0.007,0.008,0.009000000000000001,0.01]",0.001,551,mock,InstrumentType.Spot,613058896,mock,BTC-USDT
2199944884,0,0,1783610796097629506,101,depth,"[65000.619999999995,65000.719999999994,65000.82,65000.92,65001.02,65001.119999999995,65001.219999999994,65001.32,65001.42,65001.52]",65000.619999999995,"[0.001,0.002,0.003,0.004,0.005,0.006,0.007,0.008,0.009000000000000001,0.01]",0.001,"[65000.42,65000.32,65000.219999999994,65000.119999999995,65000.02,64999.92,64999.82,64999.719999999994,64999.619999999995,64999.52]",65000.42,"[0.001,0.002,0.003,0.004,0.005,0.006,0.007,0.008,0.009000000000000001,0.01]",0.001,552,mock,InstrumentType.Spot,613059312,mock,BTC-USDT
2199944884,0,0,1783610796097929109,101,depth,"[65000.63,65000.729999999996,65000.83,65000.93,65001.03,65001.13,65001.229999999996,65001.33,65001.43,65001.53]",65000.63,"[0.001,0.002,0.003,0.004,0.005,0.006,0.007,0.008,0.009000000000000001,0.01]",0.001,"[65000.43,65000.33,65000.229999999996,65000.13,65000.03,64999.93,64999.83,64999.729999999996,64999.63,64999.53]",65000.43,"[0.001,0.002,0.003,0.004,0.005,0.006,0.007,0.008,0.009000000000000001,0.01]",0.001,553,mock,InstrumentType.Spot,613059728,mock,BTC-USDT
2199944884,0,0,1783610796098241430,101,depth,"[65000.64,65000.74,65000.840000000004,65000.94,65001.04,65001.14,65001.24,65001.340000000004,65001.44,65001.54]",65000.64,"[0.001,0.002,0.003,0.004,0.005,0.006,0.007,0.008,0.009000000000000001,0.01]",0.001,"[65000.44,65000.340000000004,65000.24,65000.14,65000.04,64999.94,64999.840000000004,64999.74,64999.64,64999.54]",65000.44,"[0.001,0.002,0.003,0.004,0.005,0.006,0.007,0.008,0.009000000000000001,0.01]",0.001,554,mock,InstrumentType.Spot,613060144,mock,BTC-USDT
2199944884,0,0,1783610796098530308,101,depth,"[65000.65,65000.75,65000.850000000006,65000.950000000004,65001.05,65001.15,65001.25,65001.350000000006,65001.450000000004,65001.55]",65000.65,"[0.001,0.002,0.003,0.004,0.005,0.006,0.007,0.008,0.009000000000000001,0.01]",0.001,"[65000.450000000004,65000.350000000006,65000.25,65000.15,65000.05,64999.950000000004,64999.850000000006,64999.75,64999.65,64999.55]",65000.450000000004,"[0.001,0.002,0.003,0.004,0.005,0.006,0.007,0.008,0.009000000000000001,0.01]",0.001,555,mock,InstrumentType.Spot,613060560,mock,BTC-USDT
2199944884,0,0,1783610796098828904,101,depth,"[65000.659999999996,65000.759999999995,65000.86,65000.96,65001.06,65001.159999999996,65001.259999999995,65001.36,65001.46,65001.56]",65000.659999999996,"[0.001,0.002,0.003,0.004,0.005,0.006,0.007,0.008,0.009000000000000001,0.01]",0.001,"[65000.46,65000.36,65000.259999999995,65000.159999999996,65000.06,64999.96,64999.86,64999.759999999995,64999.659999999996,64999.56]",65000.46,"[0.001,0.002,0.003,0.004,0.005,0.006,0.007,0.008,0.009000000000000001,0.01]",0.001,556,mock,InstrumentType.Spot,613060976,mock,BTC-USDT
2199944884,0,0,1783610796099129480,101,depth,"[65000.67,65000.77,65000.87,65000.97,65001.07,65001.17,65001.27,65001.37,65001.47,65001.57]",65000.67,"[0.001,0.002,0.003,0.004,0.005,0.006,0.007,0.008,0.009000000000000001,0.01]",0.001,"[65000.47,65000.37,65000.27,65000.17,65000.07,64999.97,64999.87,64999.77,64999.67,64999.57]",65000.47,"[0.001,0.002,0.003,0.004,0.005,0.006,0.007,0.008,0.009000000000000001,0.01]",0.001,557,mock,InstrumentType.Spot,613061392,mock,BTC-USDT
2199944884,0,0,1783610796099429468,101,depth,"[65000.68,65000.78,65000.880000000005,65000.98,65001.08,65001.18,65001.28,65001.380000000005,65001.48,65001.58]",65000.68,"[0.001,0.002,0.003,0.004,0.005,0.006,0.007,0.008,0.009000000000000001,0.01]",0.001,"[65000.48,65000.380000000005,65000.28,65000.18,65000.08,64999.98,64999.880000000005,64999.78,64999.68,64999.58]",65000.48,"[0.001,0.002,0.003,0.004,0.005,0.006,0.007,0.008,0.009000000000000001,0.01]",0.001,558,mock,InstrumentType.Spot,613061808,mock,BTC-USDT
2199944884,0,0,1783610796099728489,101,depth,"[65000.689999999995,65000.78999999999,65000.89,65000.99,65001.09,65001.189999999995,65001.28999999999,65001.39,65001.49,65001.59]",65000.689999999995,"[0.001,0.002,0.003,0.004,0.005,0.006,0.007,0.008,0.009000000000000001,0.01]",0.001,"[65000.49,65000.39,65000.28999999999,65000.189999999995,65000.09,64999.99,64999.89,64999.78999999999,64999.689999999995,64999.59]",65000.49,"[0.001,0.002,0.003,0.004,0.005,0.006,0.007,0.008,0.009000000000000001,0.01]",0.001,559,mock,InstrumentType.Spot,613062224,mock,BTC-USDT
2199944884,0,0,1783610796100028477,101,depth,"[65000.7,65000.799999999996,65000.9,65001.0,65001.1,65001.2,65001.299999999996,65001.4,65001.5,65001.6]",65000.7,"[0.001,0.002,0.003,0.004,0.005,0.006,0.007,0.008,0.009000000000000001,0.01]",0.001,"[65000.5,65000.4,65000.299999999996,65000.2,65000.1,65000.0,64999.9,64999.799999999996,64999.7,64999.6]",65000.5,"[0.001,0.002,0.003,0.004,0.005,0.006,0.007,0.008,0.009000000000000001,0.01]",0.001,560,mock,InstrumentType.Spot,613062640,mock,BTC-USDT
2199944884,0,0,1783610796100329040,101,depth,"[65000.71,65000.81,65000.91,65001.01,65001.11,65001.21,65001.31,65001.41,65001.51,65001.61]",65000.71,"[0.001,0.002,0.003,0.004,0.005,0.006,0.007,0.008,0.009000000000000001,0.01]",0.001,"[65000.51,65000.41,65000.31,65000.21,65000.11,65000.01,64999.91,64999.81,64999.71,64999.61]",65000.51,"[0.001,0.002,0.003,0.004,0.005,0.006,0.007,0.008,0.009000000000000001,0.01]",0.001,561,mock,InstrumentType.Spot,613063056,mock,BTC-USDT
2199944884,0,0,1783610796100628591,101,depth,"[65000.72,65000.82,65000.920000000006,65001.020000000004,65001.12,65001.22,65001.32,65001.420000000006,65001.520000000004,65001.62]",65000.72,"[0.001,0.002,0.003,0.004,0.005,0.006,0.007,0.008,0.009000000000000001,0.01]",0.001,"[65000.520000000004,65000.420000000006,65000.32,65000.22,65000.12,65000.020000000004,64999.920000000006,64999.82,64999.72,64999.62]",65000.520000000004,"[0.001,0.002,0.003,0.004,0.005,0.006,0.007,0.008,0.009000000000000001,0.01]",0.001,562,mock,InstrumentType.Spot,613063472,mock,BTC-USDT
2199944884,0,0,1783610796100928478,101,depth,"[65000.729999999996,65000.829999999994,65000.93,65001.03,65001.13,65001.229999999996,65001.329999999994,65001.43,65001.53,65001.63]",65000.729999999996,"[0.001,0.002,0.003,0.004,0.005,0.006,0.007,0.008,0.009000000000000001,0.01]",0.001,"[65000.53,65000.43,65000.329999999994,65000.229999999996,65000.13,65000.03,64999.93,64999.829999999994,64999.729999999996,64999.63]",65000.53,"[0.001,0.002,0.003,0.004,0.005,0.006,0.007,0.008,0.009000000000000001,0.01]",0.001,563,mock,InstrumentType.Spot,613063888,mock,BTC-USDT
2199944884,0,0,1783610796101235622,101,depth,"[65000.74,65000.84,65000.94,65001.04,65001.14,65001.24,65001.34,65001.44,65001.54,65001.64]",65000.74,"[0.001,0.002,0.003,0.004,0.005,0.006,0.007,0.008,0.009000000000000001,0.01]",0.001,"[65000.54,65000.44,65000.34,65000.24,65000.14,65000.04,64999.94,64999.84,64999.74,64999.64]",65000.54,"[0.001,0.002,0.003,0.004,0.005,0.006,0.007,0.008,0.009000000000000001,0.01]",0.001,564,mock,InstrumentType.Spot,613064304,mock,BTC-USDT
2199944884,0,0,1783610796101528768,101,depth,"[65000.75,65000.85,65000.950000000004,65001.05,65001.15,65001.25,65001.35,65001.450000000004,65001.55,65001.65]",65000.75,"[0.001,0.002,0.003,0.004,0.005,0.006,0.007,0.008,0.009000000000000001,0.01]",0.001,"[65000.55,65000.450000000004,65000.35,65000.25,65000.15,65000.05,64999.950000000004,64999.85,64999.75,64999.65]",65000.55,"[0.001,0.002,0.003,0.004,0.005,0.006,0.007,0.008,0.009000000000000001,0.01]",0.001,565,mock,InstrumentType.Spot,613064720,mock,BTC-USDT
2199944884,0,0,1783610796101827959,101,depth,"[65000.76,65000.86,65000.96000000001,65001.060000000005,65001.16,65001.26,65001.36,65001.46000000001,65001.560000000005,65001.66]",65000.76,"[0.001,0.002,0.003,0.004,0.005,0.006,0.007,0.008,0.009000000000000001,0.01]",0.001,"[65000.560000000005,65000.46000000001,65000.36,65000.26,65000.16,65000.060000000005,64999.96000000001,64999.86,64999.76,64999.66]",65000.560000000005,"[0.001,0.002,0.003,0.004,0.005,0.006,0.007,0.008,0.009000000000000001,0.01]",0.001,566,mock,InstrumentType.Spot,613065136,mock,BTC-USDT
2199944884,0,0,1783610796102134214,101,depth,"[65000.77,65000.869999999995,65000.97,65001.07,65001.17,65001.27,65001.369999999995,65001.47,65001.57,65001.67]",65000.77,"[0.001,0.002,0.003,0.004,0.005,0.006,0.007,0.008,0.009000000000000001,0.01]",0.001,"[65000.57,65000.47,65000.369999999995,65000.27,65000.17,65000.07,64999.97,64999.869999999995,64999.77,64999.67]",65000.57,"[0.001,0.002,0.003,0.004,0.005,0.006,0.007,0.008,0.009000000000000001,0.01]",0.001,567,mock,InstrumentType.Spot,613065552,mock,BTC-USDT
2199944884,0,0,1783610796102451077,101,depth,"[65000.78,65000.88,65000.98,65001.08,65001.18,65001.28,65001.38,65001.48,65001.58,65001.68]",65000.78,"[0.001,0.002,0.003,0.004,0.005,0.006,0.007,0.008,0.009000000000000001,0.01]",0.001,"[65000.58,65000.48,65000.38,65000.28,65000.18,65000.08,64999.98,64999.88,64999.78,64999.68]",65000.58,"[0.001,0.002,0.003,0.004,0.005,0.006,0.007,0.008,0.009000000000000001,0.01]",0.001,568,mock,InstrumentType.Spot,613065968,mock,BTC-USDT
2199944884,0,0,1783610796102734112,101,depth,"[65000.79,65000.89,65000.990000000005,65001.090000000004,65001.19,65001.29,65001.39,65001.490000000005,65001.590000000004,65001.69]",65000.79,"[0.001,0.002,0.003,0.004,0.005,0.006,0.007,0.008,0.009000000000000001,0.01]",0.001,"[65000.590000000004,65000.490000000005,65000.39,65000.29,65000.19,65000.090000000004,64999.990000000005,64999.89,64999.79,64999.69]",65000.590000000004,"[0.001,0.002,0.003,0.004,0.005,0.006,0.007,0.008,0.009000000000000001,0.01]",0.001,569,mock,InstrumentType.Spot,613066384,mock,BTC-USDT
2199944884,0,0,1783610796103034096,101,depth,"[65000.799999999996,65000.899999999994,65001.0,65001.1,65001.2,65001.299999999996,65001.399999999994,65001.5,65001.6,65001.7]",65000.799999999996,"[0.001,0.002,0.003,0.004,0.005,0.006,0.007,0.008,0.009000000000000001,0.01]",0.001,"[65000.6,65000.5,65000.399999999994,65000.299999999996,65000.2,65000.1,65000.0,64999.899999999994,64999.799999999996,64999.7]",65000.6,"[0.001,0.002,0.003,0.004,0.005,0.006,0.007,0.008,0.009000000000000001,0.01]",0.001,570,mock,InstrumentType.Spot,613066800,mock,BTC-USDT
2199944884,0,0,1783610796103330718,101,depth,"[65000.81,65000.909999999996,65001.01,65001.11,65001.21,65001.31,65001.409999999996,65001.51,65001.61,65001.71]",65000.81,"[0.001,0.002,0.003,0.004,0.005,0.006,0.007,0.008,0.009000000000000001,0.01]",0.001,"[65000.61,65000.51,65000.409999999996,65000.31,65000.21,65000.11,65000.01,64999.909999999996,64999.81,64999.71]",65000.61,"[0.001,0.002,0.003,0.004,0.005,0.006,0.007,0.008,0.009000000000000001,0.01]",0.001,571,mock,InstrumentType.Spot,613067216,mock,BTC-USDT
2199944884,0,0,1783610796103628820,101,depth,"[65000.82,65000.92,65001.020000000004,65001.12,65001.22,65001.32,65001.42,65001.520000000004,65001.62,65001.72]",65000.82,"[0.001,0.002,0.003,0.004,0.005,0.006,0.007,0.008,0.009000000000000001,0.01]",0.001,"[65000.62,65000.520000000004,65000.42,65000.32,65000.22,65000.12,65000.020000000004,64999.92,64999.82,64999.72]",65000.62,"[0.001,0.002,0.003,0.004,0.005,0.006,0.007,0.008,0.009000000000000001,0.01]",0.001,572,mock,InstrumentType.Spot,613067632,mock,BTC-USDT
2199944884,0,0,1783610796103949803,101,depth,"[65000.83,65000.93,65001.030000000006,65001.130000000005,65001.23,65001.33,65001.43,65001.530000000006,65001.630000000005,65001.73]",65000.83,"[0.001,0.002,0.003,0.004,0.005,0.006,0.007,0.008,0.009000000000000001,0.01]",0.001,"[65000.630000000005,65000.530000000006,65000.43,65000.33,65000.23,65000.130000000005,65000.030000000006,64999.93,64999.83,64999.73]",65000.630000000005,"[0.001,0.002,0.003,0.004,0.005,0.006,0.007,0.008,0.009000000000000001,0.01]",0.001,573,mock,InstrumentType.Spot,613068048,mock,BTC-USDT
2199944884,0,0,1783610796104229884,101,depth,"[65000.84,65000.939999999995,65001.04,65001.14,65001.24,65001.34,65001.439999999995,65001.54,65001.64,65001.74]",65000.84,"[0.001,0.002,0.003,0.004,0.005,0.006,0.007,0.008,0.009000000000000001,0.01]",0.001,"[65000.64,65000.54,65000.439999999995,65000.34,65000.24,65000.14,65000.04,64999.939999999995,64999.84,64999.74]",65000.64,"[0.001,0.002,0.003,0.004,0.005,0.006,0.007,0.008,0.009000000000000001,0.01]",0.001,574,mock,InstrumentType.Spot,613068464,mock,BTC-USDT
2199944884,0,0,1783610796104528692,101,depth,"[65000.85,65000.95,65001.05,65001.15,65001.25,65001.35,65001.45,65001.55,65001.65,65001.75]",65000.85,"[0.001,0.002,0.003,0.004,0.005,0.006,0.007,0.008,0.009000000000000001,0.01]",0.001,"[65000.65,65000.55,65000.45,65000.35,65000.25,65000.15,65000.05,64999.95,64999.85,64999.75]",65000.65,"[0.001,0.002,0.003,0.004,0.005,0.006,0.007,0.008,0.009000000000000001,0.01]",0.001,575,mock,InstrumentType.Spot,613068880,mock,BTC-USDT
2199944884,0,0,1783610796104832223,101,depth,"[65000.86,65000.96,65001.060000000005,65001.16,65001.26,65001.36,65001.46,65001.560000000005,65001.66,65001.76]",65000.86,"[0.001,0.002,0.003,0.004,0.005,0.006,0.007,0.008,0.009000000000000001,0.01]",0.001,"[65000.66,65000.560000000005,65000.46,65000.36,65000.26,65000.16,65000.060000000005,64999.96,64999.86,64999.76]",65000.66,"[0.001,0.002,0.003,0.004,0.005,0.006,0.007,0.008,0.009000000000000001,0.01]",0.001,576,mock,InstrumentType.Spot,613069296,mock,BTC-USDT
2199944884,0,0,1783610796105133176,101,depth,"[65000.869999999995,65000.969999999994,65001.07,65001.17,65001.27,65001.369999999995,65001.469999999994,65001.57,65001.67,65001.77]",65000.869999999995,"[0.001,0.002,0.003,0.004,0.005,0.006,0.007,0.008,0.009000000000000001,0.01]",0.001,"[65000.67,65000.57,65000.469999999994,65000.369999999995,65000.27,65000.17,65000.07,64999.969999999994,64999.869999999995,64999.77]",65000.67,"[0.001,0.002,0.003,0.004,0.005,0.006,0.007,0.008,0.009000000000000001,0.01]",0.001,577,mock,InstrumentType.Spot,613069712,mock,BTC-USDT
2199944884,0,0,1783610796105434346,101,depth,"[65000.88,65000.979999999996,65001.08,65001.18,65001.28,65001.38,65001.479999999996,65001.58,65001.68,65001.78]",65000.88,"[0.001,0.002,0.003,0.004,0.005,0.006,0.007,0.008,0.009000000000000001,0.01]",0.001,"[65000.68,65000.58,65000.479999999996,65000.38,65000.28,65000.18,65000.08,64999.979999999996,64999.88,64999.78]",65000.68,"[0.001,0.002,0.003,0.004,0.005,0.006,0.007,0.008,0.009000000000000001,0.01]",0.001,578,mock,InstrumentType.Spot,613070128,mock,BTC-USDT
2199944884,0,0,1783610796105735412,101,depth,"[65000.89,65000.99,65001.090000000004,65001.19,65001.29,65001.39,65001.49,65001.590000000004,65001.69,65001.79]",65000.89,"[0.001,0.002,0.003,0.004,0.005,0.006,0.007,0.008,0.009000000000000001,0.01]",0.001,"[65000.69,65000.590000000004,65000.49,65000.39,65000.29,65000.19,65000.090000000004,64999.99,64999.89,64999.79]",65000.69,"[0.001,0.002,0.003,0.004,0.005,0.006,0.007,0.008,0.009000000000000001,0.01]",0.001,579,mock,InstrumentType.Spot,613070544,mock,BTC-USDT
2199944884,0,0,1783610796106031810,101,depth,"[65000.9,65001.0,65001.100000000006,65001.200000000004,65001.3,65001.4,65001.5,65001.600000000006,65001.700000000004,65001.8]",65000.9,"[0.001,0.002,0.003,0.004,0.005,0.006,0.007,0.008,0.009000000000000001,0.01]",0.001,"[65000.700000000004,65000.600000000006,65000.5,65000.4,65000.3,65000.200000000004,65000.100000000006,65000.0,64999.9,64999.8]",65000.700000000004,"[0.001,0.002,0.003,0.004,0.005,0.006,0.007,0.008,0.009000000000000001,0.01]",0.001,580,mock,InstrumentType.Spot,613070960,mock,BTC-USDT
2199944884,0,0,1783610796106330592,101,depth,"[65000.909999999996,65001.009999999995,65001.11,65001.21,65001.31,65001.409999999996,65001.509999999995,65001.61,65001.71,65001.81]",65000.909999999996,"[0.001,0.002,0.003,0.004,0.005,0.006,0.007,0.008,0.009000000000000001,0.01]",0.001,"[65000.71,65000.61,65000.509999999995,65000.409999999996,65000.31,65000.21,65000.11,65000.009999999995,64999.909999999996,64999.81]",65000.71,"[0.001,0.002,0.003,0.004,0.005,0.006,0.007,0.008,0.009000000000000001,0.01]",0.001,581,mock,InstrumentType.Spot,613071376,mock,BTC-USDT
2199944884,0,0,1783610796106629850,101,depth,"[65000.92,65001.02,65001.12,65001.22,65001.32,65001.42,65001.52,65001.62,65001.72,65001.82]",65000.92,"[0.001,0.002,0.003,0.004,0.005,0.006,0.007,0.008,0.009000000000000001,0.01]",0.001,"[65000.72,65000.62,65000.52,65000.42,65000.32,65000.22,65000.12,65000.02,64999.92,64999.82]",65000.72,"[0.001,0.002,0.003,0.004,0.005,0.006,0.007,0.008,0.009000000000000001,0.01]",0.001,582,mock,InstrumentType.Spot,613071792,mock,BTC-USDT
2199944884,0,0,1783610796106942158,101,depth,"[65000.93,65001.03,65001.130000000005,65001.23,65001.33,65001.43,65001.53,65001.630000000005,65001.73,65001.83]",65000.93,"[0.001,0.002,0.003,0.004,0.005,0.006,0.007,0.008,0.009000000000000001,0.01]",0.001,"[65000.73,65000.630000000005,65000.53,65000.43,65000.33,65000.23,65000.130000000005,65000.03,64999.93,64999.83]",65000.73,"[0.001,0.002,0.003,0.004,0.005,0.006,0.007,0.008,0.009000000000000001,0.01]",0.001,583,mock,InstrumentType.Spot,613072208,mock,BTC-USDT
2199944884,0,0,1783610796107229113,101,depth,"[65000.939999999995,65001.03999999999,65001.14,65001.24,65001.34,65001.439999999995,65001.53999999999,65001.64,65001.74,65001.84]",65000.939999999995,"[0.001,0.002,0.003,0.004,0.005,0.006,0.007,0.008,0.009000000000000001,0.01]",0.001,"[65000.74,65000.64,65000.53999999999,65000.439999999995,65000.34,65000.24,65000.14,65000.03999999999,64999.939999999995,64999.84]",65000.74,"[0.001,0.002,0.003,0.004,0.005,0.006,0.007,0.008,0.009000000000000001,0.01]",0.001,584,mock,InstrumentType.Spot,613072624,mock,BTC-USDT
2199944884,0,0,1783610796107529327,101,depth,"[65000.95,65001.049999999996,65001.15,65001.25,65001.35,65001.45,65001.549999999996,65001.65,65001.75,65001.85]",65000.95,"[0.001,0.002,0.003,0.004,0.005,0.006,0.007,0.008,0.009000000000000001,0.01]",0.001,"[65000.75,65000.65,65000.549999999996,65000.45,65000.35,65000.25,65000.15,65000.049999999996,64999.95,64999.85]",65000.75,"[0.001,0.002,0.003,0.004,0.005,0.006,0.007,0.008,0.009000000000000001,0.01]",0.001,585,mock,InstrumentType.Spot,613073040,mock,BTC-USDT
2199944884,0,0,1783610796107828243,101,depth,"[65000.96,65001.06,65001.16,65001.26,65001.36,65001.46,65001.56,65001.66,65001.76,65001.86]",65000.96,"[0.001,0.002,0.003,0.004,0.005,0.006,0.007,0.008,0.009000000000000001,0.01]",0.001,"[65000.76,65000.66,65000.56,65000.46,65000.36,65000.26,65000.16,65000.06,64999.96,64999.86]",65000.76,"[0.001,0.002,0.003,0.004,0.005,0.006,0.007,0.008,0.009000000000000001,0.01]",0.001,586,mock,InstrumentType.Spot,613073456,mock,BTC-USDT
2199944884,0,0,1783610796108145523,101,depth,"[65000.97,65001.07,65001.170000000006,65001.270000000004,65001.37,65001.47,65001.57,65001.670000000006,65001.770000000004,65001.87]",65000.97,"[0.001,0.002,0.003,0.004,0.005,0.006,0.007,0.008,0.009000000000000001,0.01]",0.001,"[65000.770000000004,65000.670000000006,65000.57,65000.47,65000.37,65000.270000000004,65000.170000000006,65000.07,64999.97,64999.87]",65000.770000000004,"[0.001,0.002,0.003,0.004,0.005,0.006,0.007,0.008,0.009000000000000001,0.01]",0.001,587,mock,InstrumentType.Spot,613073872,mock,BTC-USDT
2199944884,0,0,1783610796108429818,101,depth,"[65000.979999999996,65001.079999999994,65001.18,65001.28,65001.38,65001.479999999996,65001.579999999994,65001.68,65001.78,65001.88]",65000.979999999996,"[0.001,0.002,0.003,0.004,0.005,0.006,0.007,0.008,0.009000000000000001,0.01]",0.001,"[65000.78,65000.68,65000.579999999994,65000.479999999996,65000.38,65000.28,65000.18,65000.079999999994,64999.979999999996,64999.88]",65000.78,"[0.001,0.002,0.003,0.004,0.005,0.006,0.007,0.008,0.009000000000000001,0.01]",0.001,588,mock,InstrumentType.Spot,613074288,mock,BTC-USDT
2199944884,0,0,1783610796108728841,101,depth,"[65000.99,65001.09,65001.19,65001.29,65001.39,65001.49,65001.59,65001.69,65001.79,65001.89]",65000.99,"[0.001,0.002,0.003,0.004,0.005,0.006,0.007,0.008,0.009000000000000001,0.01]",0.001,"[65000.79,65000.69,65000.59,65000.49,65000.39,65000.29,65000.19,65000.09,64999.99,64999.89]",65000.79,"[0.001,0.002,0.003,0.004,0.005,0.006,0.007,0.008,0.009000000000000001,0.01]",0.001,589,mock,InstrumentType.Spot,613074704,mock,BTC-USDT
2199944884,0,0,1783610796109028897,101,depth,"[65001.0,65001.1,65001.200000000004,65001.3,65001.4,65001.5,65001.6,65001.700000000004,65001.8,65001.9]",65001.0,"[0.001,0.002,0.003,0.004,0.005,0.006,0.007,0.008,0.009000000000000001,0.01]",0.001,"[65000.8,65000.700000000004,65000.6,65000.5,65000.4,65000.3,65000.200000000004,65000.1,65000.0,64999.9]",65000.8,"[0.001,0.002,0.003,0.004,0.005,0.006,0.007,0.008,0.009000000000000001,0.01]",0.001,590,mock,InstrumentType.Spot,613075120,mock,BTC-USDT
2199944884,0,0,1783610796109329364,101,depth,"[65001.01,65001.11,65001.21000000001,65001.310000000005,65001.41,65001.51,65001.61,65001.71000000001,65001.810000000005,65001.91]",65001.01,"[0.001,0.002,0.003,0.004,0.005,0.006,0.007,0.008,0.009000000000000001,0.01]",0.001,"[65000.810000000005,65000.71000000001,65000.61,65000.51,65000.41,65000.310000000005,65000.21000000001,65000.11,65000.01,64999.91]",65000.810000000005,"[0.001,0.002,0.003,0.004,0.005,0.006,0.007,0.008,0.009000000000000001,0.01]",0.001,591,mock,InstrumentType.Spot,613075536,mock,BTC-USDT
2199944884,0,0,1783610796109646963,101,depth,"[65001.02,65001.119999999995,65001.22,65001.32,65001.42,65001.52,65001.619999999995,65001.72,65001.82,65001.92]",65001.02,"[0.001,0.002,0.003,0.004,0.005,0.006,0.007,0.008,0.009000000000000001,0.01]",0.001,"[65000.82,65000.72,65000.619999999995,65000.52,65000.42,65000.32,65000.22,65000.119999999995,65000.02,64999.92]",65000.82,"[0.001,0.002,0.003,0.004,0.005,0.006,0.007,0.008,0.009000000000000001,0.01]",0.001,592,mock,InstrumentType.Spot,613075952,mock,BTC-USDT
2199944884,0,0,1783610796109929408,101,depth,"[65001.03,65001.13,65001.23,65001.33,65001.43,65001.53,65001.63,65001.73,65001.83,65001.93]",65001.03,"[0.001,0.002,0.003,0.004,0.005,0.006,0.007,0.008,0.009000000000000001,0.01]",0.001,"[65000.83,65000.73,65000.63,65000.53,65000.43,65000.33,65000.23,65000.13,65000.03,64999.93]",65000.83,"[0.001,0.002,0.003,0.004,0.005,0.006,0.007,0.008,0.009000000000000001,0.01]",0.001,593,mock,InstrumentType.Spot,613076368,mock,BTC-USDT
2199944884,0,0,1783610796110229562,101,depth,"[65001.04,65001.14,65001.240000000005,65001.340000000004,65001.44,65001.54,65001.64,65001.740000000005,65001.840000000004,65001.94]",65001.04,"[0.001,0.002,0.003,0.004,0.005,0.006,0.007,0.008,0.009000000000000001,0.01]",0.001,"[65000.840000000004,65000.740000000005,65000.64,65000.54,65000.44,65000.340000000004,65000.240000000005,65000.14,65000.04,64999.94]",65000.840000000004,"[0.001,0.002,0.003,0.004,0.005,0.006,0.007,0.008,0.009000000000000001,0.01]",0.001,594,mock,InstrumentType.Spot,612896496,mock,BTC-USDT
2199944884,0,0,1783610796110530073,101,depth,"[65001.049999999996,65001.149999999994,65001.25,65001.35,65001.45,65001.549999999996,65001.649999999994,65001.75,65001.85,65001.95]",65001.049999999996,"[0.001,0.002,0.003,0.004,0.005,0.006,0.007,0.008,0.009000000000000001,0.01]",0.001,"[65000.85,65000.75,65000.649999999994,65000.549999999996,65000.45,65000.35,65000.25,65000.149999999994,65000.049999999996,64999.95]",65000.85,"[0.001,0.002,0.003,0.004,0.005,0.006,0.007,0.008,0.009000000000000001,0.01]",0.001,595,mock,InstrumentType.Spot,612897056,mock,BTC-USDT
2199944884,0,0,1783610796110830255,101,depth,"[65001.06,65001.159999999996,65001.26,65001.36,65001.46,65001.56,65001.659999999996,65001.76,65001.86,65001.96]",65001.06,"[0.001,0.002,0.003,0.004,0.005,0.006,0.007,0.008,0.009000000000000001,0.01]",0.001,"[65000.86,65000.76,65000.659999999996,65000.56,65000.46,65000.36,65000.26,65000.159999999996,65000.06,64999.96]",65000.86,"[0.001,0.002,0.003,0.004,0.005,0.006,0.007,0.008,0.009000000000000001,0.01]",0.001,596,mock,InstrumentType.Spot,612897616,mock,BTC-USDT
2199944884,0,0,1783610796111129234,101,depth,"[65001.07,65001.17,65001.270000000004,65001.37,65001.47,65001.57,65001.67,65001.770000000004,65001.87,65001.97]",65001.07,"[0.001,0.002,0.003,0.004,0.005,0.006,0.007,0.008,0.009000000000000001,0.01]",0.001,"[65000.87,65000.770000000004,65000.67,65000.57,65000.47,65000.37,65000.270000000004,65000.17,65000.07,64999.97]",65000.87,"[0.001,0.002,0.003,0.004,0.005,0.006,0.007,0.008,0.009000000000000001,0.01]",0.001,597,mock,InstrumentType.Spot,612898176,mock,BTC-USDT
2199944884,0,0,1783610796111429838,101,depth,"[65001.08,65001.18,65001.280000000006,65001.380000000005,65001.48,65001.58,65001.68,65001.780000000006,65001.880000000005,65001.98]",65001.08,"[0.001,0.002,0.003,0.004,0.005,0.006,0.007,0.008,0.009000000000000001,0.01]",0.001,"[65000.880000000005,65000.780000000006,65000.68,65000.58,65000.48,65000.380000000005,65000.280000000006,65000.18,65000.08,64999.98]",65000.880000000005,"[0.001,0.002,0.003,0.004,0.005,0.006,0.007,0.008,0.009000000000000001,0.01]",0.001,598,mock,InstrumentType.Spot,612898736,mock,BTC-USDT
2199944884,0,0,1783610796111729956,101,depth,"[65001.09,65001.189999999995,65001.29,65001.39,65001.49,65001.59,65001.689999999995,65001.79,65001.89,65001.99]",65001.09,"[0.001,0.002,0.003,0.004,0.005,0.006,0.007,0.008,0.009000000000000001,0.01]",0.001,"[65000.89,65000.79,65000.689999999995,65000.59,65000.49,65000.39,65000.29,65000.189999999995,65000.09,64999.99]",65000.89,"[0.001,0.002,0.003,0.004,0.005,0.006,0.007,0.008,0.009000000000000001,0.01]",0.001,599,mock,InstrumentType.Spot,612899296,mock,BTC-USDT
2199944884,0,0,1783610796112030108,101,depth,"[65000.1,65000.2,65000.3,65000.4,65000.5,65000.6,65000.7,65000.8,65000.9,65001.0]",65000.1,"[0.001,0.002,0.003,0.004,0.005,0.006,0.007,0.008,0.009000000000000001,0.01]",0.001,"[64999.9,64999.8,64999.7,64999.6,64999.5,64999.4,64999.3,64999.2,64999.1,64999.0]",64999.9,"[0.001,0.002,0.003,0.004,0.005,0.006,0.007,0.008,0.009000000000000001,0.01]",0.001,600,mock,InstrumentType.Spot,612899856,mock,BTC-USDT
2199944884,0,0,1783610796112329901,101,depth,"[65000.11,65000.21,65000.310000000005,65000.41,65000.51,65000.61,65000.71,65000.810000000005,65000.91,65001.01]",65000.11,"[0.001,0.002,0.003,0.004,0.005,0.006,0.007,0.008,0.009000000000000001,0.01]",0.001,"[64999.91,64999.810000000005,64999.71,64999.61,64999.51,64999.41,64999.310000000005,64999.21,64999.11,64999.01]",64999.91,"[0.001,0.002,0.003,0.004,0.005,0.006,0.007,0.008,0.009000000000000001,0.01]",0.001,601,mock,InstrumentType.Spot,612900416,mock,BTC-USDT
2199944884,0,0,1783610796112641237,101,depth,"[65000.119999999995,65000.219999999994,65000.32,65000.42,65000.52,65000.619999999995,65000.719999999994,65000.82,65000.92,65001.02]",65000.119999999995,"[0.001,0.002,0.003,0.004,0.005,0.006,0.007,0.008,0.009000000000000001,0.01]",0.001,"[64999.92,64999.82,64999.719999999994,64999.619999999995,64999.52,64999.42,64999.32,64999.219999999994,64999.119999999995,64999.02]",64999.92,"[0.001,0.002,0.003,0.004,0.005,0.006,0.007,0.008,0.009000000000000001,0.01]",0.001,602,mock,InstrumentType.Spot,613082176,mock,BTC-USDT
2199944884,0,0,1783610796112929024,101,depth,"[65000.13,65000.229999999996,65000.33,65000.43,65000.53,65000.63,65000.729999999996,65000.83,65000.93,65001.03]",65000.13,"[0.001,0.002,0.003,0.004,0.005,0.006,0.007,0.008,0.009000000000000001,0.01]",0.001,"[64999.93,64999.83,64999.729999999996,64999.63,64999.53,64999.43,64999.33,64999.229999999996,64999.13,64999.03]",64999.93,"[0.001,0.002,0.003,0.004,0.005,0.006,0.007,0.008,0.009000000000000001,0.01]",0.001,603,mock,InstrumentType.Spot,613082592,mock,BTC-USDT
2199944884,0,0,1783610796113229897,101,depth,"[65000.14,65000.24,65000.340000000004,65000.44,65000.54,65000.64,65000.74,65000.840000000004,65000.94,65001.04]",65000.14,"[0.001,0.002,0.003,0.004,0.005,0.006,0.007,0.008,0.009000000000000001,0.01]",0.001,"[64999.94,64999.840000000004,64999.74,64999.64,64999.54,64999.44,64999.340000000004,64999.24,64999.14,64999.04]",64999.94,"[0.001,0.002,0.003,0.004,0.005,0.006,0.007,0.008,0.009000000000000001,0.01]",0.001,604,mock,InstrumentType.Spot,613083008,mock,BTC-USDT
2199944884,0,0,1783610796113529639,101,depth,"[65000.15,65000.25,65000.350000000006,65000.450000000004,65000.55,65000.65,65000.75,65000.850000000006,65000.950000000004,65001.05]",65000.15,"[0.001,0.002,0.003,0.004,0.005,0.006,0.007,0.008,0.009000000000000001,0.01]",0.001,"[64999.950000000004,64999.850000000006,64999.75,64999.65,64999.55,64999.450000000004,64999.350000000006,64999.25,64999.15,64999.05]",64999.950000000004,"[0.001,0.002,0.003,0.004,0.005,0.006,0.007,0.008,0.009000000000000001,0.01]",0.001,605,mock,InstrumentType.Spot,613083424,mock,BTC-USDT
2199944884,0,0,1783610796113828699,101,depth,"[65000.159999999996,65000.259999999995,65000.36,65000.46,65000.56,65000.659999999996,65000.759999999995,65000.86,65000.96,65001.06]",65000.159999999996,"[0.001,0.002,0.003,0.004,0.005,0.006,0.007,0.008,0.009000000000000001,0.01]",0.001,"[64999.96,64999.86,64999.759999999995,64999.659999999996,64999.56,64999.46,64999.36,64999.259999999995,64999.159999999996,64999.06]",64999.96,"[0.001,0.002,0.003,0.004,0.005,0.006,0.007,0.008,0.009000000000000001,0.01]",0.001,606,mock,InstrumentType.Spot,613083840,mock,BTC-USDT
2199944884,0,0,1783610796114128750,101,depth,"[65000.17,65000.27,65000.37,65000.47,65000.57,65000.67,65000.77,65000.87,65000.97,65001.07]",65000.17,"[0.001,0.002,0.003,0.004,0.005,0.006,0.007,0.008,0.009000000000000001,0.01]",0.001,"[64999.97,64999.87,64999.77,64999.67,64999.57,64999.47,64999.37,64999.27,64999.17,64999.07]",64999.97,"[0.001,0.002,0.003,0.004,0.005,0.006,0.007,0.008,0.009000000000000001,0.01]",0.001,607,mock,InstrumentType.Spot,613084256,mock,BTC-USDT
2199944884,0,0,1783610796114428385,101,depth,"[65000.18,65000.28,65000.380000000005,65000.48,65000.58,65000.68,65000.78,65000.880000000005,65000.98,65001.08]",65000.18,"[0.001,0.002,0.003,0.004,0.005,0.006,0.007,0.008,0.009000000000000001,0.01]",0.001,"[64999.98,64999.880000000005,64999.78,64999.68,64999.58,64999.48,64999.380000000005,64999.28,64999.18,64999.08]",64999.98,"[0.001,0.002,0.003,0.004,0.005,0.006,0.007,0.008,0.009000000000000001,0.01]",0.001,608,mock,InstrumentType.Spot,613084672,mock,BTC-USDT
2199944884,0,0,1783610796114729595,101,depth,"[65000.189999999995,65000.28999999999,65000.39,65000.49,65000.59,65000.689999999995,65000.78999999999,65000.89,65000.99,65001.09]",65000.189999999995,"[0.001,0.002,0.003,0.004,0.005,0.006,0.007,0.008,0.009000000000000001,0.01]",0.001,"[64999.99,64999.89,64999.78999999999,64999.689999999995,64999.59,64999.49,64999.39,64999.28999999999,64999.189999999995,64999.09]",64999.99,"[0.001,0.002,0.003,0.004,0.005,0.006,0.007,0.008,0.009000000000000001,0.01]",0.001,609,mock,InstrumentType.Spot,613085088,mock,BTC-USDT
2199944884,0,0,1783610796115029408,101,depth,"[65000.2,65000.299999999996,65000.4,65000.5,65000.6,65000.7,65000.799999999996,65000.9,65001.0,65001.1]",65000.2,"[0.001,0.002,0.003,0.004,0.005,0.006,0.007,0.008,0.009000000000000001,0.01]",0.001,"[65000.0,64999.9,64999.799999999996,64999.7,64999.6,64999.5,64999.4,64999.299999999996,64999.2,64999.1]",65000.0,"[0.001,0.002,0.003,0.004,0.005,0.006,0.007,0.008,0.009000000000000001,0.01]",0.001,610,mock,InstrumentType.Spot,613085504,mock,BTC-USDT
2199944884,0,0,1783610796115393119,101,depth,"[65000.21,65000.31,65000.41,65000.51,65000.61,65000.71,65000.81,65000.91,65001.01,65001.11]",65000.21,"[0.001,0.002,0.003,0.004,0.005,0.006,0.007,0.008,0.009000000000000001,0.01]",0.001,"[65000.01,64999.91,64999.81,64999.71,64999.61,64999.51,64999.41,64999.31,64999.21,64999.11]",65000.01,"[0.001,0.002,0.003,0.004,0.005,0.006,0.007,0.008,0.009000000000000001,0.01]",0.001,611,mock,InstrumentType.Spot,613085920,mock,BTC-USDT
2199944884,0,0,1783610796115629890,101,depth,"[65000.22,65000.32,65000.420000000006,65000.520000000004,65000.62,65000.72,65000.82,65000.920000000006,65001.020000000004,65001.12]",65000.22,"[0.001,0.002,0.003,0.004,0.005,0.006,0.007,0.008,0.009000000000000001,0.01]",0.001,"[65000.020000000004,64999.920000000006,64999.82,64999.72,64999.62,64999.520000000004,64999.420000000006,64999.32,64999.22,64999.12]",65000.020000000004,"[0.001,0.002,0.003,0.004,0.005,0.006,0.007,0.008,0.009000000000000001,0.01]",0.001,612,mock,InstrumentType.Spot,613086336,mock,BTC-USDT
2199944884,0,0,1783610796115928740,101,depth,"[65000.229999999996,65000.329999999994,65000.43,65000.53,65000.63,65000.729999999996,65000.829999999994,65000.93,65001.03,65001.13]",65000.229999999996,"[0.001,0.002,0.003,0.004,0.005,0.006,0.007,0.008,0.009000000000000001,0.01]",0.001,"[65000.03,64999.93,64999.829999999994,64999.729999999996,64999.63,64999.53,64999.43,64999.329999999994,64999.229999999996,64999.13]",65000.03,"[0.001,0.002,0.003,0.004,0.005,0.006,0.007,0.008,0.009000000000000001,0.01]",0.001,613,mock,InstrumentType.Spot,613086752,mock,BTC-USDT
2199944884,0,0,1783610796116229339,101,depth,"[65000.24,65000.34,65000.44,65000.54,65000.64,65000.74,65000.84,65000.94,65001.04,65001.14]",65000.24,"[0.001,0.002,0.003,0.004,0.005,0.006,0.007,0.008,0.009000000000000001,0.01]",0.001,"[65000.04,64999.94,64999.84,64999.74,64999.64,64999.54,64999.44,64999.34,64999.24,64999.14]",65000.04,"[0.001,0.002,0.003,0.004,0.005,0.006,0.007,0.008,0.009000000000000001,0.01]",0.001,614,mock,InstrumentType.Spot,613087168,mock,BTC-USDT
2199944884,0,0,1783610796116533830,101,depth,"[65000.25,65000.35,65000.450000000004,65000.55,65000.65,65000.75,65000.85,65000.950000000004,65001.05,65001.15]",65000.25,"[0.001,0.002,0.003,0.004,0.005,0.006,0.007,0.008,0.009000000000000001,0.01]",0.001,"[65000.05,64999.950000000004,64999.85,64999.75,64999.65,64999.55,64999.450000000004,64999.35,64999.25,64999.15]",65000.05,"[0.001,0.002,0.003,0.004,0.005,0.006,0.007,0.008,0.009000000000000001,0.01]",0.001,615,mock,InstrumentType.Spot,613087584,mock,BTC-USDT
2199944884,0,0,1783610796116830575,101,depth,"[65000.26,65000.36,65000.46000000001,65000.560000000005,65000.66,65000.76,65000.86,65000.96000000001,65001.060000000005,65001.16]",65000.26,"[0.001,0.002,0.003,0.004,0.005,0.006,0.007,0.008,0.009000000000000001,0.01]",0.001,"[65000.060000000005,64999.96000000001,64999.86,64999.76,64999.66,64999.560000000005,64999.46000000001,64999.36,64999.26,64999.16]",65000.060000000005,"[0.001,0.002,0.003,0.004,0.005,0.006,0.007,0.008,0.009000000000000001,0.01]",0.001,616,mock,InstrumentType.Spot,613088000,mock,BTC-USDT
2199944884,0,0,1783610796117130022,101,depth,"[65000.27,65000.369999999995,65000.47,65000.57,65000.67,65000.77,65000.869999999995,65000.97,65001.07,65001.17]",65000.27,"[0.001,0.002,0.003,0.004,0.005,0.006,0.007,0.008,0.009000000000000001,0.01]",0.001,"[65000.07,64999.97,64999.869999999995,64999.77,64999.67,64999.57,64999.47,64999.369999999995,64999.27,64999.17]",65000.07,"[0.001,0.002,0.003,0.004,0.005,0.006,0.007,0.008,0.009000000000000001,0.01]",0.001,617,mock,InstrumentType.Spot,613088416,mock,BTC-USDT
2199944884,0,0,1783610796117428381,101,depth,"[65000.28,65000.38,65000.48,65000.58,65000.68,65000.78,65000.88,65000.98,65001.08,65001.18]",65000.28,"[0.001,0.002,0.003,0.004,0.005,0.006,0.007,0.008,0.009000000000000001,0.01]",0.001,"[65000.08,64999.98,64999.88,64999.78,64999.68,64999.58,64999.48,64999.38,64999.28,64999.18]",65000.08,"[0.001,0.002,0.003,0.004,0.005,0.006,0.007,0.008,0.009000000000000001,0.01]",0.001,618,mock,InstrumentType.Spot,613088832,mock,BTC-USDT
2199944884,0,0,1783610796117728434,101,depth,"[65000.29,65000.39,65000.490000000005,65000.590000000004,65000.69,65000.79,65000.89,65000.990000000005,65001.090000000004,65001.19]",65000.29,"[0.001,0.002,0.003,0.004,0.005,0.006,0.007,0.008,0.009000000000000001,0.01]",0.001,"[65000.090000000004,64999.990000000005,64999.89,64999.79,64999.69,64999.590000000004,64999.490000000005,64999.39,64999.29,64999.19]",65000.090000000004,"[0.001,0.002,0.003,0.004,0.005,0.006,0.007,0.008,0.009000000000000001,0.01]",0.001,619,mock,InstrumentType.Spot,613089248,mock,BTC-USDT
2199944884,0,0,1783610796118029161,101,depth,"[65000.299999999996,65000.399999999994,65000.5,65000.6,65000.7,65000.799999999996,65000.899999999994,65001.0,65001.1,65001.2]",65000.299999999996,"[0.001,0.002,0.003,0.004,0.005,0.006,0.007,0.008,0.009000000000000001,0.01]",0.001,"[65000.1,65000.0,64999.899999999994,64999.799999999996,64999.7,64999.6,64999.5,64999.399999999994,64999.299999999996,64999.2]",65000.1,"[0.001,0.002,0.003,0.004,0.005,0.006,0.007,0.008,0.009000000000000001,0.01]",0.001,620,mock,InstrumentType.Spot,613089664,mock,BTC-USDT
2199944884,0,0,1783610796118346500,101,depth,"[65000.31,65000.409999999996,65000.51,65000.61,65000.71,65000.81,65000.909999999996,65001.01,65001.11,65001.21]",65000.31,"[0.001,0.002,0.003,0.004,0.005,0.006,0.007,0.008,0.009000000000000001,0.01]",0.001,"[65000.11,65000.01,64999.909999999996,64999.81,64999.71,64999.61,64999.51,64999.409999999996,64999.31,64999.21]",65000.11,"[0.001,0.002,0.003,0.004,0.005,0.006,0.007,0.008,0.009000000000000001,0.01]",0.001,621,mock,InstrumentType.Spot,613090080,mock,BTC-USDT
2199944884,0,0,1783610796118630747,101,depth,"[65000.32,65000.42,65000.520000000004,65000.62,65000.72,65000.82,65000.92,65001.020000000004,65001.12,65001.22]",65000.32,"[0.001,0.002,0.003,0.004,0.005,0.006,0.007,0.008,0.009000000000000001,0.01]",0.001,"[65000.12,65000.020000000004,64999.92,64999.82,64999.72,64999.62,64999.520000000004,64999.42,64999.32,64999.22]",65000.12,"[0.001,0.002,0.003,0.004,0.005,0.006,0.007,0.008,0.009000000000000001,0.01]",0.001,622,mock,InstrumentType.Spot,613090496,mock,BTC-USDT
2199944884,0,0,1783610796118928777,101,depth,"[65000.33,65000.43,65000.530000000006,65000.630000000005,65000.73,65000.83,65000.93,65001.030000000006,65001.130000000005,65001.23]",65000.33,"[0.001,0.002,0.003,0.004,0.005,0.006,0.007,0.008,0.009000000000000001,0.01]",0.001,"[65000.130000000005,65000.030000000006,64999.93,64999.83,64999.73,64999.630000000005,64999.530000000006,64999.43,64999.33,64999.23]",65000.130000000005,"[0.001,0.002,0.003,0.004,0.005,0.006,0.007,0.008,0.009000000000000001,0.01]",0.001,623,mock,InstrumentType.Spot,613090912,mock,BTC-USDT
2199944884,0,0,1783610796119229757,101,depth,"[65000.34,65000.439999999995,65000.54,65000.64,65000.74,65000.84,65000.939999999995,65001.04,65001.14,65001.24]",65000.34,"[0.001,0.002,0.003,0.004,0.005,0.006,0.007,0.008,0.009000000000000001,0.01]",0.001,"[65000.14,65000.04,64999.939999999995,64999.84,64999.74,64999.64,64999.54,64999.439999999995,64999.34,64999.24]",65000.14,"[0.001,0.002,0.003,0.004,0.005,0.006,0.007,0.008,0.009000000000000001,0.01]",0.001,624,mock,InstrumentType.Spot,613091328,mock,BTC-USDT
2199944884,0,0,1783610796119528475,101,depth,"[65000.35,65000.45,65000.55,65000.65,65000.75,65000.85,65000.95,65001.05,65001.15,65001.25]",65000.35,"[0.001,0.002,0.003,0.004,0.005,0.006,0.007,0.008,0.009000000000000001,0.01]",0.001,"[65000.15,65000.05,64999.95,64999.85,64999.75,64999.65,64999.55,64999.45,64999.35,64999.25]",65000.15,"[0.001,0.002,0.003,0.004,0.005,0.006,0.007,0.008,0.009000000000000001,0.01]",0.001,625,mock,InstrumentType.Spot,613091744,mock,BTC-USDT
2199944884,0,0,1783610796119828264,101,depth,"[65000.36,65000.46,65000.560000000005,65000.66,65000.76,65000.86,65000.96,65001.060000000005,65001.16,65001.26]",65000.36,"[0.001,0.002,0.003,0.004,0.005,0.006,0.007,0.008,0.009000000000000001,0.01]",0.001,"[65000.16,65000.060000000005,64999.96,64999.86,64999.76,64999.66,64999.560000000005,64999.46,64999.36,64999.26]",65000.16,"[0.001,0.002,0.003,0.004,0.005,0.006,0.007,0.008,0.009000000000000001,0.01]",0.001,626,mock,InstrumentType.Spot,613092160,mock,BTC-USDT
2199944884,0,0,1783610796120129434,101,depth,"[65000.369999999995,65000.469999999994,65000.57,65000.67,65000.77,65000.869999999995,65000.969999999994,65001.07,65001.17,65001.27]",65000.369999999995,"[0.001,0.002,0.003,0.004,0.005,0.006,0.007,0.008,0.009000000000000001,0.01]",0.001,"[65000.17,65000.07,64999.969999999994,64999.869999999995,64999.77,64999.67,64999.57,64999.469999999994,64999.369999999995,64999.27]",65000.17,"[0.001,0.002,0.003,0.004,0.005,0.006,0.007,0.008,0.009000000000000001,0.01]",0.001,627,mock,InstrumentType.Spot,613092576,mock,BTC-USDT
2199944884,0,0,1783610796120428302,101,depth,"[65000.38,65000.479999999996,65000.58,65000.68,65000.78,65000.88,65000.979999999996,65001.08,65001.18,65001.28]",65000.38,"[0.001,0.002,0.003,0.004,0.005,0.006,0.007,0.008,0.009000000000000001,0.01]",0.001,"[65000.18,65000.08,64999.979999999996,64999.88,64999.78,64999.68,64999.58,64999.479999999996,64999.38,64999.28]",65000.18,"[0.001,0.002,0.003,0.004,0.005,0.006,0.007,0.008,0.009000000000000001,0.01]",0.001,628,mock,InstrumentType.Spot,613092992,mock,BTC-USDT
2199944884,0,0,1783610796120728348,101,depth,"[65000.39,65000.49,65000.590000000004,65000.69,65000.79,65000.89,65000.99,65001.090000000004,65001.19,65001.29]",65000.39,"[0.001,0.002,0.003,0.004,0.005,0.006,0.007,0.008,0.009000000000000001,0.01]",0.001,"[65000.19,65000.090000000004,64999.99,64999.89,64999.79,64999.69,64999.590000000004,64999.49,64999.39,64999.29]",65000.19,"[0.001,0.002,0.003,0.004,0.005,0.006,0.007,0.008,0.009000000000000001,0.01]",0.001,629,mock,InstrumentType.Spot,613093408,mock,BTC-USDT
2199944884,0,0,1783610796121037213,101,depth,"[65000.4,65000.5,65000.600000000006,65000.700000000004,65000.8,65000.9,65001.0,65001.100000000006,65001.200000000004,65001.3]",65000.4,"[0.001,0.002,0.003,0.004,0.005,0.006,0.007,0.008,0.009000000000000001,0.01]",0.001,"[65000.200000000004,65000.100000000006,65000.0,64999.9,64999.8,64999.700000000004,64999.600000000006,64999.5,64999.4,64999.3]",65000.200000000004,"[0.001,0.002,0.003,0.004,0.005,0.006,0.007,0.008,0.009000000000000001,0.01]",0.001,630,mock,InstrumentType.Spot,613093824,mock,BTC-USDT
2199944884,0,0,1783610796121328025,101,depth,"[65000.409999999996,65000.509999999995,65000.61,65000.71,65000.81,65000.909999999996,65001.009999999995,65001.11,65001.21,65001.31]",65000.409999999996,"[0.001,0.002,0.003,0.004,0.005,0.006,0.007,0.008,0.009000000000000001,0.01]",0.001,"[65000.21,65000.11,65000.009999999995,64999.909999999996,64999.81,64999.71,64999.61,64999.509999999995,64999.409999999996,64999.31]",65000.21,"[0.001,0.002,0.003,0.004,0.005,0.006,0.007,0.008,0.009000000000000001,0.01]",0.001,631,mock,InstrumentType.Spot,613094240,mock,BTC-USDT
2199944884,0,0,1783610796121636285,101,depth,"[65000.42,65000.52,65000.62,65000.72,65000.82,65000.92,65001.02,65001.12,65001.22,65001.32]",65000.42,"[0.001,0.002,0.003,0.004,0.005,0.006,0.007,0.008,0.009000000000000001,0.01]",0.001,"[65000.22,65000.12,65000.02,64999.92,64999.82,64999.72,64999.62,64999.52,64999.42,64999.32]",65000.22,"[0.001,0.002,0.003,0.004,0.005,0.006,0.007,0.008,0.009000000000000001,0.01]",0.001,632,mock,InstrumentType.Spot,613094656,mock,BTC-USDT
2199944884,0,0,1783610796121928341,101,depth,"[65000.43,65000.53,65000.630000000005,65000.73,65000.83,65000.93,65001.03,65001.130000000005,65001.23,65001.33]",65000.43,"[0.001,0.002,0.003,0.004,0.005,0.006,0.007,0.008,0.009000000000000001,0.01]",0.001,"[65000.23,65000.130000000005,65000.03,64999.93,64999.83,64999.73,64999.630000000005,64999.53,64999.43,64999.33]",65000.23,"[0.001,0.002,0.003,0.004,0.005,0.006,0.007,0.008,0.009000000000000001,0.01]",0.001,633,mock,InstrumentType.Spot,613095072,mock,BTC-USDT
2199944884,0,0,1783610796122228472,101,depth,"[65000.439999999995,65000.53999999999,65000.64,65000.74,65000.84,65000.939999999995,65001.03999999999,65001.14,65001.24,65001.34]",65000.439999999995,"[0.001,0.002,0.003,0.004,0.005,0.006,0.007,0.008,0.009000000000000001,0.01]",0.001,"[65000.24,65000.14,65000.03999999999,64999.939999999995,64999.84,64999.74,64999.64,64999.53999999999,64999.439999999995,64999.34]",65000.24,"[0.001,0.002,0.003,0.004,0.005,0.006,0.007,0.008,0.009000000000000001,0.01]",0.001,634,mock,InstrumentType.Spot,613095488,mock,BTC-USDT
2199944884,0,0,1783610796122528308,101,depth,"[65000.45,65000.549999999996,65000.65,65000.75,65000.85,65000.95,65001.049999999996,65001.15,65001.25,65001.35]",65000.45,"[0.001,0.002,0.003,0.004,0.005,0.006,0.007,0.008,0.009000000000000001,0.01]",0.001,"[65000.25,65000.15,65000.049999999996,64999.95,64999.85,64999.75,64999.65,64999.549999999996,64999.45,64999.35]",65000.25,"[0.001,0.002,0.003,0.004,0.005,0.006,0.007,0.008,0.009000000000000001,0.01]",0.001,635,mock,InstrumentType.Spot,613095904,mock,BTC-USDT
2199944884,0,0,1783610796122829762,101,depth,"[65000.46,65000.56,65000.66,65000.76,65000.86,65000.96,65001.06,65001.16,65001.26,65001.36]",65000.46,"[0.001,0.002,0.003,0.004,0.005,0.006,0.007,0.008,0.009000000000000001,0.01]",0.001,"[65000.26,65000.16,65000.06,64999.96,64999.86,64999.76,64999.66,64999.56,64999.46,64999.36]",65000.26,"[0.001,0.002,0.003,0.004,0.005,0.006,0.007,0.008,0.009000000000000001,0.01]",0.001,636,mock,InstrumentType.Spot,613096320,mock,BTC-USDT
2199944884,0,0,1783610796123128972,101,depth,"[65000.47,65000.57,65000.670000000006,65000.770000000004,65000.87,65000.97,65001.07,65001.170000000006,65001.270000000004,65001.37]",65000.47,"[0.001,0.002,0.003,0.004,0.005,0.006,0.007,0.008,0.009000000000000001,0.01]",0.001,"[65000.270000000004,65000.170000000006,65000.07,64999.97,64999.87,64999.770000000004,64999.670000000006,64999.57,64999.47,64999.37]",65000.270000000004,"[0.001,0.002,0.003,0.004,0.005,0.006,0.007,0.008,0.009000000000000001,0.01]",0.001,637,mock,InstrumentType.Spot,613096736,mock,BTC-USDT
2199944884,0,0,1783610796123429665,101,depth,"[65000.479999999996,65000.579999999994,65000.68,65000.78,65000.88,65000.979999999996,65001.079999999994,65001.18,65001.28,65001.38]",65000.479999999996,"[0.001,0.002,0.003,0.004,0.005,0.006,0.007,0.008,0.009000000000000001,0.01]",0.001,"[65000.28,65000.18,65000.079999999994,64999.979999999996,64999.88,64999.78,64999.68,64999.579999999994,64999.479999999996,64999.38]",65000.28,"[0.001,0.002,0.003,0.004,0.005,0.006,0.007,0.008,0.009000000000000001,0.01]",0.001,638,mock,InstrumentType.Spot,613097152,mock,BTC-USDT
2199944884,0,0,1783610796123728516,101,depth,"[65000.49,65000.59,65000.69,65000.79,65000.89,65000.99,65001.09,65001.19,65001.29,65001.39]",65000.49,"[0.001,0.002,0.003,0.004,0.005,0.006,0.007,0.008,0.009000000000000001,0.01]",0.001,"[65000.29,65000.19,65000.09,64999.99,64999.89,64999.79,64999.69,64999.59,64999.49,64999.39]",65000.29,"[0.001,0.002,0.003,0.004,0.005,0.006,0.007,0.008,0.009000000000000001,0.01]",0.001,639,mock,InstrumentType.Spot,613097568,mock,BTC-USDT
2199944884,0,0,1783610796124036283,101,depth,"[65000.5,65000.6,65000.700000000004,65000.8,65000.9,65001.0,65001.1,65001.200000000004,65001.3,65001.4]",65000.5,"[0.001,0.002,0.003,0.004,0.005,0.006,0.007,0.008,0.009000000000000001,0.01]",0.001,"[65000.3,65000.200000000004,65000.1,65000.0,64999.9,64999.8,64999.700000000004,64999.6,64999.5,64999.4]",65000.3,"[0.001,0.002,0.003,0.004,0.005,0.006,0.007,0.008,0.009000000000000001,0.01]",0.001,640,mock,InstrumentType.Spot,613097984,mock,BTC-USDT
2199944884,0,0,1783610796124329347,101,depth,"[65000.51,65000.61,65000.71000000001,65000.810000000005,65000.91,65001.01,65001.11,65001.21000000001,65001.310000000005,65001.41]",65000.51,"[0.001,0.002,0.003,0.004,0.005,0.006,0.007,0.008,0.009000000000000001,0.01]",0.001,"[65000.310000000005,65000.21000000001,65000.11,65000.01,64999.91,64999.810000000005,64999.71000000001,64999.61,64999.51,64999.41]",65000.310000000005,"[0.001,0.002,0.003,0.004,0.005,0.006,0.007,0.008,0.009000000000000001,0.01]",0.001,641,mock,InstrumentType.Spot,613098400,mock,BTC-USDT
2199944884,0,0,1783610796124628915,101,depth,"[65000.52,65000.619999999995,65000.72,65000.82,65000.92,65001.02,65001.119999999995,65001.22,65001.32,65001.42]",65000.52,"[0.001,0.002,0.003,0.004,0.005,0.006,0.007,0.008,0.009000000000000001,0.01]",0.001,"[65000.32,65000.22,65000.119999999995,65000.02,64999.92,64999.82,64999.72,64999.619999999995,64999.52,64999.42]",65000.32,"[0.001,0.002,0.003,0.004,0.005,0.006,0.007,0.008,0.009000000000000001,0.01]",0.001,642,mock,InstrumentType.Spot,613098816,mock,BTC-USDT
2199944884,0,0,1783610796124928836,101,depth,"[65000.53,65000.63,65000.73,65000.83,65000.93,65001.03,65001.13,65001.23,65001.33,65001.43]",65000.53,"[0.001,0.002,0.003,0.004,0.005,0.006,0.007,0.008,0.009000000000000001,0.01]",0.001,"[65000.33,65000.23,65000.13,65000.03,64999.93,64999.83,64999.73,64999.63,64999.53,64999.43]",65000.33,"[0.001,0.002,0.003,0.004,0.005,0.006,0.007,0.008,0.009000000000000001,0.01]",0.001,643,mock,InstrumentType.Spot,613099232,mock,BTC-USDT
2199944884,0,0,1783610796125228267,101,depth,"[65000.54,65000.64,65000.740000000005,65000.840000000004,65000.94,65001.04,65001.14,65001.240000000005,65001.340000000004,65001.44]",65000.54,"[0.001,0.002,0.003,0.004,0.005,0.006,0.007,0.008,0.009000000000000001,0.01]",0.001,"[65000.340000000004,65000.240000000005,65000.14,65000.04,64999.94,64999.840000000004,64999.740000000005,64999.64,64999.54,64999.44]",65000.340000000004,"[0.001,0.002,0.003,0.004,0.005,0.006,0.007,0.008,0.009000000000000001,0.01]",0.001,644,mock,InstrumentType.Spot,613099648,mock,BTC-USDT
2199944884,0,0,1783610796125528409,101,depth,"[65000.549999999996,65000.649999999994,65000.75,65000.85,65000.95,65001.049999999996,65001.149999999994,65001.25,65001.35,65001.45]",65000.549999999996,"[0.001,0.002,0.003,0.004,0.005,0.006,0.007,0.008,0.009000000000000001,0.01]",0.001,"[65000.35,65000.25,65000.149999999994,65000.049999999996,64999.95,64999.85,64999.75,64999.649999999994,64999.549999999996,64999.45]",65000.35,"[0.001,0.002,0.003,0.004,0.005,0.006,0.007,0.008,0.009000000000000001,0.01]",0.001,645,mock,InstrumentType.Spot,613100064,mock,BTC-USDT
2199944884,0,0,1783610796125828345,101,depth,"[65000.56,65000.659999999996,65000.76,65000.86,65000.96,65001.06,65001.159999999996,65001.26,65001.36,65001.46]",65000.56,"[0.001,0.002,0.003,0.004,0.005,0.006,0.007,0.008,0.009000000000000001,0.01]",0.001,"[65000.36,65000.26,65000.159999999996,65000.06,64999.96,64999.86,64999.76,64999.659999999996,64999.56,64999.46]",65000.36,"[0.001,0.002,0.003,0.004,0.005,0.006,0.007,0.008,0.009000000000000001,0.01]",0.001,646,mock,InstrumentType.Spot,613100480,mock,BTC-USDT
2199944884,0,0,1783610796126128851,101,depth,"[65000.57,65000.67,65000.770000000004,65000.87,65000.97,65001.07,65001.17,65001.270000000004,65001.37,65001.47]",65000.57,"[0.001,0.002,0.003,0.004,0.005,0.006,0.007,0.008,0.009000000000000001,0.01]",0.001,"[65000.37,65000.270000000004,65000.17,65000.07,64999.97,64999.87,64999.770000000004,64999.67,64999.57,64999.47]",65000.37,"[0.001,0.002,0.003,0.004,0.005,0.006,0.007,0.008,0.009000000000000001,0.01]",0.001,647,mock,InstrumentType.Spot,613100896,mock,BTC-USDT
2199944884,0,0,1783610796126429596,101,depth,"[65000.58,65000.68,65000.780000000006,65000.880000000005,65000.98,65001.08,65001.18,65001.280000000006,65001.380000000005,65001.48]",65000.58,"[0.001,0.002,0.003,0.004,0.005,0.006,0.007,0.008,0.009000000000000001,0.01]",0.001,"[65000.380000000005,65000.280000000006,65000.18,65000.08,64999.98,64999.880000000005,64999.780000000006,64999.68,64999.58,64999.48]",65000.380000000005,"[0.001,0.002,0.003,0.004,0.005,0.006,0.007,0.008,0.009000000000000001,0.01]",0.001,648,mock,InstrumentType.Spot,613101312,mock,BTC-USDT
2199944884,0,0,1783610796126729542,101,depth,"[65000.59,65000.689999999995,65000.79,65000.89,65000.99,65001.09,65001.189999999995,65001.29,65001.39,65001.49]",65000.59,"[0.001,0.002,0.003,0.004,0.005,0.006,0.007,0.008,0.009000000000000001,0.01]",0.001,"[65000.39,65000.29,65000.189999999995,65000.09,64999.99,64999.89,64999.79,64999.689999999995,64999.59,64999.49]",65000.39,"[0.001,0.002,0.003,0.004,0.005,0.006,0.007,0.008,0.009000000000000001,0.01]",0.001,649,mock,InstrumentType.Spot,613101728,mock,BTC-USDT
2199944884,0,0,1783610796127035515,101,depth,"[65000.6,65000.7,65000.8,65000.9,65001.0,65001.1,65001.2,65001.3,65001.4,65001.5]",65000.6,"[0.001,0.002,0.003,0.004,0.005,0.006,0.007,0.008,0.009000000000000001,0.01]",0.001,"[65000.4,65000.3,65000.2,65000.1,65000.0,64999.9,64999.8,64999.7,64999.6,64999.5]",65000.4,"[0.001,0.002,0.003,0.004,0.005,0.006,0.007,0.008,0.009000000000000001,0.01]",0.001,650,mock,InstrumentType.Spot,613102144,mock,BTC-USDT
2199944884,0,0,1783610796127328675,101,depth,"[65000.61,65000.71,65000.810000000005,65000.91,65001.01,65001.11,65001.21,65001.310000000005,65001.41,65001.51]",65000.61,"[0.001,0.002,0.003,0.004,0.005,0.006,0.007,0.008,0.009000000000000001,0.01]",0.001,"[65000.41,65000.310000000005,65000.21,65000.11,65000.01,64999.91,64999.810000000005,64999.71,64999.61,64999.51]",65000.41,"[0.001,0.002,0.003,0.004,0.005,0.006,0.007,0.008,0.009000000000000001,0.01]",0.001,651,mock,InstrumentType.Spot,613102560,mock,BTC-USDT
2199944884,0,0,1783610796127628832,101,depth,"[65000.619999999995,65000.719999999994,65000.82,65000.92,65001.02,65001.119999999995,65001.219999999994,65001.32,65001.42,65001.52]",65000.619999999995,"[0.001,0.002,0.003,0.004,0.005,0.006,0.007,0.008,0.009000000000000001,0.01]",0.001,"[65000.42,65000.32,65000.219999999994,65000.119999999995,65000.02,64999.92,64999.82,64999.719999999994,64999.619999999995,64999.52]",65000.42,"[0.001,0.002,0.003,0.004,0.005,0.006,0.007,0.008,0.009000000000000001,0.01]",0.001,652,mock,InstrumentType.Spot,613102976,mock,BTC-USDT
2199944884,0,0,1783610796127929486,101,depth,"[65000.63,65000.729999999996,65000.83,65000.93,65001.03,65001.13,65001.229999999996,65001.33,65001.43,65001.53]",65000.63,"[0.001,0.002,0.003,0.004,0.005,0.006,0.007,0.008,0.009000000000000001,0.01]",0.001,"[65000.43,65000.33,65000.229999999996,65000.13,65000.03,64999.93,64999.83,64999.729999999996,64999.63,64999.53]",65000.43,"[0.001,0.002,0.003,0.004,0.005,0.006,0.007,0.008,0.009000000000000001,0.01]",0.001,653,mock,InstrumentType.Spot,613103392,mock,BTC-USDT
2199944884,0,0,1783610796128229230,101,depth,"[65000.64,65000.74,65000.840000000004,65000.94,65001.04,65001.14,65001.24,65001.340000000004,65001.44,65001.54]",65000.64,"[0.001,0.002,0.003,0.004,0.005,0.006,0.007,0.008,0.009000000000000001,0.01]",0.001,"[65000.44,65000.340000000004,65000.24,65000.14,65000.04,64999.94,64999.840000000004,64999.74,64999.64,64999.54]",65000.44,"[0.001,0.002,0.003,0.004,0.005,0.006,0.007,0.008,0.009000000000000001,0.01]",0.001,654,mock,InstrumentType.Spot,613103808,mock,BTC-USDT
2199944884,0,0,1783610796128528561,101,depth,"[65000.65,65000.75,65000.850000000006,65000.950000000004,65001.05,65001.15,65001.25,65001.350000000006,65001.450000000004,65001.55]",65000.65,"[0.001,0.002,0.003,0.004,0.005,0.006,0.007,0.008,0.009000000000000001,0.01]",0.001,"[65000.450000000004,65000.350000000006,65000.25,65000.15,65000.05,64999.950000000004,64999.850000000006,64999.75,64999.65,64999.55]",65000.450000000004,"[0.001,0.002,0.003,0.004,0.005,0.006,0.007,0.008,0.009000000000000001,0.01]",0.001,655,mock,InstrumentType.Spot,613104224,mock,BTC-USDT
2199944884,0,0,1783610796128828457,101,depth,"[65000.659999999996,65000.759999999995,65000.86,65000.96,65001.06,65001.159999999996,65001.259999999995,65001.36,65001.46,65001.56]",65000.659999999996,"[0.001,0.002,0.003,0.004,0.005,0.006,0.007,0.008,0.009000000000000001,0.01]",0.001,"[65000.46,65000.36,65000.259999999995,65000.159999999996,65000.06,64999.96,64999.86,64999.759999999995,64999.659999999996,64999.56]",65000.46,"[0.001,0.002,0.003,0.004,0.005,0.006,0.007,0.008,0.009000000000000001,0.01]",0.001,656,mock,InstrumentType.Spot,613104640,mock,BTC-USDT
2199944884,0,0,1783610796129128628,101,depth,"[65000.67,65000.77,65000.87,65000.97,65001.07,65001.17,65001.27,65001.37,65001.47,65001.57]",65000.67,"[0.001,0.002,0.003,0.004,0.005,0.006,0.007,0.008,0.009000000000000001,0.01]",0.001,"[65000.47,65000.37,65000.27,65000.17,65000.07,64999.97,64999.87,64999.77,64999.67,64999.57]",65000.47,"[0.001,0.002,0.003,0.004,0.005,0.006,0.007,0.008,0.009000000000000001,0.01]",0.001,657,mock,InstrumentType.Spot,613105056,mock,BTC-USDT
2199944884,0,0,1783610796129429453,101,depth,"[65000.68,65000.78,65000.880000000005,65000.98,65001.08,65001.18,65001.28,65001.380000000005,65001.48,65001.58]",65000.68,"[0.001,0.002,0.003,0.004,0.005,0.006,0.007,0.008,0.009000000000000001,0.01]",0.001,"[65000.48,65000.380000000005,65000.28,65000.18,65000.08,64999.98,64999.880000000005,64999.78,64999.68,64999.58]",65000.48,"[0.001,0.002,0.003,0.004,0.005,0.006,0.007,0.008,0.009000000000000001,0.01]",0.001,658,mock,InstrumentType.Spot,613105472,mock,BTC-USDT
2199944884,0,0,1783610796129739320,101,depth,"[65000.689999999995,65000.78999999999,65000.89,65000.99,65001.09,65001.189999999995,65001.28999999999,65001.39,65001.49,65001.59]",65000.689999999995,"[0.001,0.002,0.003,0.004,0.005,0.006,0.007,0.008,0.009000000000000001,0.01]",0.001,"[65000.49,65000.39,65000.28999999999,65000.189999999995,65000.09,64999.99,64999.89,64999.78999999999,64999.689999999995,64999.59]",65000.49,"[0.001,0.002,0.003,0.004,0.005,0.006,0.007,0.008,0.009000000000000001,0.01]",0.001,659,mock,InstrumentType.Spot,613105888,mock,BTC-USDT
2199944884,0,0,1783610796130029820,101,depth,"[65000.7,65000.799999999996,65000.9,65001.0,65001.1,65001.2,65001.299999999996,65001.4,65001.5,65001.6]",65000.7,"[0.001,0.002,0.003,0.004,0.005,0.006,0.007,0.008,0.009000000000000001,0.01]",0.001,"[65000.5,65000.4,65000.299999999996,65000.2,65000.1,65000.0,64999.9,64999.799999999996,64999.7,64999.6]",65000.5,"[0.001,0.002,0.003,0.004,0.005,0.006,0.007,0.008,0.009000000000000001,0.01]",0.001,660,mock,InstrumentType.Spot,613106304,mock,BTC-USDT
2199944884,0,0,1783610796130328454,101,depth,"[65000.71,65000.81,65000.91,65001.01,65001.11,65001.21,65001.31,65001.41,65001.51,65001.61]",65000.71,"[0.001,0.002,0.003,0.004,0.005,0.006,0.007,0.008,0.009000000000000001,0.01]",0.001,"[65000.51,65000.41,65000.31,65000.21,65000.11,65000.01,64999.91,64999.81,64999.71,64999.61]",65000.51,"[0.001,0.002,0.003,0.004,0.005,0.006,0.007,0.008,0.009000000000000001,0.01]",0.001,661,mock,InstrumentType.Spot,613106720,mock,BTC-USDT
2199944884,0,0,1783610796130628897,101,depth,"[65000.72,65000.82,65000.920000000006,65001.020000000004,65001.12,65001.22,65001.32,65001.420000000006,65001.520000000004,65001.62]",65000.72,"[0.001,0.002,0.003,0.004,0.005,0.006,0.007,0.008,0.009000000000000001,0.01]",0.001,"[65000.520000000004,65000.420000000006,65000.32,65000.22,65000.12,65000.020000000004,64999.920000000006,64999.82,64999.72,64999.62]",65000.520000000004,"[0.001,0.002,0.003,0.004,0.005,0.006,0.007,0.008,0.009000000000000001,0.01]",0.001,662,mock,InstrumentType.Spot,613107136,mock,BTC-USDT
2199944884,0,0,1783610796130929382,101,depth,"[65000.729999999996,65000.829999999994,65000.93,65001.03,65001.13,65001.229999999996,65001.329999999994,65001.43,65001.53,65001.63]",65000.729999999996,"[0.001,0.002,0.003,0.004,0.005,0.006,0.007,0.008,0.009000000000000001,0.01]",0.001,"[65000.53,65000.43,65000.329999999994,65000.229999999996,65000.13,65000.03,64999.93,64999.829999999994,64999.729999999996,64999.63]",65000.53,"[0.001,0.002,0.003,0.004,0.005,0.006,0.007,0.008,0.009000000000000001,0.01]",0.001,663,mock,InstrumentType.Spot,613107552,mock,BTC-USDT
2199944884,0,0,1783610796131229132,101,depth,"[65000.74,65000.84,65000.94,65001.04,65001.14,65001.24,65001.34,65001.44,65001.54,65001.64]",65000.74,"[0.001,0.002,0.003,0.004,0.005,0.006,0.007,0.008,0.009000000000000001,0.01]",0.001,"[65000.54,65000.44,65000.34,65000.24,65000.14,65000.04,64999.94,64999.84,64999.74,64999.64]",65000.54,"[0.001,0.002,0.003,0.004,0.005,0.006,0.007,0.008,0.009000000000000001,0.01]",0.001,664,mock,InstrumentType.Spot,613107968,mock,BTC-USDT
2199944884,0,0,1783610796131528798,101,depth,"[65000.75,65000.85,65000.950000000004,65001.05,65001.15,65001.25,65001.35,65001.450000000004,65001.55,65001.65]",65000.75,"[0.001,0.002,0.003,0.004,0.005,0.006,0.007,0.008,0.009000000000000001,0.01]",0.001,"[65000.55,65000.450000000004,65000.35,65000.25,65000.15,65000.05,64999.950000000004,64999.85,64999.75,64999.65]",65000.55,"[0.001,0.002,0.003,0.004,0.005,0.006,0.007,0.008,0.009000000000000001,0.01]",0.001,665,mock,InstrumentType.Spot,613108384,mock,BTC-USDT
2199944884,0,0,1783610796131829432,101,depth,"[65000.76,65000.86,65000.96000000001,65001.060000000005,65001.16,65001.26,65001.36,65001.46000000001,65001.560000000005,65001.66]",65000.76,"[0.001,0.002,0.003,0.004,0.005,0.006,0.007,0.008,0.009000000000000001,0.01]",0.001,"[65000.560000000005,65000.46000000001,65000.36,65000.26,65000.16,65000.060000000005,64999.96000000001,64999.86,64999.76,64999.66]",65000.560000000005,"[0.001,0.002,0.003,0.004,0.005,0.006,0.007,0.008,0.009000000000000001,0.01]",0.001,666,mock,InstrumentType.Spot,613108800,mock,BTC-USDT
2199944884,0,0,1783610796132129215,101,depth,"[65000.77,65000.869999999995,65000.97,65001.07,65001.17,65001.27,65001.369999999995,65001.47,65001.57,65001.67]",65000.77,"[0.001,0.002,0.003,0.004,0.005,0.006,0.007,0.008,0.009000000000000001,0.01]",0.001,"[65000.57,65000.47,65000.369999999995,65000.27,65000.17,65000.07,64999.97,64999.869999999995,64999.77,64999.67]",65000.57,"[0.001,0.002,0.003,0.004,0.005,0.006,0.007,0.008,0.009000000000000001,0.01]",0.001,667,mock,InstrumentType.Spot,613109216,mock,BTC-USDT
2199944884,0,0,1783610796132429582,101,depth,"[65000.78,65000.88,65000.98,65001.08,65001.18,65001.28,65001.38,65001.48,65001.58,65001.68]",65000.78,"[0.001,0.002,0.003,0.004,0.005,0.006,0.007,0.008,0.009000000000000001,0.01]",0.001,"[65000.58,65000.48,65000.38,65000.28,65000.18,65000.08,64999.98,64999.88,64999.78,64999.68]",65000.58,"[0.001,0.002,0.003,0.004,0.005,0.006,0.007,0.008,0.009000000000000001,0.01]",0.001,668,mock,InstrumentType.Spot,613109632,mock,BTC-USDT
2199944884,0,0,1783610796132739194,101,depth,"[65000.79,65000.89,65000.990000000005,65001.090000000004,65001.19,65001.29,65001.39,65001.490000000005,65001.590000000004,65001.69]",65000.79,"[0.001,0.002,0.003,0.004,0.005,0.006,0.007,0.008,0.009000000000000001,0.01]",0.001,"[65000.590000000004,65000.490000000005,65000.39,65000.29,65000.19,65000.090000000004,64999.990000000005,64999.89,64999.79,64999.69]",65000.590000000004,"[0.001,0.002,0.003,0.004,0.005,0.006,0.007,0.008,0.009000000000000001,0.01]",0.001,669,mock,InstrumentType.Spot,613110048,mock,BTC-USDT
2199944884,0,0,1783610796133029053,101,depth,"[65000.799999999996,65000.899999999994,65001.0,65001.1,65001.2,65001.299999999996,65001.399999999994,65001.5,65001.6,65001.7]",65000.799999999996,"[0.001,0.002,0.003,0.004,0.005,0.006,0.007,0.008,0.009000000000000001,0.01]",0.001,"[65000.6,65000.5,65000.399999999994,65000.299999999996,65000.2,65000.1,65000.0,64999.899999999994,64999.799999999996,64999.7]",65000.6,"[0.001,0.002,0.003,0.004,0.005,0.006,0.007,0.008,0.009000000000000001,0.01]",0.001,670,mock,InstrumentType.Spot,613110464,mock,BTC-USDT
2199944884,0,0,1783610796133329495,101,depth,"[65000.81,65000.909999999996,65001.01,65001.11,65001.21,65001.31,65001.409999999996,65001.51,65001.61,65001.71]",65000.81,"[0.001,0.002,0.003,0.004,0.005,0.006,0.007,0.008,0.009000000000000001,0.01]",0.001,"[65000.61,65000.51,65000.409999999996,65000.31,65000.21,65000.11,65000.01,64999.909999999996,64999.81,64999.71]",65000.61,"[0.001,0.002,0.003,0.004,0.005,0.006,0.007,0.008,0.009000000000000001,0.01]",0.001,671,mock,InstrumentType.Spot,613110880,mock,BTC-USDT
2199944884,0,0,1783610796133629197,101,depth,"[65000.82,65000.92,65001.020000000004,65001.12,65001.22,65001.32,65001.42,65001.520000000004,65001.62,65001.72]",65000.82,"[0.001,0.002,0.003,0.004,0.005,0.006,0.007,0.008,0.009000000000000001,0.01]",0.001,"[65000.62,65000.520000000004,65000.42,65000.32,65000.22,65000.12,65000.020000000004,64999.92,64999.82,64999.72]",65000.62,"[0.001,0.002,0.003,0.004,0.005,0.006,0.007,0.008,0.009000000000000001,0.01]",0.001,672,mock,InstrumentType.Spot,613111296,mock,BTC-USDT
2199944884,0,0,1783610796133929084,101,depth,"[65000.83,65000.93,65001.030000000006,65001.130000000005,65001.23,65001.33,65001.43,65001.530000000006,65001.630000000005,65001.73]",65000.83,"[0.001,0.002,0.003,0.004,0.005,0.006,0.007,0.008,0.009000000000000001,0.01]",0.001,"[65000.630000000005,65000.530000000006,65000.43,65000.33,65000.23,65000.130000000005,65000.030000000006,64999.93,64999.83,64999.73]",65000.630000000005,"[0.001,0.002,0.003,0.004,0.005,0.006,0.007,0.008,0.009000000000000001,0.01]",0.001,673,mock,InstrumentType.Spot,613111712,mock,BTC-USDT
2199944884,0,0,1783610796134229825,101,depth,"[65000.84,65000.939999999995,65001.04,65001.14,65001.24,65001.34,65001.439999999995,65001.54,65001.64,65001.74]",65000.84,"[0.001,0.002,0.003,0.004,0.005,0.006,0.007,0.008,0.009000000000000001,0.01]",0.001,"[65000.64,65000.54,65000.439999999995,65000.34,65000.24,65000.14,65000.04,64999.939999999995,64999.84,64999.74]",65000.64,"[0.001,0.002,0.003,0.004,0.005,0.006,0.007,0.008,0.009000000000000001,0.01]",0.001,674,mock,InstrumentType.Spot,613076784,mock,BTC-USDT
2199944884,0,0,1783610796134529029,101,depth,"[65000.85,65000.95,65001.05,65001.15,65001.25,65001.35,65001.45,65001.55,65001.65,65001.75]",65000.85,"[0.001,0.002,0.003,0.004,0.005,0.006,0.007,0.008,0.009000000000000001,0.01]",0.001,"[65000.65,65000.55,65000.45,65000.35,65000.25,65000.15,65000.05,64999.95,64999.85,64999.75]",65000.65,"[0.001,0.002,0.003,0.004,0.005,0.006,0.007,0.008,0.009000000000000001,0.01]",0.001,675,mock,InstrumentType.Spot,613077344,mock,BTC-USDT
2199944884,0,0,1783610796134828585,101,depth,"[65000.86,65000.96,65001.060000000005,65001.16,65001.26,65001.36,65001.46,65001.560000000005,65001.66,65001.76]",65000.86,"[0.001,0.002,0.003,0.004,0.005,0.006,0.007,0.008,0.009000000000000001,0.01]",0.001,"[65000.66,65000.560000000005,65000.46,65000.36,65000.26,65000.16,65000.060000000005,64999.96,64999.86,64999.76]",65000.66,"[0.001,0.002,0.003,0.004,0.005,0.006,0.007,0.008,0.009000000000000001,0.01]",0.001,676,mock,InstrumentType.Spot,613077904,mock,BTC-USDT
2199944884,0,0,1783610796135128965,101,depth,"[65000.869999999995,65000.969999999994,65001.07,65001.17,65001.27,65001.369999999995,65001.469999999994,65001.57,65001.67,65001.77]",65000.869999999995,"[0.001,0.002,0.003,0.004,0.005,0.006,0.007,0.008,0.009000000000000001,0.01]",0.001,"[65000.67,65000.57,65000.469999999994,65000.369999999995,65000.27,65000.17,65000.07,64999.969999999994,64999.869999999995,64999.77]",65000.67,"[0.001,0.002,0.003,0.004,0.005,0.006,0.007,0.008,0.009000000000000001,0.01]",0.001,677,mock,InstrumentType.Spot,613078464,mock,BTC-USDT
2199944884,0,0,1783610796135442152,101,depth,"[65000.88,65000.979999999996,65001.08,65001.18,65001.28,65001.38,65001.479999999996,65001.58,65001.68,65001.78]",65000.88,"[0.001,0.002,0.003,0.004,0.005,0.006,0.007,0.008,0.009000000000000001,0.01]",0.001,"[65000.68,65000.58,65000.479999999996,65000.38,65000.28,65000.18,65000.08,64999.979999999996,64999.88,64999.78]",65000.68,"[0.001,0.002,0.003,0.004,0.005,0.006,0.007,0.008,0.009000000000000001,0.01]",0.001,678,mock,InstrumentType.Spot,613079024,mock,BTC-USDT
2199944884,0,0,1783610796135729422,101,depth,"[65000.89,65000.99,65001.090000000004,65001.19,65001.29,65001.39,65001.49,65001.590000000004,65001.69,65001.79]",65000.89,"[0.001,0.002,0.003,0.004,0.005,0.006,0.007,0.008,0.009000000000000001,0.01]",0.001,"[65000.69,65000.590000000004,65000.49,65000.39,65000.29,65000.19,65000.090000000004,64999.99,64999.89,64999.79]",65000.69,"[0.001,0.002,0.003,0.004,0.005,0.006,0.007,0.008,0.009000000000000001,0.01]",0.001,679,mock,InstrumentType.Spot,613079584,mock,BTC-USDT
2199944884,0,0,1783610796136028760,101,depth,"[65000.9,65001.0,65001.100000000006,65001.200000000004,65001.3,65001.4,65001.5,65001.600000000006,65001.700000000004,65001.8]",65000.9,"[0.001,0.002,0.003,0.004,0.005,0.006,0.007,0.008,0.009000000000000001,0.01]",0.001,"[65000.700000000004,65000.600000000006,65000.5,65000.4,65000.3,65000.200000000004,65000.100000000006,65000.0,64999.9,64999.8]",65000.700000000004,"[0.001,0.002,0.003,0.004,0.005,0.006,0.007,0.008,0.009000000000000001,0.01]",0.001,680,mock,InstrumentType.Spot,613080144,mock,BTC-USDT
2199944884,0,0,1783610796136329552,101,depth,"[65000.909999999996,65001.009999999995,65001.11,65001.21,65001.31,65001.409999999996,65001.509999999995,65001.61,65001.71,65001.81]",65000.909999999996,"[0.001,0.002,0.003,0.004,0.005,0.006,0.007,0.008,0.009000000000000001,0.01]",0.001,"[65000.71,65000.61,65000.509999999995,65000.409999999996,65000.31,65000.21,65000.11,65000.009999999995,64999.909999999996,64999.81]",65000.71,"[0.001,0.002,0.003,0.004,0.005,0.006,0.007,0.008,0.009000000000000001,0.01]",0.001,681,mock,InstrumentType.Spot,613080704,mock,BTC-USDT
2199944884,0,0,1783610796136628534,101,depth,"[65000.92,65001.02,65001.12,65001.22,65001.32,65001.42,65001.52,65001.62,65001.72,65001.82]",65000.92,"[0.001,0.002,0.003,0.004,0.005,0.006,0.007,0.008,0.009000000000000001,0.01]",0.001,"[65000.72,65000.62,65000.52,65000.42,65000.32,65000.22,65000.12,65000.02,64999.92,64999.82]",65000.72,"[0.001,0.002,0.003,0.004,0.005,0.006,0.007,0.008,0.009000000000000001,0.01]",0.001,682,mock,InstrumentType.Spot,613081264,mock,BTC-USDT
2199944884,0,0,1783610796136929821,101,depth,"[65000.93,65001.03,65001.130000000005,65001.23,65001.33,65001.43,65001.53,65001.630000000005,65001.73,65001.83]",65000.93,"[0.001,0.002,0.003,0.004,0.005,0.006,0.007,0.008,0.009000000000000001,0.01]",0.001,"[65000.73,65000.630000000005,65000.53,65000.43,65000.33,65000.23,65000.130000000005,65000.03,64999.93,64999.83]",65000.73,"[0.001,0.002,0.003,0.004,0.005,0.006,0.007,0.008,0.009000000000000001,0.01]",0.001,683,mock,InstrumentType.Spot,613118224,mock,BTC-USDT
2199944884,0,0,1783610796137228655,101,depth,"[65000.939999999995,65001.03999999999,65001.14,65001.24,65001.34,65001.439999999995,65001.53999999999,65001.64,65001.74,65001.84]",65000.939999999995,"[0.001,0.002,0.003,0.004,0.005,0.006,0.007,0.008,0.009000000000000001,0.01]",0.001,"[65000.74,65000.64,65000.53999999999,65000.439999999995,65000.34,65000.24,65000.14,65000.03999999999,64999.939999999995,64999.84]",65000.74,"[0.001,0.002,0.003,0.004,0.005,0.006,0.007,0.008,0.009000000000000001,0.01]",0.001,684,mock,InstrumentType.Spot,613118640,mock,BTC-USDT
2199944884,0,0,1783610796137529778,101,depth,"[65000.95,65001.049999999996,65001.15,65001.25,65001.35,65001.45,65001.549999999996,65001.65,65001.75,65001.85]",65000.95,"[0.001,0.002,0.003,0.004,0.005,0.006,0.007,0.008,0.009000000000000001,0.01]",0.001,"[65000.75,65000.65,65000.549999999996,65000.45,65000.35,65000.25,65000.15,65000.049999999996,64999.95,64999.85]",65000.75,"[0.001,0.002,0.003,0.004,0.005,0.006,0.007,0.008,0.009000000000000001,0.01]",0.001,685,mock,InstrumentType.Spot,613119056,mock,BTC-USDT
2199944884,0,0,1783610796137830470,101,depth,"[65000.96,65001.06,65001.16,65001.26,65001.36,65001.46,65001.56,65001.66,65001.76,65001.86]",65000.96,"[0.001,0.002,0.003,0.004,0.005,0.006,0.007,0.008,0.009000000000000001,0.01]",0.001,"[65000.76,65000.66,65000.56,65000.46,65000.36,65000.26,65000.16,65000.06,64999.96,64999.86]",65000.76,"[0.001,0.002,0.003,0.004,0.005,0.006,0.007,0.008,0.009000000000000001,0.01]",0.001,686,mock,InstrumentType.Spot,613119472,mock,BTC-USDT
2199944884,0,0,1783610796138129404,101,depth,"[65000.97,65001.07,65001.170000000006,65001.270000000004,65001.37,65001.47,65001.57,65001.670000000006,65001.770000000004,65001.87]",65000.97,"[0.001,0.002,0.003,0.004,0.005,0.006,0.007,0.008,0.009000000000000001,0.01]",0.001,"[65000.770000000004,65000.670000000006,65000.57,65000.47,65000.37,65000.270000000004,65000.170000000006,65000.07,64999.97,64999.87]",65000.770000000004,"[0.001,0.002,0.003,0.004,0.005,0.006,0.007,0.008,0.009000000000000001,0.01]",0.001,687,mock,InstrumentType.Spot,613119888,mock,BTC-USDT
2199944884,0,0,1783610796138441280,101,depth,"[65000.979999999996,65001.079999999994,65001.18,65001.28,65001.38,65001.479999999996,65001.579999999994,65001.68,65001.78,65001.88]",65000.979999999996,"[0.001,0.002,0.003,0.004,0.005,0.006,0.007,0.008,0.009000000000000001,0.01]",0.001,"[65000.78,65000.68,65000.579999999994,65000.479999999996,65000.38,65000.28,65000.18,65000.079999999994,64999.979999999996,64999.88]",65000.78,"[0.001,0.002,0.003,0.004,0.005,0.006,0.007,0.008,0.009000000000000001,0.01]",0.001,688,mock,InstrumentType.Spot,613120304,mock,BTC-USDT
2199944884,0,0,1783610796138729249,101,depth,"[65000.99,65001.09,65001.19,65001.29,65001.39,65001.49,65001.59,65001.69,65001.79,65001.89]",65000.99,"[0.001,0.002,0.003,0.004,0.005,0.006,0.007,0.008,0.009000000000000001,0.01]",0.001,"[65000.79,65000.69,65000.59,65000.49,65000.39,65000.29,65000.19,65000.09,64999.99,64999.89]",65000.79,"[0.001,0.002,0.003,0.004,0.005,0.006,0.007,0.008,0.009000000000000001,0.01]",0.001,689,mock,InstrumentType.Spot,613120720,mock,BTC-USDT
2199944884,0,0,1783610796139029560,101,depth,"[65001.0,65001.1,65001.200000000004,65001.3,65001.4,65001.5,65001.6,65001.700000000004,65001.8,65001.9]",65001.0,"[0.001,0.002,0.003,0.004,0.005,0.006,0.007,0.008,0.009000000000000001,0.01]",0.001,"[65000.8,65000.700000000004,65000.6,65000.5,65000.4,65000.3,65000.200000000004,65000.1,65000.0,64999.9]",65000.8,"[0.001,0.002,0.003,0.004,0.005,0.006,0.007,0.008,0.009000000000000001,0.01]",0.001,690,mock,InstrumentType.Spot,613121136,mock,BTC-USDT
2199944884,0,0,1783610796139330214,101,depth,"[65001.01,65001.11,65001.21000000001,65001.310000000005,65001.41,65001.51,65001.61,65001.71000000001,65001.810000000005,65001.91]",65001.01,"[0.001,0.002,0.003,0.004,0.005,0.006,0.007,0.008,0.009000000000000001,0.01]",0.001,"[65000.810000000005,65000.71000000001,65000.61,65000.51,65000.41,65000.310000000005,65000.21000000001,65000.11,65000.01,64999.91]",65000.810000000005,"[0.001,0.002,0.003,0.004,0.005,0.006,0.007,0.008,0.009000000000000001,0.01]",0.001,691,mock,InstrumentType.Spot,613121552,mock,BTC-USDT
2199944884,0,0,1783610796139629367,101,depth,"[65001.02,65001.119999999995,65001.22,65001.32,65001.42,65001.52,65001.619999999995,65001.72,65001.82,65001.92]",65001.02,"[0.001,0.002,0.003,0.004,0.005,0.006,0.007,0.008,0.009000000000000001,0.01]",0.001,"[65000.82,65000.72,65000.619999999995,65000.52,65000.42,65000.32,65000.22,65000.119999999995,65000.02,64999.92]",65000.82,"[0.001,0.002,0.003,0.004,0.005,0.006,0.007,0.008,0.009000000000000001,0.01]",0.001,692,mock,InstrumentType.Spot,613121968,mock,BTC-USDT
2199944884,0,0,1783610796139929363,101,depth,"[65001.03,65001.13,65001.23,65001.33,65001.43,65001.53,65001.63,65001.73,65001.83,65001.93]",65001.03,"[0.001,0.002,0.003,0.004,0.005,0.006,0.007,0.008,0.009000000000000001,0.01]",0.001,"[65000.83,65000.73,65000.63,65000.53,65000.43,65000.33,65000.23,65000.13,65000.03,64999.93]",65000.83,"[0.001,0.002,0.003,0.004,0.005,0.006,0.007,0.008,0.009000000000000001,0.01]",0.001,693,mock,InstrumentType.Spot,613122384,mock,BTC-USDT
2199944884,0,0,1783610796140229479,101,depth,"[65001.04,65001.14,65001.240000000005,65001.340000000004,65001.44,65001.54,65001.64,65001.740000000005,65001.840000000004,65001.94]",65001.04,"[0.001,0.002,0.003,0.004,0.005,0.006,0.007,0.008,0.009000000000000001,0.01]",0.001,"[65000.840000000004,65000.740000000005,65000.64,65000.54,65000.44,65000.340000000004,65000.240000000005,65000.14,65000.04,64999.94]",65000.840000000004,"[0.001,0.002,0.003,0.004,0.005,0.006,0.007,0.008,0.009000000000000001,0.01]",0.001,694,mock,InstrumentType.Spot,613122800,mock,BTC-USDT
2199944884,0,0,1783610796140529452,101,depth,"[65001.049999999996,65001.149999999994,65001.25,65001.35,65001.45,65001.549999999996,65001.649999999994,65001.75,65001.85,65001.95]",65001.049999999996,"[0.001,0.002,0.003,0.004,0.005,0.006,0.007,0.008,0.009000000000000001,0.01]",0.001,"[65000.85,65000.75,65000.649999999994,65000.549999999996,65000.45,65000.35,65000.25,65000.149999999994,65000.049999999996,64999.95]",65000.85,"[0.001,0.002,0.003,0.004,0.005,0.006,0.007,0.008,0.009000000000000001,0.01]",0.001,695,mock,InstrumentType.Spot,613123216,mock,BTC-USDT
2199944884,0,0,1783610796140830282,101,depth,"[65001.06,65001.159999999996,65001.26,65001.36,65001.46,65001.56,65001.659999999996,65001.76,65001.86,65001.96]",65001.06,"[0.001,0.002,0.003,0.004,0.005,0.006,0.007,0.008,0.009000000000000001,0.01]",0.001,"[65000.86,65000.76,65000.659999999996,65000.56,65000.46,65000.36,65000.26,65000.159999999996,65000.06,64999.96]",65000.86,"[0.001,0.002,0.003,0.004,0.005,0.006,0.007,0.008,0.009000000000000001,0.01]",0.001,696,mock,InstrumentType.Spot,613123632,mock,BTC-USDT
2199944884,0,0,1783610796141153834,101,depth,"[65001.07,65001.17,65001.270000000004,65001.37,65001.47,65001.57,65001.67,65001.770000000004,65001.87,65001.97]",65001.07,"[0.001,0.002,0.003,0.004,0.005,0.006,0.007,0.008,0.009000000000000001,0.01]",0.001,"[65000.87,65000.770000000004,65000.67,65000.57,65000.47,65000.37,65000.270000000004,65000.17,65000.07,64999.97]",65000.87,"[0.001,0.002,0.003,0.004,0.005,0.006,0.007,0.008,0.009000000000000001,0.01]",0.001,697,mock,InstrumentType.Spot,613124048,mock,BTC-USDT
2199944884,0,0,1783610796141430556,101,depth,"[65001.08,65001.18,65001.280000000006,65001.380000000005,65001.48,65001.58,65001.68,65001.780000000006,65001.880000000005,65001.98]",65001.08,"[0.001,0.002,0.003,0.004,0.005,0.006,0.007,0.008,0.009000000000000001,0.01]",0.001,"[65000.880000000005,65000.780000000006,65000.68,65000.58,65000.48,65000.380000000005,65000.280000000006,65000.18,65000.08,64999.98]",65000.880000000005,"[0.001,0.002,0.003,0.004,0.005,0.006,0.007,0.008,0.009000000000000001,0.01]",0.001,698,mock,InstrumentType.Spot,613124464,mock,BTC-USDT
2199944884,0,0,1783610796141729820,101,depth,"[65001.09,65001.189999999995,65001.29,65001.39,65001.49,65001.59,65001.689999999995,65001.79,65001.89,65001.99]",65001.09,"[0.001,0.002,0.003,0.004,0.005,0.006,0.007,0.008,0.009000000000000001,0.01]",0.001,"[65000.89,65000.79,65000.689999999995,65000.59,65000.49,65000.39,65000.29,65000.189999999995,65000.09,64999.99]",65000.89,"[0.001,0.002,0.003,0.004,0.005,0.006,0.007,0.008,0.009000000000000001,0.01]",0.001,699,mock,InstrumentType.Spot,613124880,mock,BTC-USDT
2199944884,0,0,1783610796142029268,101,depth,"[65000.1,65000.2,65000.3,65000.4,65000.5,65000.6,65000.7,65000.8,65000.9,65001.0]",65000.1,"[0.001,0.002,0.003,0.004,0.005,0.006,0.007,0.008,0.009000000000000001,0.01]",0.001,"[64999.9,64999.8,64999.7,64999.6,64999.5,64999.4,64999.3,64999.2,64999.1,64999.0]",64999.9,"[0.001,0.002,0.003,0.004,0.005,0.006,0.007,0.008,0.009000000000000001,0.01]",0.001,700,mock,InstrumentType.Spot,613125296,mock,BTC-USDT
2199944884,0,0,1783610796142329852,101,depth,"[65000.11,65000.21,65000.310000000005,65000.41,65000.51,65000.61,65000.71,65000.810000000005,65000.91,65001.01]",65000.11,"[0.001,0.002,0.003,0.004,0.005,0.006,0.007,0.008,0.009000000000000001,0.01]",0.001,"[64999.91,64999.810000000005,64999.71,64999.61,64999.51,64999.41,64999.310000000005,64999.21,64999.11,64999.01]",64999.91,"[0.001,0.002,0.003,0.004,0.005,0.006,0.007,0.008,0.009000000000000001,0.01]",0.001,701,mock,InstrumentType.Spot,613125712,mock,BTC-USDT
2199944884,0,0,1783610796142629711,101,depth,"[65000.119999999995,65000.219999999994,65000.32,65000.42,65000.52,65000.619999999995,65000.719999999994,65000.82,65000.92,65001.02]",65000.119999999995,"[0.001,0.002,0.003,0.004,0.005,0.006,0.007,0.008,0.009000000000000001,0.01]",0.001,"[64999.92,64999.82,64999.719999999994,64999.619999999995,64999.52,64999.42,64999.32,64999.219999999994,64999.119999999995,64999.02]",64999.92,"[0.001,0.002,0.003,0.004,0.005,0.006,0.007,0.008,0.009000000000000001,0.01]",0.001,702,mock,InstrumentType.Spot,613126128,mock,BTC-USDT
2199944884,0,0,1783610796142930541,101,depth,"[65000.13,65000.229999999996,65000.33,65000.43,65000.53,65000.63,65000.729999999996,65000.83,65000.93,65001.03]",65000.13,"[0.001,0.002,0.003,0.004,0.005,0.006,0.007,0.008,0.009000000000000001,0.01]",0.001,"[64999.93,64999.83,64999.729999999996,64999.63,64999.53,64999.43,64999.33,64999.229999999996,64999.13,64999.03]",64999.93,"[0.001,0.002,0.003,0.004,0.005,0.006,0.007,0.008,0.009000000000000001,0.01]",0.001,703,mock,InstrumentType.Spot,613126544,mock,BTC-USDT
2199944884,0,0,1783610796143232291,101,depth,"[65000.14,65000.24,65000.340000000004,65000.44,65000.54,65000.64,65000.74,65000.840000000004,65000.94,65001.04]",65000.14,"[0.001,0.002,0.003,0.004,0.005,0.006,0.007,0.008,0.009000000000000001,0.01]",0.001,"[64999.94,64999.840000000004,64999.74,64999.64,64999.54,64999.44,64999.340000000004,64999.24,64999.14,64999.04]",64999.94,"[0.001,0.002,0.003,0.004,0.005,0.006,0.007,0.008,0.009000000000000001,0.01]",0.001,704,mock,InstrumentType.Spot,613126960,mock,BTC-USDT
2199944884,0,0,1783610796143530254,101,depth,"[65000.15,65000.25,65000.350000000006,65000.450000000004,65000.55,65000.65,65000.75,65000.850000000006,65000.950000000004,65001.05]",65000.15,"[0.001,0.002,0.003,0.004,0.005,0.006,0.007,0.008,0.009000000000000001,0.01]",0.001,"[64999.950000000004,64999.850000000006,64999.75,64999.65,64999.55,64999.450000000004,64999.350000000006,64999.25,64999.15,64999.05]",64999.950000000004,"[0.001,0.002,0.003,0.004,0.005,0.006,0.007,0.008,0.009000000000000001,0.01]",0.001,705,mock,InstrumentType.Spot,613127376,mock,BTC-USDT
2199944884,0,0,1783610796143830497,101,depth,"[65000.159999999996,65000.259999999995,65000.36,65000.46,65000.56,65000.659999999996,65000.759999999995,65000.86,65000.96,65001.06]",65000.159999999996,"[0.001,0.002,0.003,0.004,0.005,0.006,0.007,0.008,0.009000000000000001,0.01]",0.001,"[64999.96,64999.86,64999.759999999995,64999.659999999996,64999.56,64999.46,64999.36,64999.259999999995,64999.159999999996,64999.06]",64999.96,"[0.001,0.002,0.003,0.004,0.005,0.006,0.007,0.008,0.009000000000000001,0.01]",0.001,706,mock,InstrumentType.Spot,613127792,mock,BTC-USDT
2199944884,0,0,1783610796144147370,101,depth,"[65000.17,65000.27,65000.37,65000.47,65000.57,65000.67,65000.77,65000.87,65000.97,65001.07]",65000.17,"[0.001,0.002,0.003,0.004,0.005,0.006,0.007,0.008,0.009000000000000001,0.01]",0.001,"[64999.97,64999.87,64999.77,64999.67,64999.57,64999.47,64999.37,64999.27,64999.17,64999.07]",64999.97,"[0.001,0.002,0.003,0.004,0.005,0.006,0.007,0.008,0.009000000000000001,0.01]",0.001,707,mock,InstrumentType.Spot,613128208,mock,BTC-USDT
2199944884,0,0,1783610796144430622,101,depth,"[65000.18,65000.28,65000.380000000005,65000.48,65000.58,65000.68,65000.78,65000.880000000005,65000.98,65001.08]",65000.18,"[0.001,0.002,0.003,0.004,0.005,0.006,0.007,0.008,0.009000000000000001,0.01]",0.001,"[64999.98,64999.880000000005,64999.78,64999.68,64999.58,64999.48,64999.380000000005,64999.28,64999.18,64999.08]",64999.98,"[0.001,0.002,0.003,0.004,0.005,0.006,0.007,0.008,0.009000000000000001,0.01]",0.001,708,mock,InstrumentType.Spot,613128624,mock,BTC-USDT
2199944884,0,0,1783610796144730794,101,depth,"[65000.189999999995,65000.28999999999,65000.39,65000.49,65000.59,65000.689999999995,65000.78999999999,65000.89,65000.99,65001.09]",65000.189999999995,"[0.001,0.002,0.003,0.004,0.005,0.006,0.007,0.008,0.009000000000000001,0.01]",0.001,"[64999.99,64999.89,64999.78999999999,64999.689999999995,64999.59,64999.49,64999.39,64999.28999999999,64999.189999999995,64999.09]",64999.99,"[0.001,0.002,0.003,0.004,0.005,0.006,0.007,0.008,0.009000000000000001,0.01]",0.001,709,mock,InstrumentType.Spot,613129040,mock,BTC-USDT
2199944884,0,0,1783610796145030778,101,depth,"[65000.2,65000.299999999996,65000.4,65000.5,65000.6,65000.7,65000.799999999996,65000.9,65001.0,65001.1]",65000.2,"[0.001,0.002,0.003,0.004,0.005,0.006,0.007,0.008,0.009000000000000001,0.01]",0.001,"[65000.0,64999.9,64999.799999999996,64999.7,64999.6,64999.5,64999.4,64999.299999999996,64999.2,64999.1]",65000.0,"[0.001,0.002,0.003,0.004,0.005,0.006,0.007,0.008,0.009000000000000001,0.01]",0.001,710,mock,InstrumentType.Spot,613129456,mock,BTC-USDT
2199944884,0,0,1783610796145330274,101,depth,"[65000.21,65000.31,65000.41,65000.51,65000.61,65000.71,65000.81,65000.91,65001.01,65001.11]",65000.21,"[0.001,0.002,0.003,0.004,0.005,0.006,0.007,0.008,0.009000000000000001,0.01]",0.001,"[65000.01,64999.91,64999.81,64999.71,64999.61,64999.51,64999.41,64999.31,64999.21,64999.11]",65000.01,"[0.001,0.002,0.003,0.004,0.005,0.006,0.007,0.008,0.009000000000000001,0.01]",0.001,711,mock,InstrumentType.Spot,613129872,mock,BTC-USDT
2199944884,0,0,1783610796145630172,101,depth,"[65000.22,65000.32,65000.420000000006,65000.520000000004,65000.62,65000.72,65000.82,65000.920000000006,65001.020000000004,65001.12]",65000.22,"[0.001,0.002,0.003,0.004,0.005,0.006,0.007,0.008,0.009000000000000001,0.01]",0.001,"[65000.020000000004,64999.920000000006,64999.82,64999.72,64999.62,64999.520000000004,64999.420000000006,64999.32,64999.22,64999.12]",65000.020000000004,"[0.001,0.002,0.003,0.004,0.005,0.006,0.007,0.008,0.009000000000000001,0.01]",0.001,712,mock,InstrumentType.Spot,613130288,mock,BTC-USDT
2199944884,0,0,1783610796145928859,101,depth,"[65000.229999999996,65000.329999999994,65000.43,65000.53,65000.63,65000.729999999996,65000.829999999994,65000.93,65001.03,65001.13]",65000.229999999996,"[0.001,0.002,0.003,0.004,0.005,0.006,0.007,0.008,0.009000000000000001,0.01]",0.001,"[65000.03,64999.93,64999.829999999994,64999.729999999996,64999.63,64999.53,64999.43,64999.329999999994,64999.229999999996,64999.13]",65000.03,"[0.001,0.002,0.003,0.004,0.005,0.006,0.007,0.008,0.009000000000000001,0.01]",0.001,713,mock,InstrumentType.Spot,613130704,mock,BTC-USDT
2199944884,0,0,1783610796146228842,101,depth,"[65000.24,65000.34,65000.44,65000.54,65000.64,65000.74,65000.84,65000.94,65001.04,65001.14]",65000.24,"[0.001,0.002,0.003,0.004,0.005,0.006,0.007,0.008,0.009000000000000001,0.01]",0.001,"[65000.04,64999.94,64999.84,64999.74,64999.64,64999.54,64999.44,64999.34,64999.24,64999.14]",65000.04,"[0.001,0.002,0.003,0.004,0.005,0.006,0.007,0.008,0.009000000000000001,0.01]",0.001,714,mock,InstrumentType.Spot,613131120,mock,BTC-USDT
2199944884,0,0,1783610796146528652,101,depth,"[65000.25,65000.35,65000.450000000004,65000.55,65000.65,65000.75,65000.85,65000.950000000004,65001.05,65001.15]",65000.25,"[0.001,0.002,0.003,0.004,0.005,0.006,0.007,0.008,0.009000000000000001,0.01]",0.001,"[65000.05,64999.950000000004,64999.85,64999.75,64999.65,64999.55,64999.450000000004,64999.35,64999.25,64999.15]",65000.05,"[0.001,0.002,0.003,0.004,0.005,0.006,0.007,0.008,0.009000000000000001,0.01]",0.001,715,mock,InstrumentType.Spot,613131536,mock,BTC-USDT
2199944884,0,0,1783610796146839388,101,depth,"[65000.26,65000.36,65000.46000000001,65000.560000000005,65000.66,65000.76,65000.86,65000.96000000001,65001.060000000005,65001.16]",65000.26,"[0.001,0.002,0.003,0.004,0.005,0.006,0.007,0.008,0.009000000000000001,0.01]",0.001,"[65000.060000000005,64999.96000000001,64999.86,64999.76,64999.66,64999.560000000005,64999.46000000001,64999.36,64999.26,64999.16]",65000.060000000005,"[0.001,0.002,0.003,0.004,0.005,0.006,0.007,0.008,0.009000000000000001,0.01]",0.001,716,mock,InstrumentType.Spot,613131952,mock,BTC-USDT
2199944884,0,0,1783610796147139553,101,depth,"[65000.27,65000.369999999995,65000.47,65000.57,65000.67,65000.77,65000.869999999995,65000.97,65001.07,65001.17]",65000.27,"[0.001,0.002,0.003,0.004,0.005,0.006,0.007,0.008,0.009000000000000001,0.01]",0.001,"[65000.07,64999.97,64999.869999999995,64999.77,64999.67,64999.57,64999.47,64999.369999999995,64999.27,64999.17]",65000.07,"[0.001,0.002,0.003,0.004,0.005,0.006,0.007,0.008,0.009000000000000001,0.01]",0.001,717,mock,InstrumentType.Spot,613132368,mock,BTC-USDT
2199944884,0,0,1783610796147433973,101,depth,"[65000.28,65000.38,65000.48,65000.58,65000.68,65000.78,65000.88,65000.98,65001.08,65001.18]",65000.28,"[0.001,0.002,0.003,0.004,0.005,0.006,0.007,0.008,0.009000000000000001,0.01]",0.001,"[65000.08,64999.98,64999.88,64999.78,64999.68,64999.58,64999.48,64999.38,64999.28,64999.18]",65000.08,"[0.001,0.002,0.003,0.004,0.005,0.006,0.007,0.008,0.009000000000000001,0.01]",0.001,718,mock,InstrumentType.Spot,613132784,mock,BTC-USDT
2199944884,0,0,1783610796147730964,101,depth,"[65000.29,65000.39,65000.490000000005,65000.590000000004,65000.69,65000.79,65000.89,65000.990000000005,65001.090000000004,65001.19]",65000.29,"[0.001,0.002,0.003,0.004,0.005,0.006,0.007,0.008,0.009000000000000001,0.01]",0.001,"[65000.090000000004,64999.990000000005,64999.89,64999.79,64999.69,64999.590000000004,64999.490000000005,64999.39,64999.29,64999.19]",65000.090000000004,"[0.001,0.002,0.003,0.004,0.005,0.006,0.007,0.008,0.009000000000000001,0.01]",0.001,719,mock,InstrumentType.Spot,613133200,mock,BTC-USDT
2199944884,0,0,1783610796148030757,101,depth,"[65000.299999999996,65000.399999999994,65000.5,65000.6,65000.7,65000.799999999996,65000.899999999994,65001.0,65001.1,65001.2]",65000.299999999996,"[0.001,0.002,0.003,0.004,0.005,0.006,0.007,0.008,0.009000000000000001,0.01]",0.001,"[65000.1,65000.0,64999.899999999994,64999.799999999996,64999.7,64999.6,64999.5,64999.399999999994,64999.299999999996,64999.2]",65000.1,"[0.001,0.002,0.003,0.004,0.005,0.006,0.007,0.008,0.009000000000000001,0.01]",0.001,720,mock,InstrumentType.Spot,613133616,mock,BTC-USDT
2199944884,0,0,1783610796148330278,101,depth,"[65000.31,65000.409999999996,65000.51,65000.61,65000.71,65000.81,65000.909999999996,65001.01,65001.11,65001.21]",65000.31,"[0.001,0.002,0.003,0.004,0.005,0.006,0.007,0.008,0.009000000000000001,0.01]",0.001,"[65000.11,65000.01,64999.909999999996,64999.81,64999.71,64999.61,64999.51,64999.409999999996,64999.31,64999.21]",65000.11,"[0.001,0.002,0.003,0.004,0.005,0.006,0.007,0.008,0.009000000000000001,0.01]",0.001,721,mock,InstrumentType.Spot,613134032,mock,BTC-USDT
2199944884,0,0,1783610796148628840,101,depth,"[65000.32,65000.42,65000.520000000004,65000.62,65000.72,65000.82,65000.92,65001.020000000004,65001.12,65001.22]",65000.32,"[0.001,0.002,0.003,0.004,0.005,0.006,0.007,0.008,0.009000000000000001,0.01]",0.001,"[65000.12,65000.020000000004,64999.92,64999.82,64999.72,64999.62,64999.520000000004,64999.42,64999.32,64999.22]",65000.12,"[0.001,0.002,0.003,0.004,0.005,0.006,0.007,0.008,0.009000000000000001,0.01]",0.001,722,mock,InstrumentType.Spot,613134448,mock,BTC-USDT
2199944884,0,0,1783610796148929152,101,depth,"[65000.33,65000.43,65000.530000000006,65000.630000000005,65000.73,65000.83,65000.93,65001.030000000006,65001.130000000005,65001.23]",65000.33,"[0.001,0.002,0.003,0.004,0.005,0.006,0.007,0.008,0.009000000000000001,0.01]",0.001,"[65000.130000000005,65000.030000000006,64999.93,64999.83,64999.73,64999.630000000005,64999.530000000006,64999.43,64999.33,64999.23]",65000.130000000005,"[0.001,0.002,0.003,0.004,0.005,0.006,0.007,0.008,0.009000000000000001,0.01]",0.001,723,mock,InstrumentType.Spot,613134864,mock,BTC-USDT
2199944884,0,0,1783610796149230416,101,depth,"[65000.34,65000.439999999995,65000.54,65000.64,65000.74,65000.84,65000.939999999995,65001.04,65001.14,65001.24]",65000.34,"[0.001,0.002,0.003,0.004,0.005,0.006,0.007,0.008,0.009000000000000001,0.01]",0.001,"[65000.14,65000.04,64999.939999999995,64999.84,64999.74,64999.64,64999.54,64999.439999999995,64999.34,64999.24]",65000.14,"[0.001,0.002,0.003,0.004,0.005,0.006,0.007,0.008,0.009000000000000001,0.01]",0.001,724,mock,InstrumentType.Spot,613135280,mock,BTC-USDT
2199944884,0,0,1783610796149530022,101,depth,"[65000.35,65000.45,65000.55,65000.65,65000.75,65000.85,65000.95,65001.05,65001.15,65001.25]",65000.35,"[0.001,0.002,0.003,0.004,0.005,0.006,0.007,0.008,0.009000000000000001,0.01]",0.001,"[65000.15,65000.05,64999.95,64999.85,64999.75,64999.65,64999.55,64999.45,64999.35,64999.25]",65000.15,"[0.001,0.002,0.003,0.004,0.005,0.006,0.007,0.008,0.009000000000000001,0.01]",0.001,725,mock,InstrumentType.Spot,613135696,mock,BTC-USDT
2199944884,0,0,1783610796149847142,101,depth,"[65000.36,65000.46,65000.560000000005,65000.66,65000.76,65000.86,65000.96,65001.060000000005,65001.16,65001.26]",65000.36,"[0.001,0.002,0.003,0.004,0.005,0.006,0.007,0.008,0.009000000000000001,0.01]",0.001,"[65000.16,65000.060000000005,64999.96,64999.86,64999.76,64999.66,64999.560000000005,64999.46,64999.36,64999.26]",65000.16,"[0.001,0.002,0.003,0.004,0.005,0.006,0.007,0.008,0.009000000000000001,0.01]",0.001,726,mock,InstrumentType.Spot,613136112,mock,BTC-USDT
2199944884,0,0,1783610796150129951,101,depth,"[65000.369999999995,65000.469999999994,65000.57,65000.67,65000.77,65000.869999999995,65000.969999999994,65001.07,65001.17,65001.27]",65000.369999999995,"[0.001,0.002,0.003,0.004,0.005,0.006,0.007,0.008,0.009000000000000001,0.01]",0.001,"[65000.17,65000.07,64999.969999999994,64999.869999999995,64999.77,64999.67,64999.57,64999.469999999994,64999.369999999995,64999.27]",65000.17,"[0.001,0.002,0.003,0.004,0.005,0.006,0.007,0.008,0.009000000000000001,0.01]",0.001,727,mock,InstrumentType.Spot,613136528,mock,BTC-USDT
2199944884,0,0,1783610796150429183,101,depth,"[65000.38,65000.479999999996,65000.58,65000.68,65000.78,65000.88,65000.979999999996,65001.08,65001.18,65001.28]",65000.38,"[0.001,0.002,0.003,0.004,0.005,0.006,0.007,0.008,0.009000000000000001,0.01]",0.001,"[65000.18,65000.08,64999.979999999996,64999.88,64999.78,64999.68,64999.58,64999.479999999996,64999.38,64999.28]",65000.18,"[0.001,0.002,0.003,0.004,0.005,0.006,0.007,0.008,0.009000000000000001,0.01]",0.001,728,mock,InstrumentType.Spot,613136944,mock,BTC-USDT
2199944884,0,0,1783610796150728955,101,depth,"[65000.39,65000.49,65000.590000000004,65000.69,65000.79,65000.89,65000.99,65001.090000000004,65001.19,65001.29]",65000.39,"[0.001,0.002,0.003,0.004,0.005,0.006,0.007,0.008,0.009000000000000001,0.01]",0.001,"[65000.19,65000.090000000004,64999.99,64999.89,64999.79,64999.69,64999.590000000004,64999.49,64999.39,64999.29]",65000.19,"[0.001,0.002,0.003,0.004,0.005,0.006,0.007,0.008,0.009000000000000001,0.01]",0.001,729,mock,InstrumentType.Spot,613137360,mock,BTC-USDT
2199944884,0,0,1783610796151030247,101,depth,"[65000.4,65000.5,65000.600000000006,65000.700000000004,65000.8,65000.9,65001.0,65001.100000000006,65001.200000000004,65001.3]",65000.4,"[0.001,0.002,0.003,0.004,0.005,0.006,0.007,0.008,0.009000000000000001,0.01]",0.001,"[65000.200000000004,65000.100000000006,65000.0,64999.9,64999.8,64999.700000000004,64999.600000000006,64999.5,64999.4,64999.3]",65000.200000000004,"[0.001,0.002,0.003,0.004,0.005,0.006,0.007,0.008,0.009000000000000001,0.01]",0.001,730,mock,InstrumentType.Spot,613137776,mock,BTC-USDT
2199944884,0,0,1783610796151329008,101,depth,"[65000.409999999996,65000.509999999995,65000.61,65000.71,65000.81,65000.909999999996,65001.009999999995,65001.11,65001.21,65001.31]",65000.409999999996,"[0.001,0.002,0.003,0.004,0.005,0.006,0.007,0.008,0.009000000000000001,0.01]",0.001,"[65000.21,65000.11,65000.009999999995,64999.909999999996,64999.81,64999.71,64999.61,64999.509999999995,64999.409999999996,64999.31]",65000.21,"[0.001,0.002,0.003,0.004,0.005,0.006,0.007,0.008,0.009000000000000001,0.01]",0.001,731,mock,InstrumentType.Spot,613138192,mock,BTC-USDT
2199944884,0,0,1783610796151629943,101,depth,"[65000.42,65000.52,65000.62,65000.72,65000.82,65000.92,65001.02,65001.12,65001.22,65001.32]",65000.42,"[0.001,0.002,0.003,0.004,0.005,0.006,0.007,0.008,0.009000000000000001,0.01]",0.001,"[65000.22,65000.12,65000.02,64999.92,64999.82,64999.72,64999.62,64999.52,64999.42,64999.32]",65000.22,"[0.001,0.002,0.003,0.004,0.005,0.006,0.007,0.008,0.009000000000000001,0.01]",0.001,732,mock,InstrumentType.Spot,613138608,mock,BTC-USDT
2199944884,0,0,1783610796151930190,101,depth,"[65000.43,65000.53,65000.630000000005,65000.73,65000.83,65000.93,65001.03,65001.130000000005,65001.23,65001.33]",65000.43,"[0.001,0.002,0.003,0.004,0.005,0.006,0.007,0.008,0.009000000000000001,0.01]",0.001,"[65000.23,65000.130000000005,65000.03,64999.93,64999.83,64999.73,64999.630000000005,64999.53,64999.43,64999.33]",65000.23,"[0.001,0.002,0.003,0.004,0.005,0.006,0.007,0.008,0.009000000000000001,0.01]",0.001,733,mock,InstrumentType.Spot,613139024,mock,BTC-USDT
2199944884,0,0,1783610796152230101,101,depth,"[65000.439999999995,65000.53999999999,65000.64,65000.74,65000.84,65000.939999999995,65001.03999999999,65001.14,65001.24,65001.34]",65000.439999999995,"[0.001,0.002,0.003,0.004,0.005,0.006,0.007,0.008,0.009000000000000001,0.01]",0.001,"[65000.24,65000.14,65000.03999999999,64999.939999999995,64999.84,64999.74,64999.64,64999.53999999999,64999.439999999995,64999.34]",65000.24,"[0.001,0.002,0.003,0.004,0.005,0.006,0.007,0.008,0.009000000000000001,0.01]",0.001,734,mock,InstrumentType.Spot,613139440,mock,BTC-USDT
2199944884,0,0,1783610796152541441,101,depth,"[65000.45,65000.549999999996,65000.65,65000.75,65000.85,65000.95,65001.049999999996,65001.15,65001.25,65001.35]",65000.45,"[0.001,0.002,0.003,0.004,0.005,0.006,0.007,0.008,0.009000000000000001,0.01]",0.001,"[65000.25,65000.15,65000.049999999996,64999.95,64999.85,64999.75,64999.65,64999.549999999996,64999.45,64999.35]",65000.25,"[0.001,0.002,0.003,0.004,0.005,0.006,0.007,0.008,0.009000000000000001,0.01]",0.001,735,mock,InstrumentType.Spot,613139856,mock,BTC-USDT
2199944884,0,0,1783610796152829940,101,depth,"[65000.46,65000.56,65000.66,65000.76,65000.86,65000.96,65001.06,65001.16,65001.26,65001.36]",65000.46,"[0.001,0.002,0.003,0.004,0.005,0.006,0.007,0.008,0.009000000000000001,0.01]",0.001,"[65000.26,65000.16,65000.06,64999.96,64999.86,64999.76,64999.66,64999.56,64999.46,64999.36]",65000.26,"[0.001,0.002,0.003,0.004,0.005,0.006,0.007,0.008,0.009000000000000001,0.01]",0.001,736,mock,InstrumentType.Spot,613140272,mock,BTC-USDT
2199944884,0,0,1783610796153129310,101,depth,"[65000.47,65000.57,65000.670000000006,65000.770000000004,65000.87,65000.97,65001.07,65001.170000000006,65001.270000000004,65001.37]",65000.47,"[0.001,0.002,0.003,0.004,0.005,0.006,0.007,0.008,0.009000000000000001,0.01]",0.001,"[65000.270000000004,65000.170000000006,65000.07,64999.97,64999.87,64999.770000000004,64999.670000000006,64999.57,64999.47,64999.37]",65000.270000000004,"[0.001,0.002,0.003,0.004,0.005,0.006,0.007,0.008,0.009000000000000001,0.01]",0.001,737,mock,InstrumentType.Spot,613140688,mock,BTC-USDT
2199944884,0,0,1783610796153429931,101,depth,"[65000.479999999996,65000.579999999994,65000.68,65000.78,65000.88,65000.979999999996,65001.079999999994,65001.18,65001.28,65001.38]",65000.479999999996,"[0.001,0.002,0.003,0.004,0.005,0.006,0.007,0.008,0.009000000000000001,0.01]",0.001,"[65000.28,65000.18,65000.079999999994,64999.979999999996,64999.88,64999.78,64999.68,64999.579999999994,64999.479999999996,64999.38]",65000.28,"[0.001,0.002,0.003,0.004,0.005,0.006,0.007,0.008,0.009000000000000001,0.01]",0.001,738,mock,InstrumentType.Spot,613141104,mock,BTC-USDT
2199944884,0,0,1783610796153728735,101,depth,"[65000.49,65000.59,65000.69,65000.79,65000.89,65000.99,65001.09,65001.19,65001.29,65001.39]",65000.49,"[0.001,0.002,0.003,0.004,0.005,0.006,0.007,0.008,0.009000000000000001,0.01]",0.001,"[65000.29,65000.19,65000.09,64999.99,64999.89,64999.79,64999.69,64999.59,64999.49,64999.39]",65000.29,"[0.001,0.002,0.003,0.004,0.005,0.006,0.007,0.008,0.009000000000000001,0.01]",0.001,739,mock,InstrumentType.Spot,613141520,mock,BTC-USDT
2199944884,0,0,1783610796154029892,101,depth,"[65000.5,65000.6,65000.700000000004,65000.8,65000.9,65001.0,65001.1,65001.200000000004,65001.3,65001.4]",65000.5,"[0.001,0.002,0.003,0.004,0.005,0.006,0.007,0.008,0.009000000000000001,0.01]",0.001,"[65000.3,65000.200000000004,65000.1,65000.0,64999.9,64999.8,64999.700000000004,64999.6,64999.5,64999.4]",65000.3,"[0.001,0.002,0.003,0.004,0.005,0.006,0.007,0.008,0.009000000000000001,0.01]",0.001,740,mock,InstrumentType.Spot,613141936,mock,BTC-USDT
2199944884,0,0,1783610796154329139,101,depth,"[65000.51,65000.61,65000.71000000001,65000.810000000005,65000.91,65001.01,65001.11,65001.21000000001,65001.310000000005,65001.41]",65000.51,"[0.001,0.002,0.003,0.004,0.005,0.006,0.007,0.008,0.009000000000000001,0.01]",0.001,"[65000.310000000005,65000.21000000001,65000.11,65000.01,64999.91,64999.810000000005,64999.71000000001,64999.61,64999.51,64999.41]",65000.310000000005,"[0.001,0.002,0.003,0.004,0.005,0.006,0.007,0.008,0.009000000000000001,0.01]",0.001,741,mock,InstrumentType.Spot,613142352,mock,BTC-USDT
2199944884,0,0,1783610796154629751,101,depth,"[65000.52,65000.619999999995,65000.72,65000.82,65000.92,65001.02,65001.119999999995,65001.22,65001.32,65001.42]",65000.52,"[0.001,0.002,0.003,0.004,0.005,0.006,0.007,0.008,0.009000000000000001,0.01]",0.001,"[65000.32,65000.22,65000.119999999995,65000.02,64999.92,64999.82,64999.72,64999.619999999995,64999.52,64999.42]",65000.32,"[0.001,0.002,0.003,0.004,0.005,0.006,0.007,0.008,0.009000000000000001,0.01]",0.001,742,mock,InstrumentType.Spot,613142768,mock,BTC-USDT
2199944884,0,0,1783610796154929977,101,depth,"[65000.53,65000.63,65000.73,65000.83,65000.93,65001.03,65001.13,65001.23,65001.33,65001.43]",65000.53,"[0.001,0.002,0.003,0.004,0.005,0.006,0.007,0.008,0.009000000000000001,0.01]",0.001,"[65000.33,65000.23,65000.13,65000.03,64999.93,64999.83,64999.73,64999.63,64999.53,64999.43]",65000.33,"[0.001,0.002,0.003,0.004,0.005,0.006,0.007,0.008,0.009000000000000001,0.01]",0.001,743,mock,InstrumentType.Spot,613143184,mock,BTC-USDT
2199944884,0,0,1783610796155229051,101,depth,"[65000.54,65000.64,65000.740000000005,65000.840000000004,65000.94,65001.04,65001.14,65001.240000000005,65001.340000000004,65001.44]",65000.54,"[0.001,0.002,0.003,0.004,0.005,0.006,0.007,0.008,0.009000000000000001,0.01]",0.001,"[65000.340000000004,65000.240000000005,65000.14,65000.04,64999.94,64999.840000000004,64999.740000000005,64999.64,64999.54,64999.44]",65000.340000000004,"[0.001,0.002,0.003,0.004,0.005,0.006,0.007,0.008,0.009000000000000001,0.01]",0.001,744,mock,InstrumentType.Spot,613143600,mock,BTC-USDT
2199944884,0,0,1783610796155539012,101,depth,"[65000.549999999996,65000.649999999994,65000.75,65000.85,65000.95,65001.049999999996,65001.149999999994,65001.25,65001.35,65001.45]",65000.549999999996,"[0.001,0.002,0.003,0.004,0.005,0.006,0.007,0.008,0.009000000000000001,0.01]",0.001,"[65000.35,65000.25,65000.149999999994,65000.049999999996,64999.95,64999.85,64999.75,64999.649999999994,64999.549999999996,64999.45]",65000.35,"[0.001,0.002,0.003,0.004,0.005,0.006,0.007,0.008,0.009000000000000001,0.01]",0.001,745,mock,InstrumentType.Spot,613144016,mock,BTC-USDT
2199944884,0,0,1783610796155829999,101,depth,"[65000.56,65000.659999999996,65000.76,65000.86,65000.96,65001.06,65001.159999999996,65001.26,65001.36,65001.46]",65000.56,"[0.001,0.002,0.003,0.004,0.005,0.006,0.007,0.008,0.009000000000000001,0.01]",0.001,"[65000.36,65000.26,65000.159999999996,65000.06,64999.96,64999.86,64999.76,64999.659999999996,64999.56,64999.46]",65000.36,"[0.001,0.002,0.003,0.004,0.005,0.006,0.007,0.008,0.009000000000000001,0.01]",0.001,746,mock,InstrumentType.Spot,613144432,mock,BTC-USDT
2199944884,0,0,1783610796156130042,101,depth,"[65000.57,65000.67,65000.770000000004,65000.87,65000.97,65001.07,65001.17,65001.270000000004,65001.37,65001.47]",65000.57,"[0.001,0.002,0.003,0.004,0.005,0.006,0.007,0.008,0.009000000000000001,0.01]",0.001,"[65000.37,65000.270000000004,65000.17,65000.07,64999.97,64999.87,64999.770000000004,64999.67,64999.57,64999.47]",65000.37,"[0.001,0.002,0.003,0.004,0.005,0.006,0.007,0.008,0.009000000000000001,0.01]",0.001,747,mock,InstrumentType.Spot,613144848,mock,BTC-USDT
2199944884,0,0,1783610796156428725,101,depth,"[65000.58,65000.68,65000.780000000006,65000.880000000005,65000.98,65001.08,65001.18,65001.280000000006,65001.380000000005,65001.48]",65000.58,"[0.001,0.002,0.003,0.004,0.005,0.006,0.007,0.008,0.009000000000000001,0.01]",0.001,"[65000.380000000005,65000.280000000006,65000.18,65000.08,64999.98,64999.880000000005,64999.780000000006,64999.68,64999.58,64999.48]",65000.380000000005,"[0.001,0.002,0.003,0.004,0.005,0.006,0.007,0.008,0.009000000000000001,0.01]",0.001,748,mock,InstrumentType.Spot,613145264,mock,BTC-USDT
2199944884,0,0,1783610796156729451,101,depth,"[65000.59,65000.689999999995,65000.79,65000.89,65000.99,65001.09,65001.189999999995,65001.29,65001.39,65001.49]",65000.59,"[0.001,0.002,0.003,0.004,0.005,0.006,0.007,0.008,0.009000000000000001,0.01]",0.001,"[65000.39,65000.29,65000.189999999995,65000.09,64999.99,64999.89,64999.79,64999.689999999995,64999.59,64999.49]",65000.39,"[0.001,0.002,0.003,0.004,0.005,0.006,0.007,0.008,0.009000000000000001,0.01]",0.001,749,mock,InstrumentType.Spot,613145680,mock,BTC-USDT
2199944884,0,0,1783610796157030027,101,depth,"[65000.6,65000.7,65000.8,65000.9,65001.0,65001.1,65001.2,65001.3,65001.4,65001.5]",65000.6,"[0.001,0.002,0.003,0.004,0.005,0.006,0.007,0.008,0.009000000000000001,0.01]",0.001,"[65000.4,65000.3,65000.2,65000.1,65000.0,64999.9,64999.8,64999.7,64999.6,64999.5]",65000.4,"[0.001,0.002,0.003,0.004,0.005,0.006,0.007,0.008,0.009000000000000001,0.01]",0.001,750,mock,InstrumentType.Spot,613146096,mock,BTC-USDT
2199944884,0,0,1783610796157330107,101,depth,"[65000.61,65000.71,65000.810000000005,65000.91,65001.01,65001.11,65001.21,65001.310000000005,65001.41,65001.51]",65000.61,"[0.001,0.002,0.003,0.004,0.005,0.006,0.007,0.008,0.009000000000000001,0.01]",0.001,"[65000.41,65000.310000000005,65000.21,65000.11,65000.01,64999.91,64999.810000000005,64999.71,64999.61,64999.51]",65000.41,"[0.001,0.002,0.003,0.004,0.005,0.006,0.007,0.008,0.009000000000000001,0.01]",0.001,751,mock,InstrumentType.Spot,613146512,mock,BTC-USDT
2199944884,0,0,1783610796157629836,101,depth,"[65000.619999999995,65000.719999999994,65000.82,65000.92,65001.02,65001.119999999995,65001.219999999994,65001.32,65001.42,65001.52]",65000.619999999995,"[0.001,0.002,0.003,0.004,0.005,0.006,0.007,0.008,0.009000000000000001,0.01]",0.001,"[65000.42,65000.32,65000.219999999994,65000.119999999995,65000.02,64999.92,64999.82,64999.719999999994,64999.619999999995,64999.52]",65000.42,"[0.001,0.002,0.003,0.004,0.005,0.006,0.007,0.008,0.009000000000000001,0.01]",0.001,752,mock,InstrumentType.Spot,613146928,mock,BTC-USDT
2199944884,0,0,1783610796157930411,101,depth,"[65000.63,65000.729999999996,65000.83,65000.93,65001.03,65001.13,65001.229999999996,65001.33,65001.43,65001.53]",65000.63,"[0.001,0.002,0.003,0.004,0.005,0.006,0.007,0.008,0.009000000000000001,0.01]",0.001,"[65000.43,65000.33,65000.229999999996,65000.13,65000.03,64999.93,64999.83,64999.729999999996,64999.63,64999.53]",65000.43,"[0.001,0.002,0.003,0.004,0.005,0.006,0.007,0.008,0.009000000000000001,0.01]",0.001,753,mock,InstrumentType.Spot,613147344,mock,BTC-USDT
2199944884,0,0,1783610796158229380,101,depth,"[65000.64,65000.74,65000.840000000004,65000.94,65001.04,65001.14,65001.24,65001.340000000004,65001.44,65001.54]",65000.64,"[0.001,0.002,0.003,0.004,0.005,0.006,0.007,0.008,0.009000000000000001,0.01]",0.001,"[65000.44,65000.340000000004,65000.24,65000.14,65000.04,64999.94,64999.840000000004,64999.74,64999.64,64999.54]",65000.44,"[0.001,0.002,0.003,0.004,0.005,0.006,0.007,0.008,0.009000000000000001,0.01]",0.001,754,mock,InstrumentType.Spot,613147760,mock,BTC-USDT
2199944884,0,0,1783610796158538502,101,depth,"[65000.65,65000.75,65000.850000000006,65000.950000000004,65001.05,65001.15,65001.25,65001.350000000006,65001.450000000004,65001.55]",65000.65,"[0.001,0.002,0.003,0.004,0.005,0.006,0.007,0.008,0.009000000000000001,0.01]",0.001,"[65000.450000000004,65000.350000000006,65000.25,65000.15,65000.05,64999.950000000004,64999.850000000006,64999.75,64999.65,64999.55]",65000.450000000004,"[0.001,0.002,0.003,0.004,0.005,0.006,0.007,0.008,0.009000000000000001,0.01]",0.001,755,mock,InstrumentType.Spot,613148176,mock,BTC-USDT
2199944884,0,0,1783610796158828787,101,depth,"[65000.659999999996,65000.759999999995,65000.86,65000.96,65001.06,65001.159999999996,65001.259999999995,65001.36,65001.46,65001.56]",65000.659999999996,"[0.001,0.002,0.003,0.004,0.005,0.006,0.007,0.008,0.009000000000000001,0.01]",0.001,"[65000.46,65000.36,65000.259999999995,65000.159999999996,65000.06,64999.96,64999.86,64999.759999999995,64999.659999999996,64999.56]",65000.46,"[0.001,0.002,0.003,0.004,0.005,0.006,0.007,0.008,0.009000000000000001,0.01]",0.001,756,mock,InstrumentType.Spot,613148592,mock,BTC-USDT
2199944884,0,0,1783610796159129672,101,depth,"[65000.67,65000.77,65000.87,65000.97,65001.07,65001.17,65001.27,65001.37,65001.47,65001.57]",65000.67,"[0.001,0.002,0.003,0.004,0.005,0.006,0.007,0.008,0.009000000000000001,0.01]",0.001,"[65000.47,65000.37,65000.27,65000.17,65000.07,64999.97,64999.87,64999.77,64999.67,64999.57]",65000.47,"[0.001,0.002,0.003,0.004,0.005,0.006,0.007,0.008,0.009000000000000001,0.01]",0.001,757,mock,InstrumentType.Spot,613149008,mock,BTC-USDT
2199944884,0,0,1783610796159428612,101,depth,"[65000.68,65000.78,65000.880000000005,65000.98,65001.08,65001.18,65001.28,65001.380000000005,65001.48,65001.58]",65000.68,"[0.001,0.002,0.003,0.004,0.005,0.006,0.007,0.008,0.009000000000000001,0.01]",0.001,"[65000.48,65000.380000000005,65000.28,65000.18,65000.08,64999.98,64999.880000000005,64999.78,64999.68,64999.58]",65000.48,"[0.001,0.002,0.003,0.004,0.005,0.006,0.007,0.008,0.009000000000000001,0.01]",0.001,758,mock,InstrumentType.Spot,613149424,mock,BTC-USDT
2199944884,0,0,1783610796159729666,101,depth,"[65000.689999999995,65000.78999999999,65000.89,65000.99,65001.09,65001.189999999995,65001.28999999999,65001.39,65001.49,65001.59]",65000.689999999995,"[0.001,0.002,0.003,0.004,0.005,0.006,0.007,0.008,0.009000000000000001,0.01]",0.001,"[65000.49,65000.39,65000.28999999999,65000.189999999995,65000.09,64999.99,64999.89,64999.78999999999,64999.689999999995,64999.59]",65000.49,"[0.001,0.002,0.003,0.004,0.005,0.006,0.007,0.008,0.009000000000000001,0.01]",0.001,759,mock,InstrumentType.Spot,613149840,mock,BTC-USDT
2199944884,0,0,1783610796160028856,101,depth,"[65000.7,65000.799999999996,65000.9,65001.0,65001.1,65001.2,65001.299999999996,65001.4,65001.5,65001.6]",65000.7,"[0.001,0.002,0.003,0.004,0.005,0.006,0.007,0.008,0.009000000000000001,0.01]",0.001,"[65000.5,65000.4,65000.299999999996,65000.2,65000.1,65000.0,64999.9,64999.799999999996,64999.7,64999.6]",65000.5,"[0.001,0.002,0.003,0.004,0.005,0.006,0.007,0.008,0.009000000000000001,0.01]",0.001,760,mock,InstrumentType.Spot,613150256,mock,BTC-USDT
2199944884,0,0,1783610796160329323,101,depth,"[65000.71,65000.81,65000.91,65001.01,65001.11,65001.21,65001.31,65001.41,65001.51,65001.61]",65000.71,"[0.001,0.002,0.003,0.004,0.005,0.006,0.007,0.008,0.009000000000000001,0.01]",0.001,"[65000.51,65000.41,65000.31,65000.21,65000.11,65000.01,64999.91,64999.81,64999.71,64999.61]",65000.51,"[0.001,0.002,0.003,0.004,0.005,0.006,0.007,0.008,0.009000000000000001,0.01]",0.001,761,mock,InstrumentType.Spot,613150672,mock,BTC-USDT
2199944884,0,0,1783610796160628481,101,depth,"[65000.72,65000.82,65000.920000000006,65001.020000000004,65001.12,65001.22,65001.32,65001.420000000006,65001.520000000004,65001.62]",65000.72,"[0.001,0.002,0.003,0.004,0.005,0.006,0.007,0.008,0.009000000000000001,0.01]",0.001,"[65000.520000000004,65000.420000000006,65000.32,65000.22,65000.12,65000.020000000004,64999.920000000006,64999.82,64999.72,64999.62]",65000.520000000004,"[0.001,0.002,0.003,0.004,0.005,0.006,0.007,0.008,0.009000000000000001,0.01]",0.001,762,mock,InstrumentType.Spot,613112128,mock,BTC-USDT
2199944884,0,0,1783610796160927825,101,depth,"[65000.729999999996,65000.829999999994,65000.93,65001.03,65001.13,65001.229999999996,65001.329999999994,65001.43,65001.53,65001.63]",65000.729999999996,"[0.001,0.002,0.003,0.004,0.005,0.006,0.007,0.008,0.009000000000000001,0.01]",0.001,"[65000.53,65000.43,65000.329999999994,65000.229999999996,65000.13,65000.03,64999.93,64999.829999999994,64999.729999999996,64999.63]",65000.53,"[0.001,0.002,0.003,0.004,0.005,0.006,0.007,0.008,0.009000000000000001,0.01]",0.001,763,mock,InstrumentType.Spot,613112688,mock,BTC-USDT
2199944884,0,0,1783610796161240619,101,depth,"[65000.74,65000.84,65000.94,65001.04,65001.14,65001.24,65001.34,65001.44,65001.54,65001.64]",65000.74,"[0.001,0.002,0.003,0.004,0.005,0.006,0.007,0.008,0.009000000000000001,0.01]",0.001,"[65000.54,65000.44,65000.34,65000.24,65000.14,65000.04,64999.94,64999.84,64999.74,64999.64]",65000.54,"[0.001,0.002,0.003,0.004,0.005,0.006,0.007,0.008,0.009000000000000001,0.01]",0.001,764,mock,InstrumentType.Spot,613113248,mock,BTC-USDT
2199944884,0,0,1783610796161532289,101,depth,"[65000.75,65000.85,65000.950000000004,65001.05,65001.15,65001.25,65001.35,65001.450000000004,65001.55,65001.65]",65000.75,"[0.001,0.002,0.003,0.004,0.005,0.006,0.007,0.008,0.009000000000000001,0.01]",0.001,"[65000.55,65000.450000000004,65000.35,65000.25,65000.15,65000.05,64999.950000000004,64999.85,64999.75,64999.65]",65000.55,"[0.001,0.002,0.003,0.004,0.005,0.006,0.007,0.008,0.009000000000000001,0.01]",0.001,765,mock,InstrumentType.Spot,613113808,mock,BTC-USDT
2199944884,0,0,1783610796161834102,101,depth,"[65000.76,65000.86,65000.96000000001,65001.060000000005,65001.16,65001.26,65001.36,65001.46000000001,65001.560000000005,65001.66]",65000.76,"[0.001,0.002,0.003,0.004,0.005,0.006,0.007,0.008,0.009000000000000001,0.01]",0.001,"[65000.560000000005,65000.46000000001,65000.36,65000.26,65000.16,65000.060000000005,64999.96000000001,64999.86,64999.76,64999.66]",65000.560000000005,"[0.001,0.002,0.003,0.004,0.005,0.006,0.007,0.008,0.009000000000000001,0.01]",0.001,766,mock,InstrumentType.Spot,613114368,mock,BTC-USDT
2199944884,0,0,1783610796162134055,101,depth,"[65000.77,65000.869999999995,65000.97,65001.07,65001.17,65001.27,65001.369999999995,65001.47,65001.57,65001.67]",65000.77,"[0.001,0.002,0.003,0.004,0.005,0.006,0.007,0.008,0.009000000000000001,0.01]",0.001,"[65000.57,65000.47,65000.369999999995,65000.27,65000.17,65000.07,64999.97,64999.869999999995,64999.77,64999.67]",65000.57,"[0.001,0.002,0.003,0.004,0.005,0.006,0.007,0.008,0.009000000000000001,0.01]",0.001,767,mock,InstrumentType.Spot,613114928,mock,BTC-USDT
2199944884,0,0,1783610796162430224,101,depth,"[65000.78,65000.88,65000.98,65001.08,65001.18,65001.28,65001.38,65001.48,65001.58,65001.68]",65000.78,"[0.001,0.002,0.003,0.004,0.005,0.006,0.007,0.008,0.009000000000000001,0.01]",0.001,"[65000.58,65000.48,65000.38,65000.28,65000.18,65000.08,64999.98,64999.88,64999.78,64999.68]",65000.58,"[0.001,0.002,0.003,0.004,0.005,0.006,0.007,0.008,0.009000000000000001,0.01]",0.001,768,mock,InstrumentType.Spot,613115488,mock,BTC-USDT
2199944884,0,0,1783610796162728808,101,depth,"[65000.79,65000.89,65000.990000000005,65001.090000000004,65001.19,65001.29,65001.39,65001.490000000005,65001.590000000004,65001.69]",65000.79,"[0.001,0.002,0.003,0.004,0.005,0.006,0.007,0.008,0.009000000000000001,0.01]",0.001,"[65000.590000000004,65000.490000000005,65000.39,65000.29,65000.19,65000.090000000004,64999.990000000005,64999.89,64999.79,64999.69]",65000.590000000004,"[0.001,0.002,0.003,0.004,0.005,0.006,0.007,0.008,0.009000000000000001,0.01]",0.001,769,mock,InstrumentType.Spot,613116048,mock,BTC-USDT
2199944884,0,0,1783610796163028764,101,depth,"[65000.799999999996,65000.899999999994,65001.0,65001.1,65001.2,65001.299999999996,65001.399999999994,65001.5,65001.6,65001.7]",65000.799999999996,"[0.001,0.002,0.003,0.004,0.005,0.006,0.007,0.008,0.009000000000000001,0.01]",0.001,"[65000.6,65000.5,65000.399999999994,65000.299999999996,65000.2,65000.1,65000.0,64999.899999999994,64999.799999999996,64999.7]",65000.6,"[0.001,0.002,0.003,0.004,0.005,0.006,0.007,0.008,0.009000000000000001,0.01]",0.001,770,mock,InstrumentType.Spot,613116608,mock,BTC-USDT
2199944884,0,0,1783610796163328292,101,depth,"[65000.81,65000.909999999996,65001.01,65001.11,65001.21,65001.31,65001.409999999996,65001.51,65001.61,65001.71]",65000.81,"[0.001,0.002,0.003,0.004,0.005,0.006,0.007,0.008,0.009000000000000001,0.01]",0.001,"[65000.61,65000.51,65000.409999999996,65000.31,65000.21,65000.11,65000.01,64999.909999999996,64999.81,64999.71]",65000.61,"[0.001,0.002,0.003,0.004,0.005,0.006,0.007,0.008,0.009000000000000001,0.01]",0.001,771,mock,InstrumentType.Spot,613117168,mock,BTC-USDT
2199944884,0,0,1783610796163629561,101,depth,"[65000.82,65000.92,65001.020000000004,65001.12,65001.22,65001.32,65001.42,65001.520000000004,65001.62,65001.72]",65000.82,"[0.001,0.002,0.003,0.004,0.005,0.006,0.007,0.008,0.009000000000000001,0.01]",0.001,"[65000.62,65000.520000000004,65000.42,65000.32,65000.22,65000.12,65000.020000000004,64999.92,64999.82,64999.72]",65000.62,"[0.001,0.002,0.003,0.004,0.005,0.006,0.007,0.008,0.009000000000000001,0.01]",0.001,772,mock,InstrumentType.Spot,613117728,mock,BTC-USDT
2199944884,0,0,1783610796163928617,101,depth,"[65000.83,65000.93,65001.030000000006,65001.130000000005,65001.23,65001.33,65001.43,65001.530000000006,65001.630000000005,65001.73]",65000.83,"[0.001,0.002,0.003,0.004,0.005,0.006,0.007,0.008,0.009000000000000001,0.01]",0.001,"[65000.630000000005,65000.530000000006,65000.43,65000.33,65000.23,65000.130000000005,65000.030000000006,64999.93,64999.83,64999.73]",65000.630000000005,"[0.001,0.002,0.003,0.004,0.005,0.006,0.007,0.008,0.009000000000000001,0.01]",0.001,773,mock,InstrumentType.Spot,613157984,mock,BTC-USDT
2199944884,0,0,1783610796164242211,101,depth,"[65000.84,65000.939999999995,65001.04,65001.14,65001.24,65001.34,65001.439999999995,65001.54,65001.64,65001.74]",65000.84,"[0.001,0.002,0.003,0.004,0.005,0.006,0.007,0.008,0.009000000000000001,0.01]",0.001,"[65000.64,65000.54,65000.439999999995,65000.34,65000.24,65000.14,65000.04,64999.939999999995,64999.84,64999.74]",65000.64,"[0.001,0.002,0.003,0.004,0.005,0.006,0.007,0.008,0.009000000000000001,0.01]",0.001,774,mock,InstrumentType.Spot,613158400,mock,BTC-USDT
2199944884,0,0,1783610796164529608,101,depth,"[65000.85,65000.95,65001.05,65001.15,65001.25,65001.35,65001.45,65001.55,65001.65,65001.75]",65000.85,"[0.001,0.002,0.003,0.004,0.005,0.006,0.007,0.008,0.009000000000000001,0.01]",0.001,"[65000.65,65000.55,65000.45,65000.35,65000.25,65000.15,65000.05,64999.95,64999.85,64999.75]",65000.65,"[0.001,0.002,0.003,0.004,0.005,0.006,0.007,0.008,0.009000000000000001,0.01]",0.001,775,mock,InstrumentType.Spot,613158816,mock,BTC-USDT
2199944884,0,0,1783610796164828475,101,depth,"[65000.86,65000.96,65001.060000000005,65001.16,65001.26,65001.36,65001.46,65001.560000000005,65001.66,65001.76]",65000.86,"[0.001,0.002,0.003,0.004,0.005,0.006,0.007,0.008,0.009000000000000001,0.01]",0.001,"[65000.66,65000.560000000005,65000.46,65000.36,65000.26,65000.16,65000.060000000005,64999.96,64999.86,64999.76]",65000.66,"[0.001,0.002,0.003,0.004,0.005,0.006,0.007,0.008,0.009000000000000001,0.01]",0.001,776,mock,InstrumentType.Spot,613159232,mock,BTC-USDT
2199944884,0,0,1783610796165128683,101,depth,"[65000.869999999995,65000.969999999994,65001.07,65001.17,65001.27,65001.369999999995,65001.469999999994,65001.57,65001.67,65001.77]",65000.869999999995,"[0.001,0.002,0.003,0.004,0.005,0.006,0.007,0.008,0.009000000000000001,0.01]",0.001,"[65000.67,65000.57,65000.469999999994,65000.369999999995,65000.27,65000.17,65000.07,64999.969999999994,64999.869999999995,64999.77]",65000.67,"[0.001,0.002,0.003,0.004,0.005,0.006,0.007,0.008,0.009000000000000001,0.01]",0.001,777,mock,InstrumentType.Spot,613159648,mock,BTC-USDT
2199944884,0,0,1783610796165429205,101,depth,"[65000.88,65000.979999999996,65001.08,65001.18,65001.28,65001.38,65001.479999999996,65001.58,65001.68,65001.78]",65000.88,"[0.001,0.002,0.003,0.004,0.005,0.006,0.007,0.008,0.009000000000000001,0.01]",0.001,"[65000.68,65000.58,65000.479999999996,65000.38,65000.28,65000.18,65000.08,64999.979999999996,64999.88,64999.78]",65000.68,"[0.001,0.002,0.003,0.004,0.005,0.006,0.007,0.008,0.009000000000000001,0.01]",0.001,778,mock,InstrumentType.Spot,613160064,mock,BTC-USDT
2199944884,0,0,1783610796165728521,101,depth,"[65000.89,65000.99,65001.090000000004,65001.19,65001.29,65001.39,65001.49,65001.590000000004,65001.69,65001.79]",65000.89,"[0.001,0.002,0.003,0.004,0.005,0.006,0.007,0.008,0.009000000000000001,0.01]",0.001,"[65000.69,65000.590000000004,65000.49,65000.39,65000.29,65000.19,65000.090000000004,64999.99,64999.89,64999.79]",65000.69,"[0.001,0.002,0.003,0.004,0.005,0.006,0.007,0.008,0.009000000000000001,0.01]",0.001,779,mock,InstrumentType.Spot,613160480,mock,BTC-USDT
2199944884,0,0,1783610796166030412,101,depth,"[65000.9,65001.0,65001.100000000006,65001.200000000004,65001.3,65001.4,65001.5,65001.600000000006,65001.700000000004,65001.8]",65000.9,"[0.001,0.002,0.003,0.004,0.005,0.006,0.007,0.008,0.009000000000000001,0.01]",0.001,"[65000.700000000004,65000.600000000006,65000.5,65000.4,65000.3,65000.200000000004,65000.100000000006,65000.0,64999.9,64999.8]",65000.700000000004,"[0.001,0.002,0.003,0.004,0.005,0.006,0.007,0.008,0.009000000000000001,0.01]",0.001,780,mock,InstrumentType.Spot,613160896,mock,BTC-USDT
2199944884,0,0,1783610796166329746,101,depth,"[65000.909999999996,65001.009999999995,65001.11,65001.21,65001.31,65001.409999999996,65001.509999999995,65001.61,65001.71,65001.81]",65000.909999999996,"[0.001,0.002,0.003,0.004,0.005,0.006,0.007,0.008,0.009000000000000001,0.01]",0.001,"[65000.71,65000.61,65000.509999999995,65000.409999999996,65000.31,65000.21,65000.11,65000.009999999995,64999.909999999996,64999.81]",65000.71,"[0.001,0.002,0.003,0.004,0.005,0.006,0.007,0.008,0.009000000000000001,0.01]",0.001,781,mock,InstrumentType.Spot,613161312,mock,BTC-USDT
2199944884,0,0,1783610796166629496,101,depth,"[65000.92,65001.02,65001.12,65001.22,65001.32,65001.42,65001.52,65001.62,65001.72,65001.82]",65000.92,"[0.001,0.002,0.003,0.004,0.005,0.006,0.007,0.008,0.009000000000000001,0.01]",0.001,"[65000.72,65000.62,65000.52,65000.42,65000.32,65000.22,65000.12,65000.02,64999.92,64999.82]",65000.72,"[0.001,0.002,0.003,0.004,0.005,0.006,0.007,0.008,0.009000000000000001,0.01]",0.001,782,mock,InstrumentType.Spot,613161728,mock,BTC-USDT
2199944884,0,0,1783610796166950116,101,depth,"[65000.93,65001.03,65001.130000000005,65001.23,65001.33,65001.43,65001.53,65001.630000000005,65001.73,65001.83]",65000.93,"[0.001,0.002,0.003,0.004,0.005,0.006,0.007,0.008,0.009000000000000001,0.01]",0.001,"[65000.73,65000.630000000005,65000.53,65000.43,65000.33,65000.23,65000.130000000005,65000.03,64999.93,64999.83]",65000.73,"[0.001,0.002,0.003,0.004,0.005,0.006,0.007,0.008,0.009000000000000001,0.01]",0.001,783,mock,InstrumentType.Spot,613162144,mock,BTC-USDT
2199944884,0,0,1783610796167230536,101,depth,"[65000.939999999995,65001.03999999999,65001.14,65001.24,65001.34,65001.439999999995,65001.53999999999,65001.64,65001.74,65001.84]",65000.939999999995,"[0.001,0.002,0.003,0.004,0.005,0.006,0.007,0.008,0.009000000000000001,0.01]",0.001,"[65000.74,65000.64,65000.53999999999,65000.439999999995,65000.34,65000.24,65000.14,65000.03999999999,64999.939999999995,64999.84]",65000.74,"[0.001,0.002,0.003,0.004,0.005,0.006,0.007,0.008,0.009000000000000001,0.01]",0.001,784,mock,InstrumentType.Spot,613162560,mock,BTC-USDT
2199944884,0,0,1783610796167531528,101,depth,"[65000.95,65001.049999999996,65001.15,65001.25,65001.35,65001.45,65001.549999999996,65001.65,65001.75,65001.85]",65000.95,"[0.001,0.002,0.003,0.004,0.005,0.006,0.007,0.008,0.009000000000000001,0.01]",0.001,"[65000.75,65000.65,65000.549999999996,65000.45,65000.35,65000.25,65000.15,65000.049999999996,64999.95,64999.85]",65000.75,"[0.001,0.002,0.003,0.004,0.005,0.006,0.007,0.008,0.009000000000000001,0.01]",0.001,785,mock,InstrumentType.Spot,613162976,mock,BTC-USDT
2199944884,0,0,1783610796167831233,101,depth,"[65000.96,65001.06,65001.16,65001.26,65001.36,65001.46,65001.56,65001.66,65001.76,65001.86]",65000.96,"[0.001,0.002,0.003,0.004,0.005,0.006,0.007,0.008,0.009000000000000001,0.01]",0.001,"[65000.76,65000.66,65000.56,65000.46,65000.36,65000.26,65000.16,65000.06,64999.96,64999.86]",65000.76,"[0.001,0.002,0.003,0.004,0.005,0.006,0.007,0.008,0.009000000000000001,0.01]",0.001,786,mock,InstrumentType.Spot,613163392,mock,BTC-USDT
2199944884,0,0,1783610796168130122,101,depth,"[65000.97,65001.07,65001.170000000006,65001.270000000004,65001.37,65001.47,65001.57,65001.670000000006,65001.770000000004,65001.87]",65000.97,"[0.001,0.002,0.003,0.004,0.005,0.006,0.007,0.008,0.009000000000000001,0.01]",0.001,"[65000.770000000004,65000.670000000006,65000.57,65000.47,65000.37,65000.270000000004,65000.170000000006,65000.07,64999.97,64999.87]",65000.770000000004,"[0.001,0.002,0.003,0.004,0.005,0.006,0.007,0.008,0.009000000000000001,0.01]",0.001,787,mock,InstrumentType.Spot,613163808,mock,BTC-USDT
2199944884,0,0,1783610796168430829,101,depth,"[65000.979999999996,65001.079999999994,65001.18,65001.28,65001.38,65001.479999999996,65001.579999999994,65001.68,65001.78,65001.88]",65000.979999999996,"[0.001,0.002,0.003,0.004,0.005,0.006,0.007,0.008,0.009000000000000001,0.01]",0.001,"[65000.78,65000.68,65000.579999999994,65000.479999999996,65000.38,65000.28,65000.18,65000.079999999994,64999.979999999996,64999.88]",65000.78,"[0.001,0.002,0.003,0.004,0.005,0.006,0.007,0.008,0.009000000000000001,0.01]",0.001,788,mock,InstrumentType.Spot,613164224,mock,BTC-USDT
2199944884,0,0,1783610796168731104,101,depth,"[65000.99,65001.09,65001.19,65001.29,65001.39,65001.49,65001.59,65001.69,65001.79,65001.89]",65000.99,"[0.001,0.002,0.003,0.004,0.005,0.006,0.007,0.008,0.009000000000000001,0.01]",0.001,"[65000.79,65000.69,65000.59,65000.49,65000.39,65000.29,65000.19,65000.09,64999.99,64999.89]",65000.79,"[0.001,0.002,0.003,0.004,0.005,0.006,0.007,0.008,0.009000000000000001,0.01]",0.001,789,mock,InstrumentType.Spot,613164640,mock,BTC-USDT
2199944884,0,0,1783610796169030823,101,depth,"[65001.0,65001.1,65001.200000000004,65001.3,65001.4,65001.5,65001.6,65001.700000000004,65001.8,65001.9]",65001.0,"[0.001,0.002,0.003,0.004,0.005,0.006,0.007,0.008,0.009000000000000001,0.01]",0.001,"[65000.8,65000.700000000004,65000.6,65000.5,65000.4,65000.3,65000.200000000004,65000.1,65000.0,64999.9]",65000.8,"[0.001,0.002,0.003,0.004,0.005,0.006,0.007,0.008,0.009000000000000001,0.01]",0.001,790,mock,InstrumentType.Spot,613165056,mock,BTC-USDT
2199944884,0,0,1783610796169329762,101,depth,"[65001.01,65001.11,65001.21000000001,65001.310000000005,65001.41,65001.51,65001.61,65001.71000000001,65001.810000000005,65001.91]",65001.01,"[0.001,0.002,0.003,0.004,0.005,0.006,0.007,0.008,0.009000000000000001,0.01]",0.001,"[65000.810000000005,65000.71000000001,65000.61,65000.51,65000.41,65000.310000000005,65000.21000000001,65000.11,65000.01,64999.91]",65000.810000000005,"[0.001,0.002,0.003,0.004,0.005,0.006,0.007,0.008,0.009000000000000001,0.01]",0.001,791,mock,InstrumentType.Spot,613165472,mock,BTC-USDT
2199944884,0,0,1783610796169629934,101,depth,"[65001.02,65001.119999999995,65001.22,65001.32,65001.42,65001.52,65001.619999999995,65001.72,65001.82,65001.92]",65001.02,"[0.001,0.002,0.003,0.004,0.005,0.006,0.007,0.008,0.009000000000000001,0.01]",0.001,"[65000.82,65000.72,65000.619999999995,65000.52,65000.42,65000.32,65000.22,65000.119999999995,65000.02,64999.92]",65000.82,"[0.001,0.002,0.003,0.004,0.005,0.006,0.007,0.008,0.009000000000000001,0.01]",0.001,792,mock,InstrumentType.Spot,613165888,mock,BTC-USDT
2199944884,0,0,1783610796169944200,101,depth,"[65001.03,65001.13,65001.23,65001.33,65001.43,65001.53,65001.63,65001.73,65001.83,65001.93]",65001.03,"[0.001,0.002,0.003,0.004,0.005,0.006,0.007,0.008,0.009000000000000001,0.01]",0.001,"[65000.83,65000.73,65000.63,65000.53,65000.43,65000.33,65000.23,65000.13,65000.03,64999.93]",65000.83,"[0.001,0.002,0.003,0.004,0.005,0.006,0.007,0.008,0.009000000000000001,0.01]",0.001,793,mock,InstrumentType.Spot,613166304,mock,BTC-USDT
2199944884,0,0,1783610796170229435,101,depth,"[65001.04,65001.14,65001.240000000005,65001.340000000004,65001.44,65001.54,65001.64,65001.740000000005,65001.840000000004,65001.94]",65001.04,"[0.001,0.002,0.003,0.004,0.005,0.006,0.007,0.008,0.009000000000000001,0.01]",0.001,"[65000.840000000004,65000.740000000005,65000.64,65000.54,65000.44,65000.340000000004,65000.240000000005,65000.14,65000.04,64999.94]",65000.840000000004,"[0.001,0.002,0.003,0.004,0.005,0.006,0.007,0.008,0.009000000000000001,0.01]",0.001,794,mock,InstrumentType.Spot,613166720,mock,BTC-USDT
2199944884,0,0,1783610796170530301,101,depth,"[65001.049999999996,65001.149999999994,65001.25,65001.35,65001.45,65001.549999999996,65001.649999999994,65001.75,65001.85,65001.95]",65001.049999999996,"[0.001,0.002,0.003,0.004,0.005,0.006,0.007,0.008,0.009000000000000001,0.01]",0.001,"[65000.85,65000.75,65000.649999999994,65000.549999999996,65000.45,65000.35,65000.25,65000.149999999994,65000.049999999996,64999.95]",65000.85,"[0.001,0.002,0.003,0.004,0.005,0.006,0.007,0.008,0.009000000000000001,0.01]",0.001,795,mock,InstrumentType.Spot,613167136,mock,BTC-USDT
2199944884,0,0,1783610796170830149,101,depth,"[65001.06,65001.159999999996,65001.26,65001.36,65001.46,65001.56,65001.659999999996,65001.76,65001.86,65001.96]",65001.06,"[0.001,0.002,0.003,0.004,0.005,0.006,0.007,0.008,0.009000000000000001,0.01]",0.001,"[65000.86,65000.76,65000.659999999996,65000.56,65000.46,65000.36,65000.26,65000.159999999996,65000.06,64999.96]",65000.86,"[0.001,0.002,0.003,0.004,0.005,0.006,0.007,0.008,0.009000000000000001,0.01]",0.001,796,mock,InstrumentType.Spot,613167552,mock,BTC-USDT
2199944884,0,0,1783610796171131340,101,depth,"[65001.07,65001.17,65001.270000000004,65001.37,65001.47,65001.57,65001.67,65001.770000000004,65001.87,65001.97]",65001.07,"[0.001,0.002,0.003,0.004,0.005,0.006,0.007,0.008,0.009000000000000001,0.01]",0.001,"[65000.87,65000.770000000004,65000.67,65000.57,65000.47,65000.37,65000.270000000004,65000.17,65000.07,64999.97]",65000.87,"[0.001,0.002,0.003,0.004,0.005,0.006,0.007,0.008,0.009000000000000001,0.01]",0.001,797,mock,InstrumentType.Spot,613167968,mock,BTC-USDT
2199944884,0,0,1783610796171429336,101,depth,"[65001.08,65001.18,65001.280000000006,65001.380000000005,65001.48,65001.58,65001.68,65001.780000000006,65001.880000000005,65001.98]",65001.08,"[0.001,0.002,0.003,0.004,0.005,0.006,0.007,0.008,0.009000000000000001,0.01]",0.001,"[65000.880000000005,65000.780000000006,65000.68,65000.58,65000.48,65000.380000000005,65000.280000000006,65000.18,65000.08,64999.98]",65000.880000000005,"[0.001,0.002,0.003,0.004,0.005,0.006,0.007,0.008,0.009000000000000001,0.01]",0.001,798,mock,InstrumentType.Spot,613168384,mock,BTC-USDT
2199944884,0,0,1783610796171765210,101,depth,"[65001.09,65001.189999999995,65001.29,65001.39,65001.49,65001.59,65001.689999999995,65001.79,65001.89,65001.99]",65001.09,"[0.001,0.002,0.003,0.004,0.005,0.006,0.007,0.008,0.009000000000000001,0.01]",0.001,"[65000.89,65000.79,65000.689999999995,65000.59,65000.49,65000.39,65000.29,65000.189999999995,65000.09,64999.99]",65000.89,"[0.001,0.002,0.003,0.004,0.005,0.006,0.007,0.008,0.009000000000000001,0.01]",0.001,799,mock,InstrumentType.Spot,613168800,mock,BTC-USDT
2199944884,0,0,1783610796172030189,101,depth,"[65000.1,65000.2,65000.3,65000.4,65000.5,65000.6,65000.7,65000.8,65000.9,65001.0]",65000.1,"[0.001,0.002,0.003,0.004,0.005,0.006,0.007,0.008,0.009000000000000001,0.01]",0.001,"[64999.9,64999.8,64999.7,64999.6,64999.5,64999.4,64999.3,64999.2,64999.1,64999.0]",64999.9,"[0.001,0.002,0.003,0.004,0.005,0.006,0.007,0.008,0.009000000000000001,0.01]",0.001,800,mock,InstrumentType.Spot,613169216,mock,BTC-USDT
2199944884,0,0,1783610796172328889,101,depth,"[65000.11,65000.21,65000.310000000005,65000.41,65000.51,65000.61,65000.71,65000.810000000005,65000.91,65001.01]",65000.11,"[0.001,0.002,0.003,0.004,0.005,0.006,0.007,0.008,0.009000000000000001,0.01]",0.001,"[64999.91,64999.810000000005,64999.71,64999.61,64999.51,64999.41,64999.310000000005,64999.21,64999.11,64999.01]",64999.91,"[0.001,0.002,0.003,0.004,0.005,0.006,0.007,0.008,0.009000000000000001,0.01]",0.001,801,mock,InstrumentType.Spot,613169632,mock,BTC-USDT
2199944884,0,0,1783610796172645309,101,depth,"[65000.119999999995,65000.219999999994,65000.32,65000.42,65000.52,65000.619999999995,65000.719999999994,65000.82,65000.92,65001.02]",65000.119999999995,"[0.001,0.002,0.003,0.004,0.005,0.006,0.007,0.008,0.009000000000000001,0.01]",0.001,"[64999.92,64999.82,64999.719999999994,64999.619999999995,64999.52,64999.42,64999.32,64999.219999999994,64999.119999999995,64999.02]",64999.92,"[0.001,0.002,0.003,0.004,0.005,0.006,0.007,0.008,0.009000000000000001,0.01]",0.001,802,mock,InstrumentType.Spot,613170048,mock,BTC-USDT
2199944884,0,0,1783610796172928565,101,depth,"[65000.13,65000.229999999996,65000.33,65000.43,65000.53,65000.63,65000.729999999996,65000.83,65000.93,65001.03]",65000.13,"[0.001,0.002,0.003,0.004,0.005,0.006,0.007,0.008,0.009000000000000001,0.01]",0.001,"[64999.93,64999.83,64999.729999999996,64999.63,64999.53,64999.43,64999.33,64999.229999999996,64999.13,64999.03]",64999.93,"[0.001,0.002,0.003,0.004,0.005,0.006,0.007,0.008,0.009000000000000001,0.01]",0.001,803,mock,InstrumentType.Spot,613170464,mock,BTC-USDT
2199944884,0,0,1783610796173229793,101,depth,"[65000.14,65000.24,65000.340000000004,65000.44,65000.54,65000.64,65000.74,65000.840000000004,65000.94,65001.04]",65000.14,"[0.001,0.002,0.003,0.004,0.005,0.006,0.007,0.008,0.009000000000000001,0.01]",0.001,"[64999.94,64999.840000000004,64999.74,64999.64,64999.54,64999.44,64999.340000000004,64999.24,64999.14,64999.04]",64999.94,"[0.001,0.002,0.003,0.004,0.005,0.006,0.007,0.008,0.009000000000000001,0.01]",0.001,804,mock,InstrumentType.Spot,613170880,mock,BTC-USDT
2199944884,0,0,1783610796173529533,101,depth,"[65000.15,65000.25,65000.350000000006,65000.450000000004,65000.55,65000.65,65000.75,65000.850000000006,65000.950000000004,65001.05]",65000.15,"[0.001,0.002,0.003,0.004,0.005,0.006,0.007,0.008,0.009000000000000001,0.01]",0.001,"[64999.950000000004,64999.850000000006,64999.75,64999.65,64999.55,64999.450000000004,64999.350000000006,64999.25,64999.15,64999.05]",64999.950000000004,"[0.001,0.002,0.003,0.004,0.005,0.006,0.007,0.008,0.009000000000000001,0.01]",0.001,805,mock,InstrumentType.Spot,613171296,mock,BTC-USDT
2199944884,0,0,1783610796173830000,101,depth,"[65000.159999999996,65000.259999999995,65000.36,65000.46,65000.56,65000.659999999996,65000.759999999995,65000.86,65000.96,65001.06]",65000.159999999996,"[0.001,0.002,0.003,0.004,0.005,0.006,0.007,0.008,0.009000000000000001,0.01]",0.001,"[64999.96,64999.86,64999.759999999995,64999.659999999996,64999.56,64999.46,64999.36,64999.259999999995,64999.159999999996,64999.06]",64999.96,"[0.001,0.002,0.003,0.004,0.005,0.006,0.007,0.008,0.009000000000000001,0.01]",0.001,806,mock,InstrumentType.Spot,613171712,mock,BTC-USDT
2199944884,0,0,1783610796174130559,101,depth,"[65000.17,65000.27,65000.37,65000.47,65000.57,65000.67,65000.77,65000.87,65000.97,65001.07]",65000.17,"[0.001,0.002,0.003,0.004,0.005,0.006,0.007,0.008,0.009000000000000001,0.01]",0.001,"[64999.97,64999.87,64999.77,64999.67,64999.57,64999.47,64999.37,64999.27,64999.17,64999.07]",64999.97,"[0.001,0.002,0.003,0.004,0.005,0.006,0.007,0.008,0.009000000000000001,0.01]",0.001,807,mock,InstrumentType.Spot,613172128,mock,BTC-USDT
2199944884,0,0,1783610796174431914,101,depth,"[65000.18,65000.28,65000.380000000005,65000.48,65000.58,65000.68,65000.78,65000.880000000005,65000.98,65001.08]",65000.18,"[0.001,0.002,0.003,0.004,0.005,0.006,0.007,0.008,0.009000000000000001,0.01]",0.001,"[64999.98,64999.880000000005,64999.78,64999.68,64999.58,64999.48,64999.380000000005,64999.28,64999.18,64999.08]",64999.98,"[0.001,0.002,0.003,0.004,0.005,0.006,0.007,0.008,0.009000000000000001,0.01]",0.001,808,mock,InstrumentType.Spot,613172544,mock,BTC-USDT
2199944884,0,0,1783610796174732256,101,depth,"[65000.189999999995,65000.28999999999,65000.39,65000.49,65000.59,65000.689999999995,65000.78999999999,65000.89,65000.99,65001.09]",65000.189999999995,"[0.001,0.002,0.003,0.004,0.005,0.006,0.007,0.008,0.009000000000000001,0.01]",0.001,"[64999.99,64999.89,64999.78999999999,64999.689999999995,64999.59,64999.49,64999.39,64999.28999999999,64999.189999999995,64999.09]",64999.99,"[0.001,0.002,0.003,0.004,0.005,0.006,0.007,0.008,0.009000000000000001,0.01]",0.001,809,mock,InstrumentType.Spot,613172960,mock,BTC-USDT
2199944884,0,0,1783610796175030894,101,depth,"[65000.2,65000.299999999996,65000.4,65000.5,65000.6,65000.7,65000.799999999996,65000.9,65001.0,65001.1]",65000.2,"[0.001,0.002,0.003,0.004,0.005,0.006,0.007,0.008,0.009000000000000001,0.01]",0.001,"[65000.0,64999.9,64999.799999999996,64999.7,64999.6,64999.5,64999.4,64999.299999999996,64999.2,64999.1]",65000.0,"[0.001,0.002,0.003,0.004,0.005,0.006,0.007,0.008,0.009000000000000001,0.01]",0.001,810,mock,InstrumentType.Spot,613173376,mock,BTC-USDT
2199944884,0,0,1783610796175328273,101,depth,"[65000.21,65000.31,65000.41,65000.51,65000.61,65000.71,65000.81,65000.91,65001.01,65001.11]",65000.21,"[0.001,0.002,0.003,0.004,0.005,0.006,0.007,0.008,0.009000000000000001,0.01]",0.001,"[65000.01,64999.91,64999.81,64999.71,64999.61,64999.51,64999.41,64999.31,64999.21,64999.11]",65000.01,"[0.001,0.002,0.003,0.004,0.005,0.006,0.007,0.008,0.009000000000000001,0.01]",0.001,811,mock,InstrumentType.Spot,613173792,mock,BTC-USDT
2199944884,0,0,1783610796175661983,101,depth,"[65000.22,65000.32,65000.420000000006,65000.520000000004,65000.62,65000.72,65000.82,65000.920000000006,65001.020000000004,65001.12]",65000.22,"[0.001,0.002,0.003,0.004,0.005,0.006,0.007,0.008,0.009000000000000001,0.01]",0.001,"[65000.020000000004,64999.920000000006,64999.82,64999.72,64999.62,64999.520000000004,64999.420000000006,64999.32,64999.22,64999.12]",65000.020000000004,"[0.001,0.002,0.003,0.004,0.005,0.006,0.007,0.008,0.009000000000000001,0.01]",0.001,812,mock,InstrumentType.Spot,613174208,mock,BTC-USDT
2199944884,0,0,1783610796175930456,101,depth,"[65000.229999999996,65000.329999999994,65000.43,65000.53,65000.63,65000.729999999996,65000.829999999994,65000.93,65001.03,65001.13]",65000.229999999996,"[0.001,0.002,0.003,0.004,0.005,0.006,0.007,0.008,0.009000000000000001,0.01]",0.001,"[65000.03,64999.93,64999.829999999994,64999.729999999996,64999.63,64999.53,64999.43,64999.329999999994,64999.229999999996,64999.13]",65000.03,"[0.001,0.002,0.003,0.004,0.005,0.006,0.007,0.008,0.009000000000000001,0.01]",0.001,813,mock,InstrumentType.Spot,613174624,mock,BTC-USDT
2199944884,0,0,1783610796176230511,101,depth,"[65000.24,65000.34,65000.44,65000.54,65000.64,65000.74,65000.84,65000.94,65001.04,65001.14]",65000.24,"[0.001,0.002,0.003,0.004,0.005,0.006,0.007,0.008,0.009000000000000001,0.01]",0.001,"[65000.04,64999.94,64999.84,64999.74,64999.64,64999.54,64999.44,64999.34,64999.24,64999.14]",65000.04,"[0.001,0.002,0.003,0.004,0.005,0.006,0.007,0.008,0.009000000000000001,0.01]",0.001,814,mock,InstrumentType.Spot,613175040,mock,BTC-USDT
2199944884,0,0,1783610796176529992,101,depth,"[65000.25,65000.35,65000.450000000004,65000.55,65000.65,65000.75,65000.85,65000.950000000004,65001.05,65001.15]",65000.25,"[0.001,0.002,0.003,0.004,0.005,0.006,0.007,0.008,0.009000000000000001,0.01]",0.001,"[65000.05,64999.950000000004,64999.85,64999.75,64999.65,64999.55,64999.450000000004,64999.35,64999.25,64999.15]",65000.05,"[0.001,0.002,0.003,0.004,0.005,0.006,0.007,0.008,0.009000000000000001,0.01]",0.001,815,mock,InstrumentType.Spot,613175456,mock,BTC-USDT
2199944884,0,0,1783610796176832419,101,depth,"[65000.26,65000.36,65000.46000000001,65000.560000000005,65000.66,65000.76,65000.86,65000.96000000001,65001.060000000005,65001.16]",65000.26,"[0.001,0.002,0.003,0.004,0.005,0.006,0.007,0.008,0.009000000000000001,0.01]",0.001,"[65000.060000000005,64999.96000000001,64999.86,64999.76,64999.66,64999.560000000005,64999.46000000001,64999.36,64999.26,64999.16]",65000.060000000005,"[0.001,0.002,0.003,0.004,0.005,0.006,0.007,0.008,0.009000000000000001,0.01]",0.001,816,mock,InstrumentType.Spot,613175872,mock,BTC-USDT
2199944884,0,0,1783610796177130114,101,depth,"[65000.27,65000.369999999995,65000.47,65000.57,65000.67,65000.77,65000.869999999995,65000.97,65001.07,65001.17]",65000.27,"[0.001,0.002,0.003,0.004,0.005,0.006,0.007,0.008,0.009000000000000001,0.01]",0.001,"[65000.07,64999.97,64999.869999999995,64999.77,64999.67,64999.57,64999.47,64999.369999999995,64999.27,64999.17]",65000.07,"[0.001,0.002,0.003,0.004,0.005,0.006,0.007,0.008,0.009000000000000001,0.01]",0.001,817,mock,InstrumentType.Spot,613176288,mock,BTC-USDT
2199944884,0,0,1783610796177431080,101,depth,"[65000.28,65000.38,65000.48,65000.58,65000.68,65000.78,65000.88,65000.98,65001.08,65001.18]",65000.28,"[0.001,0.002,0.003,0.004,0.005,0.006,0.007,0.008,0.009000000000000001,0.01]",0.001,"[65000.08,64999.98,64999.88,64999.78,64999.68,64999.58,64999.48,64999.38,64999.28,64999.18]",65000.08,"[0.001,0.002,0.003,0.004,0.005,0.006,0.007,0.008,0.009000000000000001,0.01]",0.001,818,mock,InstrumentType.Spot,613176704,mock,BTC-USDT
2199944884,0,0,1783610796177729479,101,depth,"[65000.29,65000.39,65000.490000000005,65000.590000000004,65000.69,65000.79,65000.89,65000.990000000005,65001.090000000004,65001.19]",65000.29,"[0.001,0.002,0.003,0.004,0.005,0.006,0.007,0.008,0.009000000000000001,0.01]",0.001,"[65000.090000000004,64999.990000000005,64999.89,64999.79,64999.69,64999.590000000004,64999.490000000005,64999.39,64999.29,64999.19]",65000.090000000004,"[0.001,0.002,0.003,0.004,0.005,0.006,0.007,0.008,0.009000000000000001,0.01]",0.001,819,mock,InstrumentType.Spot,613177120,mock,BTC-USDT
2199944884,0,0,1783610796178030304,101,depth,"[65000.299999999996,65000.399999999994,65000.5,65000.6,65000.7,65000.799999999996,65000.899999999994,65001.0,65001.1,65001.2]",65000.299999999996,"[0.001,0.002,0.003,0.004,0.005,0.006,0.007,0.008,0.009000000000000001,0.01]",0.001,"[65000.1,65000.0,64999.899999999994,64999.799999999996,64999.7,64999.6,64999.5,64999.399999999994,64999.299999999996,64999.2]",65000.1,"[0.001,0.002,0.003,0.004,0.005,0.006,0.007,0.008,0.009000000000000001,0.01]",0.001,820,mock,InstrumentType.Spot,613177536,mock,BTC-USDT
2199944884,0,0,1783610796178346548,101,depth,"[65000.31,65000.409999999996,65000.51,65000.61,65000.71,65000.81,65000.909999999996,65001.01,65001.11,65001.21]",65000.31,"[0.001,0.002,0.003,0.004,0.005,0.006,0.007,0.008,0.009000000000000001,0.01]",0.001,"[65000.11,65000.01,64999.909999999996,64999.81,64999.71,64999.61,64999.51,64999.409999999996,64999.31,64999.21]",65000.11,"[0.001,0.002,0.003,0.004,0.005,0.006,0.007,0.008,0.009000000000000001,0.01]",0.001,821,mock,InstrumentType.Spot,613177952,mock,BTC-USDT
2199944884,0,0,1783610796178631582,101,depth,"[65000.32,65000.42,65000.520000000004,65000.62,65000.72,65000.82,65000.92,65001.020000000004,65001.12,65001.22]",65000.32,"[0.001,0.002,0.003,0.004,0.005,0.006,0.007,0.008,0.009000000000000001,0.01]",0.001,"[65000.12,65000.020000000004,64999.92,64999.82,64999.72,64999.62,64999.520000000004,64999.42,64999.32,64999.22]",65000.12,"[0.001,0.002,0.003,0.004,0.005,0.006,0.007,0.008,0.009000000000000001,0.01]",0.001,822,mock,InstrumentType.Spot,613178368,mock,BTC-USDT
2199944884,0,0,1783610796178931419,101,depth,"[65000.33,65000.43,65000.530000000006,65000.630000000005,65000.73,65000.83,65000.93,65001.030000000006,65001.130000000005,65001.23]",65000.33,"[0.001,0.002,0.003,0.004,0.005,0.006,0.007,0.008,0.009000000000000001,0.01]",0.001,"[65000.130000000005,65000.030000000006,64999.93,64999.83,64999.73,64999.630000000005,64999.530000000006,64999.43,64999.33,64999.23]",65000.130000000005,"[0.001,0.002,0.003,0.004,0.005,0.006,0.007,0.008,0.009000000000000001,0.01]",0.001,823,mock,InstrumentType.Spot,613178784,mock,BTC-USDT
2199944884,0,0,1783610796179231019,101,depth,"[65000.34,65000.439999999995,65000.54,65000.64,65000.74,65000.84,65000.939999999995,65001.04,65001.14,65001.24]",65000.34,"[0.001,0.002,0.003,0.004,0.005,0.006,0.007,0.008,0.009000000000000001,0.01]",0.001,"[65000.14,65000.04,64999.939999999995,64999.84,64999.74,64999.64,64999.54,64999.439999999995,64999.34,64999.24]",65000.14,"[0.001,0.002,0.003,0.004,0.005,0.006,0.007,0.008,0.009000000000000001,0.01]",0.001,824,mock,InstrumentType.Spot,613179200,mock,BTC-USDT
2199944884,0,0,1783610796179531088,101,depth,"[65000.35,65000.45,65000.55,65000.65,65000.75,65000.85,65000.95,65001.05,65001.15,65001.25]",65000.35,"[0.001,0.002,0.003,0.004,0.005,0.006,0.007,0.008,0.009000000000000001,0.01]",0.001,"[65000.15,65000.05,64999.95,64999.85,64999.75,64999.65,64999.55,64999.45,64999.35,64999.25]",65000.15,"[0.001,0.002,0.003,0.004,0.005,0.006,0.007,0.008,0.009000000000000001,0.01]",0.001,825,mock,InstrumentType.Spot,613179616,mock,BTC-USDT
2199944884,0,0,1783610796179831025,101,depth,"[65000.36,65000.46,65000.560000000005,65000.66,65000.76,65000.86,65000.96,65001.060000000005,65001.16,65001.26]",65000.36,"[0.001,0.002,0.003,0.004,0.005,0.006,0.007,0.008,0.009000000000000001,0.01]",0.001,"[65000.16,65000.060000000005,64999.96,64999.86,64999.76,64999.66,64999.560000000005,64999.46,64999.36,64999.26]",65000.16,"[0.001,0.002,0.003,0.004,0.005,0.006,0.007,0.008,0.009000000000000001,0.01]",0.001,826,mock,InstrumentType.Spot,613180032,mock,BTC-USDT
2199944884,0,0,1783610796180130516,101,depth,"[65000.369999999995,65000.469999999994,65000.57,65000.67,65000.77,65000.869999999995,65000.969999999994,65001.07,65001.17,65001.27]",65000.369999999995,"[0.001,0.002,0.003,0.004,0.005,0.006,0.007,0.008,0.009000000000000001,0.01]",0.001,"[65000.17,65000.07,64999.969999999994,64999.869999999995,64999.77,64999.67,64999.57,64999.469999999994,64999.369999999995,64999.27]",65000.17,"[0.001,0.002,0.003,0.004,0.005,0.006,0.007,0.008,0.009000000000000001,0.01]",0.001,827,mock,InstrumentType.Spot,613180448,mock,BTC-USDT
2199944884,0,0,1783610796180429584,101,depth,"[65000.38,65000.479999999996,65000.58,65000.68,65000.78,65000.88,65000.979999999996,65001.08,65001.18,65001.28]",65000.38,"[0.001,0.002,0.003,0.004,0.005,0.006,0.007,0.008,0.009000000000000001,0.01]",0.001,"[65000.18,65000.08,64999.979999999996,64999.88,64999.78,64999.68,64999.58,64999.479999999996,64999.38,64999.28]",65000.18,"[0.001,0.002,0.003,0.004,0.005,0.006,0.007,0.008,0.009000000000000001,0.01]",0.001,828,mock,InstrumentType.Spot,613180864,mock,BTC-USDT
2199944884,0,0,1783610796180730537,101,depth,"[65000.39,65000.49,65000.590000000004,65000.69,65000.79,65000.89,65000.99,65001.090000000004,65001.19,65001.29]",65000.39,"[0.001,0.002,0.003,0.004,0.005,0.006,0.007,0.008,0.009000000000000001,0.01]",0.001,"[65000.19,65000.090000000004,64999.99,64999.89,64999.79,64999.69,64999.590000000004,64999.49,64999.39,64999.29]",65000.19,"[0.001,0.002,0.003,0.004,0.005,0.006,0.007,0.008,0.009000000000000001,0.01]",0.001,829,mock,InstrumentType.Spot,613181280,mock,BTC-USDT
2199944884,0,0,1783610796181029913,101,depth,"[65000.4,65000.5,65000.600000000006,65000.700000000004,65000.8,65000.9,65001.0,65001.100000000006,65001.200000000004,65001.3]",65000.4,"[0.001,0.002,0.003,0.004,0.005,0.006,0.007,0.008,0.009000000000000001,0.01]",0.001,"[65000.200000000004,65000.100000000006,65000.0,64999.9,64999.8,64999.700000000004,64999.600000000006,64999.5,64999.4,64999.3]",65000.200000000004,"[0.001,0.002,0.003,0.004,0.005,0.006,0.007,0.008,0.009000000000000001,0.01]",0.001,830,mock,InstrumentType.Spot,613181696,mock,BTC-USDT
2199944884,0,0,1783610796181360120,101,depth,"[65000.409999999996,65000.509999999995,65000.61,65000.71,65000.81,65000.909999999996,65001.009999999995,65001.11,65001.21,65001.31]",65000.409999999996,"[0.001,0.002,0.003,0.004,0.005,0.006,0.007,0.008,0.009000000000000001,0.01]",0.001,"[65000.21,65000.11,65000.009999999995,64999.909999999996,64999.81,64999.71,64999.61,64999.509999999995,64999.409999999996,64999.31]",65000.21,"[0.001,0.002,0.003,0.004,0.005,0.006,0.007,0.008,0.009000000000000001,0.01]",0.001,831,mock,InstrumentType.Spot,613182112,mock,BTC-USDT
2199944884,0,0,1783610796181630455,101,depth,"[65000.42,65000.52,65000.62,65000.72,65000.82,65000.92,65001.02,65001.12,65001.22,65001.32]",65000.42,"[0.001,0.002,0.003,0.004,0.005,0.006,0.007,0.008,0.009000000000000001,0.01]",0.001,"[65000.22,65000.12,65000.02,64999.92,64999.82,64999.72,64999.62,64999.52,64999.42,64999.32]",65000.22,"[0.001,0.002,0.003,0.004,0.005,0.006,0.007,0.008,0.009000000000000001,0.01]",0.001,832,mock,InstrumentType.Spot,613182528,mock,BTC-USDT
2199944884,0,0,1783610796181930144,101,depth,"[65000.43,65000.53,65000.630000000005,65000.73,65000.83,65000.93,65001.03,65001.130000000005,65001.23,65001.33]",65000.43,"[0.001,0.002,0.003,0.004,0.005,0.006,0.007,0.008,0.009000000000000001,0.01]",0.001,"[65000.23,65000.130000000005,65000.03,64999.93,64999.83,64999.73,64999.630000000005,64999.53,64999.43,64999.33]",65000.23,"[0.001,0.002,0.003,0.004,0.005,0.006,0.007,0.008,0.009000000000000001,0.01]",0.001,833,mock,InstrumentType.Spot,613182944,mock,BTC-USDT
2199944884,0,0,1783610796182230473,101,depth,"[65000.439999999995,65000.53999999999,65000.64,65000.74,65000.84,65000.939999999995,65001.03999999999,65001.14,65001.24,65001.34]",65000.439999999995,"[0.001,0.002,0.003,0.004,0.005,0.006,0.007,0.008,0.009000000000000001,0.01]",0.001,"[65000.24,65000.14,65000.03999999999,64999.939999999995,64999.84,64999.74,64999.64,64999.53999999999,64999.439999999995,64999.34]",65000.24,"[0.001,0.002,0.003,0.004,0.005,0.006,0.007,0.008,0.009000000000000001,0.01]",0.001,834,mock,InstrumentType.Spot,613183360,mock,BTC-USDT
2199944884,0,0,1783610796182530533,101,depth,"[65000.45,65000.549999999996,65000.65,65000.75,65000.85,65000.95,65001.049999999996,65001.15,65001.25,65001.35]",65000.45,"[0.001,0.002,0.003,0.004,0.005,0.006,0.007,0.008,0.009000000000000001,0.01]",0.001,"[65000.25,65000.15,65000.049999999996,64999.95,64999.85,64999.75,64999.65,64999.549999999996,64999.45,64999.35]",65000.25,"[0.001,0.002,0.003,0.004,0.005,0.006,0.007,0.008,0.009000000000000001,0.01]",0.001,835,mock,InstrumentType.Spot,613183776,mock,BTC-USDT
2199944884,0,0,1783610796182830313,101,depth,"[65000.46,65000.56,65000.66,65000.76,65000.86,65000.96,65001.06,65001.16,65001.26,65001.36]",65000.46,"[0.001,0.002,0.003,0.004,0.005,0.006,0.007,0.008,0.009000000000000001,0.01]",0.001,"[65000.26,65000.16,65000.06,64999.96,64999.86,64999.76,64999.66,64999.56,64999.46,64999.36]",65000.26,"[0.001,0.002,0.003,0.004,0.005,0.006,0.007,0.008,0.009000000000000001,0.01]",0.001,836,mock,InstrumentType.Spot,613184192,mock,BTC-USDT
2199944884,0,0,1783610796183130165,101,depth,"[65000.47,65000.57,65000.670000000006,65000.770000000004,65000.87,65000.97,65001.07,65001.170000000006,65001.270000000004,65001.37]",65000.47,"[0.001,0.002,0.003,0.004,0.005,0.006,0.007,0.008,0.009000000000000001,0.01]",0.001,"[65000.270000000004,65000.170000000006,65000.07,64999.97,64999.87,64999.770000000004,64999.670000000006,64999.57,64999.47,64999.37]",65000.270000000004,"[0.001,0.002,0.003,0.004,0.005,0.006,0.007,0.008,0.009000000000000001,0.01]",0.001,837,mock,InstrumentType.Spot,613184608,mock,BTC-USDT
2199944884,0,0,1783610796183428390,101,depth,"[65000.479999999996,65000.579999999994,65000.68,65000.78,65000.88,65000.979999999996,65001.079999999994,65001.18,65001.28,65001.38]",65000.479999999996,"[0.001,0.002,0.003,0.004,0.005,0.006,0.007,0.008,0.009000000000000001,0.01]",0.001,"[65000.28,65000.18,65000.079999999994,64999.979999999996,64999.88,64999.78,64999.68,64999.579999999994,64999.479999999996,64999.38]",65000.28,"[0.001,0.002,0.003,0.004,0.005,0.006,0.007,0.008,0.009000000000000001,0.01]",0.001,838,mock,InstrumentType.Spot,613185024,mock,BTC-USDT
2199944884,0,0,1783610796183729960,101,depth,"[65000.49,65000.59,65000.69,65000.79,65000.89,65000.99,65001.09,65001.19,65001.29,65001.39]",65000.49,"[0.001,0.002,0.003,0.004,0.005,0.006,0.007,0.008,0.009000000000000001,0.01]",0.001,"[65000.29,65000.19,65000.09,64999.99,64999.89,64999.79,64999.69,64999.59,64999.49,64999.39]",65000.29,"[0.001,0.002,0.003,0.004,0.005,0.006,0.007,0.008,0.009000000000000001,0.01]",0.001,839,mock,InstrumentType.Spot,613185440,mock,BTC-USDT
2199944884,0,0,1783610796184036973,101,depth,"[65000.5,65000.6,65000.700000000004,65000.8,65000.9,65001.0,65001.1,65001.200000000004,65001.3,65001.4]",65000.5,"[0.001,0.002,0.003,0.004,0.005,0.006,0.007,0.008,0.009000000000000001,0.01]",0.001,"[65000.3,65000.200000000004,65000.1,65000.0,64999.9,64999.8,64999.700000000004,64999.6,64999.5,64999.4]",65000.3,"[0.001,0.002,0.003,0.004,0.005,0.006,0.007,0.008,0.009000000000000001,0.01]",0.001,840,mock,InstrumentType.Spot,613185856,mock,BTC-USDT
2199944884,0,0,1783610796184330305,101,depth,"[65000.51,65000.61,65000.71000000001,65000.810000000005,65000.91,65001.01,65001.11,65001.21000000001,65001.310000000005,65001.41]",65000.51,"[0.001,0.002,0.003,0.004,0.005,0.006,0.007,0.008,0.009000000000000001,0.01]",0.001,"[65000.310000000005,65000.21000000001,65000.11,65000.01,64999.91,64999.810000000005,64999.71000000001,64999.61,64999.51,64999.41]",65000.310000000005,"[0.001,0.002,0.003,0.004,0.005,0.006,0.007,0.008,0.009000000000000001,0.01]",0.001,841,mock,InstrumentType.Spot,613186272,mock,BTC-USDT
2199944884,0,0,1783610796184629016,101,depth,"[65000.52,65000.619999999995,65000.72,65000.82,65000.92,65001.02,65001.119999999995,65001.22,65001.32,65001.42]",65000.52,"[0.001,0.002,0.003,0.004,0.005,0.006,0.007,0.008,0.009000000000000001,0.01]",0.001,"[65000.32,65000.22,65000.119999999995,65000.02,64999.92,64999.82,64999.72,64999.619999999995,64999.52,64999.42]",65000.32,"[0.001,0.002,0.003,0.004,0.005,0.006,0.007,0.008,0.009000000000000001,0.01]",0.001,842,mock,InstrumentType.Spot,613186688,mock,BTC-USDT
2199944884,0,0,1783610796184928794,101,depth,"[65000.53,65000.63,65000.73,65000.83,65000.93,65001.03,65001.13,65001.23,65001.33,65001.43]",65000.53,"[0.001,0.002,0.003,0.004,0.005,0.006,0.007,0.008,0.009000000000000001,0.01]",0.001,"[65000.33,65000.23,65000.13,65000.03,64999.93,64999.83,64999.73,64999.63,64999.53,64999.43]",65000.33,"[0.001,0.002,0.003,0.004,0.005,0.006,0.007,0.008,0.009000000000000001,0.01]",0.001,843,mock,InstrumentType.Spot,613187104,mock,BTC-USDT
2199944884,0,0,1783610796185230420,101,depth,"[65000.54,65000.64,65000.740000000005,65000.840000000004,65000.94,65001.04,65001.14,65001.240000000005,65001.340000000004,65001.44]",65000.54,"[0.001,0.002,0.003,0.004,0.005,0.006,0.007,0.008,0.009000000000000001,0.01]",0.001,"[65000.340000000004,65000.240000000005,65000.14,65000.04,64999.94,64999.840000000004,64999.740000000005,64999.64,64999.54,64999.44]",65000.340000000004,"[0.001,0.002,0.003,0.004,0.005,0.006,0.007,0.008,0.009000000000000001,0.01]",0.001,844,mock,InstrumentType.Spot,613187520,mock,BTC-USDT
2199944884,0,0,1783610796185528570,101,depth,"[65000.549999999996,65000.649999999994,65000.75,65000.85,65000.95,65001.049999999996,65001.149999999994,65001.25,65001.35,65001.45]",65000.549999999996,"[0.001,0.002,0.003,0.004,0.005,0.006,0.007,0.008,0.009000000000000001,0.01]",0.001,"[65000.35,65000.25,65000.149999999994,65000.049999999996,64999.95,64999.85,64999.75,64999.649999999994,64999.549999999996,64999.45]",65000.35,"[0.001,0.002,0.003,0.004,0.005,0.006,0.007,0.008,0.009000000000000001,0.01]",0.001,845,mock,InstrumentType.Spot,613187936,mock,BTC-USDT
2199944884,0,0,1783610796185829885,101,depth,"[65000.56,65000.659999999996,65000.76,65000.86,65000.96,65001.06,65001.159999999996,65001.26,65001.36,65001.46]",65000.56,"[0.001,0.002,0.003,0.004,0.005,0.006,0.007,0.008,0.009000000000000001,0.01]",0.001,"[65000.36,65000.26,65000.159999999996,65000.06,64999.96,64999.86,64999.76,64999.659999999996,64999.56,64999.46]",65000.36,"[0.001,0.002,0.003,0.004,0.005,0.006,0.007,0.008,0.009000000000000001,0.01]",0.001,846,mock,InstrumentType.Spot,613188352,mock,BTC-USDT
2199944884,0,0,1783610796186129400,101,depth,"[65000.57,65000.67,65000.770000000004,65000.87,65000.97,65001.07,65001.17,65001.270000000004,65001.37,65001.47]",65000.57,"[0.001,0.002,0.003,0.004,0.005,0.006,0.007,0.008,0.009000000000000001,0.01]",0.001,"[65000.37,65000.270000000004,65000.17,65000.07,64999.97,64999.87,64999.770000000004,64999.67,64999.57,64999.47]",65000.37,"[0.001,0.002,0.003,0.004,0.005,0.006,0.007,0.008,0.009000000000000001,0.01]",0.001,847,mock,InstrumentType.Spot,613188768,mock,BTC-USDT
2199944884,0,0,1783610796186430459,101,depth,"[65000.58,65000.68,65000.780000000006,65000.880000000005,65000.98,65001.08,65001.18,65001.280000000006,65001.380000000005,65001.48]",65000.58,"[0.001,0.002,0.003,0.004,0.005,0.006,0.007,0.008,0.009000000000000001,0.01]",0.001,"[65000.380000000005,65000.280000000006,65000.18,65000.08,64999.98,64999.880000000005,64999.780000000006,64999.68,64999.58,64999.48]",65000.380000000005,"[0.001,0.002,0.003,0.004,0.005,0.006,0.007,0.008,0.009000000000000001,0.01]",0.001,848,mock,InstrumentType.Spot,613189184,mock,BTC-USDT
2199944884,0,0,1783610796186729603,101,depth,"[65000.59,65000.689999999995,65000.79,65000.89,65000.99,65001.09,65001.189999999995,65001.29,65001.39,65001.49]",65000.59,"[0.001,0.002,0.003,0.004,0.005,0.006,0.007,0.008,0.009000000000000001,0.01]",0.001,"[65000.39,65000.29,65000.189999999995,65000.09,64999.99,64999.89,64999.79,64999.689999999995,64999.59,64999.49]",65000.39,"[0.001,0.002,0.003,0.004,0.005,0.006,0.007,0.008,0.009000000000000001,0.01]",0.001,849,mock,InstrumentType.Spot,613189600,mock,BTC-USDT
2199944884,0,0,1783610796187037224,101,depth,"[65000.6,65000.7,65000.8,65000.9,65001.0,65001.1,65001.2,65001.3,65001.4,65001.5]",65000.6,"[0.001,0.002,0.003,0.004,0.005,0.006,0.007,0.008,0.009000000000000001,0.01]",0.001,"[65000.4,65000.3,65000.2,65000.1,65000.0,64999.9,64999.8,64999.7,64999.6,64999.5]",65000.4,"[0.001,0.002,0.003,0.004,0.005,0.006,0.007,0.008,0.009000000000000001,0.01]",0.001,850,mock,InstrumentType.Spot,613190016,mock,BTC-USDT
2199944884,0,0,1783610796187328968,101,depth,"[65000.61,65000.71,65000.810000000005,65000.91,65001.01,65001.11,65001.21,65001.310000000005,65001.41,65001.51]",65000.61,"[0.001,0.002,0.003,0.004,0.005,0.006,0.007,0.008,0.009000000000000001,0.01]",0.001,"[65000.41,65000.310000000005,65000.21,65000.11,65000.01,64999.91,64999.810000000005,64999.71,64999.61,64999.51]",65000.41,"[0.001,0.002,0.003,0.004,0.005,0.006,0.007,0.008,0.009000000000000001,0.01]",0.001,851,mock,InstrumentType.Spot,613190432,mock,BTC-USDT
2199944884,0,0,1783610796187628759,101,depth,"[65000.619999999995,65000.719999999994,65000.82,65000.92,65001.02,65001.119999999995,65001.219999999994,65001.32,65001.42,65001.52]",65000.619999999995,"[0.001,0.002,0.003,0.004,0.005,0.006,0.007,0.008,0.009000000000000001,0.01]",0.001,"[65000.42,65000.32,65000.219999999994,65000.119999999995,65000.02,64999.92,64999.82,64999.719999999994,64999.619999999995,64999.52]",65000.42,"[0.001,0.002,0.003,0.004,0.005,0.006,0.007,0.008,0.009000000000000001,0.01]",0.001,852,mock,InstrumentType.Spot,613190848,mock,BTC-USDT
2199944884,0,0,1783610796187928693,101,depth,"[65000.63,65000.729999999996,65000.83,65000.93,65001.03,65001.13,65001.229999999996,65001.33,65001.43,65001.53]",65000.63,"[0.001,0.002,0.003,0.004,0.005,0.006,0.007,0.008,0.009000000000000001,0.01]",0.001,"[65000.43,65000.33,65000.229999999996,65000.13,65000.03,64999.93,64999.83,64999.729999999996,64999.63,64999.53]",65000.43,"[0.001,0.002,0.003,0.004,0.005,0.006,0.007,0.008,0.009000000000000001,0.01]",0.001,853,mock,InstrumentType.Spot,613191264,mock,BTC-USDT
2199944884,0,0,1783610796188228877,101,depth,"[65000.64,65000.74,65000.840000000004,65000.94,65001.04,65001.14,65001.24,65001.340000000004,65001.44,65001.54]",65000.64,"[0.001,0.002,0.003,0.004,0.005,0.006,0.007,0.008,0.009000000000000001,0.01]",0.001,"[65000.44,65000.340000000004,65000.24,65000.14,65000.04,64999.94,64999.840000000004,64999.74,64999.64,64999.54]",65000.44,"[0.001,0.002,0.003,0.004,0.005,0.006,0.007,0.008,0.009000000000000001,0.01]",0.001,854,mock,InstrumentType.Spot,613191680,mock,BTC-USDT
2199944884,0,0,1783610796188529204,101,depth,"[65000.65,65000.75,65000.850000000006,65000.950000000004,65001.05,65001.15,65001.25,65001.350000000006,65001.450000000004,65001.55]",65000.65,"[0.001,0.002,0.003,0.004,0.005,0.006,0.007,0.008,0.009000000000000001,0.01]",0.001,"[65000.450000000004,65000.350000000006,65000.25,65000.15,65000.05,64999.950000000004,64999.850000000006,64999.75,64999.65,64999.55]",65000.450000000004,"[0.001,0.002,0.003,0.004,0.005,0.006,0.007,0.008,0.009000000000000001,0.01]",0.001,855,mock,InstrumentType.Spot,613192096,mock,BTC-USDT
2199944884,0,0,1783610796188829940,101,depth,"[65000.659999999996,65000.759999999995,65000.86,65000.96,65001.06,65001.159999999996,65001.259999999995,65001.36,65001.46,65001.56]",65000.659999999996,"[0.001,0.002,0.003,0.004,0.005,0.006,0.007,0.008,0.009000000000000001,0.01]",0.001,"[65000.46,65000.36,65000.259999999995,65000.159999999996,65000.06,64999.96,64999.86,64999.759999999995,64999.659999999996,64999.56]",65000.46,"[0.001,0.002,0.003,0.004,0.005,0.006,0.007,0.008,0.009000000000000001,0.01]",0.001,856,mock,InstrumentType.Spot,613192512,mock,BTC-USDT
2199944884,0,0,1783610796189130899,101,depth,"[65000.67,65000.77,65000.87,65000.97,65001.07,65001.17,65001.27,65001.37,65001.47,65001.57]",65000.67,"[0.001,0.002,0.003,0.004,0.005,0.006,0.007,0.008,0.009000000000000001,0.01]",0.001,"[65000.47,65000.37,65000.27,65000.17,65000.07,64999.97,64999.87,64999.77,64999.67,64999.57]",65000.47,"[0.001,0.002,0.003,0.004,0.005,0.006,0.007,0.008,0.009000000000000001,0.01]",0.001,857,mock,InstrumentType.Spot,613192928,mock,BTC-USDT
2199944884,0,0,1783610796189429238,101,depth,"[65000.68,65000.78,65000.880000000005,65000.98,65001.08,65001.18,65001.28,65001.380000000005,65001.48,65001.58]",65000.68,"[0.001,0.002,0.003,0.004,0.005,0.006,0.007,0.008,0.009000000000000001,0.01]",0.001,"[65000.48,65000.380000000005,65000.28,65000.18,65000.08,64999.98,64999.880000000005,64999.78,64999.68,64999.58]",65000.48,"[0.001,0.002,0.003,0.004,0.005,0.006,0.007,0.008,0.009000000000000001,0.01]",0.001,858,mock,InstrumentType.Spot,613193344,mock,BTC-USDT
2199944884,0,0,1783610796189728903,101,depth,"[65000.689999999995,65000.78999999999,65000.89,65000.99,65001.09,65001.189999999995,65001.28999999999,65001.39,65001.49,65001.59]",65000.689999999995,"[0.001,0.002,0.003,0.004,0.005,0.006,0.007,0.008,0.009000000000000001,0.01]",0.001,"[65000.49,65000.39,65000.28999999999,65000.189999999995,65000.09,64999.99,64999.89,64999.78999999999,64999.689999999995,64999.59]",65000.49,"[0.001,0.002,0.003,0.004,0.005,0.006,0.007,0.008,0.009000000000000001,0.01]",0.001,859,mock,InstrumentType.Spot,613193760,mock,BTC-USDT
2199944884,0,0,1783610796190040225,101,depth,"[65000.7,65000.799999999996,65000.9,65001.0,65001.1,65001.2,65001.299999999996,65001.4,65001.5,65001.6]",65000.7,"[0.001,0.002,0.003,0.004,0.005,0.006,0.007,0.008,0.009000000000000001,0.01]",0.001,"[65000.5,65000.4,65000.299999999996,65000.2,65000.1,65000.0,64999.9,64999.799999999996,64999.7,64999.6]",65000.5,"[0.001,0.002,0.003,0.004,0.005,0.006,0.007,0.008,0.009000000000000001,0.01]",0.001,860,mock,InstrumentType.Spot,613194176,mock,BTC-USDT
2199944884,0,0,1783610796190330333,101,depth,"[65000.71,65000.81,65000.91,65001.01,65001.11,65001.21,65001.31,65001.41,65001.51,65001.61]",65000.71,"[0.001,0.002,0.003,0.004,0.005,0.006,0.007,0.008,0.009000000000000001,0.01]",0.001,"[65000.51,65000.41,65000.31,65000.21,65000.11,65000.01,64999.91,64999.81,64999.71,64999.61]",65000.51,"[0.001,0.002,0.003,0.004,0.005,0.006,0.007,0.008,0.009000000000000001,0.01]",0.001,861,mock,InstrumentType.Spot,613194592,mock,BTC-USDT
2199944884,0,0,1783610796190630327,101,depth,"[65000.72,65000.82,65000.920000000006,65001.020000000004,65001.12,65001.22,65001.32,65001.420000000006,65001.520000000004,65001.62]",65000.72,"[0.001,0.002,0.003,0.004,0.005,0.006,0.007,0.008,0.009000000000000001,0.01]",0.001,"[65000.520000000004,65000.420000000006,65000.32,65000.22,65000.12,65000.020000000004,64999.920000000006,64999.82,64999.72,64999.62]",65000.520000000004,"[0.001,0.002,0.003,0.004,0.005,0.006,0.007,0.008,0.009000000000000001,0.01]",0.001,862,mock,InstrumentType.Spot,613151088,mock,BTC-USDT
2199944884,0,0,1783610796190928901,101,depth,"[65000.729999999996,65000.829999999994,65000.93,65001.03,65001.13,65001.229999999996,65001.329999999994,65001.43,65001.53,65001.63]",65000.729999999996,"[0.001,0.002,0.003,0.004,0.005,0.006,0.007,0.008,0.009000000000000001,0.01]",0.001,"[65000.53,65000.43,65000.329999999994,65000.229999999996,65000.13,65000.03,64999.93,64999.829999999994,64999.729999999996,64999.63]",65000.53,"[0.001,0.002,0.003,0.004,0.005,0.006,0.007,0.008,0.009000000000000001,0.01]",0.001,863,mock,InstrumentType.Spot,613151648,mock,BTC-USDT
2199944884,0,0,1783610796191229013,101,depth,"[65000.74,65000.84,65000.94,65001.04,65001.14,65001.24,65001.34,65001.44,65001.54,65001.64]",65000.74,"[0.001,0.002,0.003,0.004,0.005,0.006,0.007,0.008,0.009000000000000001,0.01]",0.001,"[65000.54,65000.44,65000.34,65000.24,65000.14,65000.04,64999.94,64999.84,64999.74,64999.64]",65000.54,"[0.001,0.002,0.003,0.004,0.005,0.006,0.007,0.008,0.009000000000000001,0.01]",0.001,864,mock,InstrumentType.Spot,613152208,mock,BTC-USDT
2199944884,0,0,1783610796191528885,101,depth,"[65000.75,65000.85,65000.950000000004,65001.05,65001.15,65001.25,65001.35,65001.450000000004,65001.55,65001.65]",65000.75,"[0.001,0.002,0.003,0.004,0.005,0.006,0.007,0.008,0.009000000000000001,0.01]",0.001,"[65000.55,65000.450000000004,65000.35,65000.25,65000.15,65000.05,64999.950000000004,64999.85,64999.75,64999.65]",65000.55,"[0.001,0.002,0.003,0.004,0.005,0.006,0.007,0.008,0.009000000000000001,0.01]",0.001,865,mock,InstrumentType.Spot,613152768,mock,BTC-USDT
2199944884,0,0,1783610796191828681,101,depth,"[65000.76,65000.86,65000.96000000001,65001.060000000005,65001.16,65001.26,65001.36,65001.46000000001,65001.560000000005,65001.66]",65000.76,"[0.001,0.002,0.003,0.004,0.005,0.006,0.007,0.008,0.009000000000000001,0.01]",0.001,"[65000.560000000005,65000.46000000001,65000.36,65000.26,65000.16,65000.060000000005,64999.96000000001,64999.86,64999.76,64999.66]",65000.560000000005,"[0.001,0.002,0.003,0.004,0.005,0.006,0.007,0.008,0.009000000000000001,0.01]",0.001,866,mock,InstrumentType.Spot,613153328,mock,BTC-USDT
2199944884,0,0,1783610796192128817,101,depth,"[65000.77,65000.869999999995,65000.97,65001.07,65001.17,65001.27,65001.369999999995,65001.47,65001.57,65001.67]",65000.77,"[0.001,0.002,0.003,0.004,0.005,0.006,0.007,0.008,0.009000000000000001,0.01]",0.001,"[65000.57,65000.47,65000.369999999995,65000.27,65000.17,65000.07,64999.97,64999.869999999995,64999.77,64999.67]",65000.57,"[0.001,0.002,0.003,0.004,0.005,0.006,0.007,0.008,0.009000000000000001,0.01]",0.001,867,mock,InstrumentType.Spot,613153888,mock,BTC-USDT
2199944884,0,0,1783610796192428101,101,depth,"[65000.78,65000.88,65000.98,65001.08,65001.18,65001.28,65001.38,65001.48,65001.58,65001.68]",65000.78,"[0.001,0.002,0.003,0.004,0.005,0.006,0.007,0.008,0.009000000000000001,0.01]",0.001,"[65000.58,65000.48,65000.38,65000.28,65000.18,65000.08,64999.98,64999.88,64999.78,64999.68]",65000.58,"[0.001,0.002,0.003,0.004,0.005,0.006,0.007,0.008,0.009000000000000001,0.01]",0.001,868,mock,InstrumentType.Spot,613154448,mock,BTC-USDT
2199944884,0,0,1783610796192754575,101,depth,"[65000.79,65000.89,65000.990000000005,65001.090000000004,65001.19,65001.29,65001.39,65001.490000000005,65001.590000000004,65001.69]",65000.79,"[0.001,0.002,0.003,0.004,0.005,0.006,0.007,0.008,0.009000000000000001,0.01]",0.001,"[65000.590000000004,65000.490000000005,65000.39,65000.29,65000.19,65000.090000000004,64999.990000000005,64999.89,64999.79,64999.69]",65000.590000000004,"[0.001,0.002,0.003,0.004,0.005,0.006,0.007,0.008,0.009000000000000001,0.01]",0.001,869,mock,InstrumentType.Spot,613155008,mock,BTC-USDT
2199944884,0,0,1783610796193029645,101,depth,"[65000.799999999996,65000.899999999994,65001.0,65001.1,65001.2,65001.299999999996,65001.399999999994,65001.5,65001.6,65001.7]",65000.799999999996,"[0.001,0.002,0.003,0.004,0.005,0.006,0.007,0.008,0.009000000000000001,0.01]",0.001,"[65000.6,65000.5,65000.399999999994,65000.299999999996,65000.2,65000.1,65000.0,64999.899999999994,64999.799999999996,64999.7]",65000.6,"[0.001,0.002,0.003,0.004,0.005,0.006,0.007,0.008,0.009000000000000001,0.01]",0.001,870,mock,InstrumentType.Spot,613155568,mock,BTC-USDT
2199944884,0,0,1783610796193330287,101,depth,"[65000.81,65000.909999999996,65001.01,65001.11,65001.21,65001.31,65001.409999999996,65001.51,65001.61,65001.71]",65000.81,"[0.001,0.002,0.003,0.004,0.005,0.006,0.007,0.008,0.009000000000000001,0.01]",0.001,"[65000.61,65000.51,65000.409999999996,65000.31,65000.21,65000.11,65000.01,64999.909999999996,64999.81,64999.71]",65000.61,"[0.001,0.002,0.003,0.004,0.005,0.006,0.007,0.008,0.009000000000000001,0.01]",0.001,871,mock,InstrumentType.Spot,613156128,mock,BTC-USDT
2199944884,0,0,1783610796193628992,101,depth,"[65000.82,65000.92,65001.020000000004,65001.12,65001.22,65001.32,65001.42,65001.520000000004,65001.62,65001.72]",65000.82,"[0.001,0.002,0.003,0.004,0.005,0.006,0.007,0.008,0.009000000000000001,0.01]",0.001,"[65000.62,65000.520000000004,65000.42,65000.32,65000.22,65000.12,65000.020000000004,64999.92,64999.82,64999.72]",65000.62,"[0.001,0.002,0.003,0.004,0.005,0.006,0.007,0.008,0.009000000000000001,0.01]",0.001,872,mock,InstrumentType.Spot,613156688,mock,BTC-USDT
2199944884,0,0,1783610796193930007,101,depth,"[65000.83,65000.93,65001.030000000006,65001.130000000005,65001.23,65001.33,65001.43,65001.530000000006,65001.630000000005,65001.73]",65000.83,"[0.001,0.002,0.003,0.004,0.005,0.006,0.007,0.008,0.009000000000000001,0.01]",0.001,"[65000.630000000005,65000.530000000006,65000.43,65000.33,65000.23,65000.130000000005,65000.030000000006,64999.93,64999.83,64999.73]",65000.630000000005,"[0.001,0.002,0.003,0.004,0.005,0.006,0.007,0.008,0.009000000000000001,0.01]",0.001,873,mock,InstrumentType.Spot,613157248,mock,BTC-USDT
2199944884,0,0,1783610796194228728,101,depth,"[65000.84,65000.939999999995,65001.04,65001.14,65001.24,65001.34,65001.439999999995,65001.54,65001.64,65001.74]",65000.84,"[0.001,0.002,0.003,0.004,0.005,0.006,0.007,0.008,0.009000000000000001,0.01]",0.001,"[65000.64,65000.54,65000.439999999995,65000.34,65000.24,65000.14,65000.04,64999.939999999995,64999.84,64999.74]",65000.64,"[0.001,0.002,0.003,0.004,0.005,0.006,0.007,0.008,0.009000000000000001,0.01]",0.001,874,mock,InstrumentType.Spot,613202800,mock,BTC-USDT
2199944884,0,0,1783610796194528606,101,depth,"[65000.85,65000.95,65001.05,65001.15,65001.25,65001.35,65001.45,65001.55,65001.65,65001.75]",65000.85,"[0.001,0.002,0.003,0.004,0.005,0.006,0.007,0.008,0.009000000000000001,0.01]",0.001,"[65000.65,65000.55,65000.45,65000.35,65000.25,65000.15,65000.05,64999.95,64999.85,64999.75]",65000.65,"[0.001,0.002,0.003,0.004,0.005,0.006,0.007,0.008,0.009000000000000001,0.01]",0.001,875,mock,InstrumentType.Spot,613203216,mock,BTC-USDT
2199944884,0,0,1783610796194828542,101,depth,"[65000.86,65000.96,65001.060000000005,65001.16,65001.26,65001.36,65001.46,65001.560000000005,65001.66,65001.76]",65000.86,"[0.001,0.002,0.003,0.004,0.005,0.006,0.007,0.008,0.009000000000000001,0.01]",0.001,"[65000.66,65000.560000000005,65000.46,65000.36,65000.26,65000.16,65000.060000000005,64999.96,64999.86,64999.76]",65000.66,"[0.001,0.002,0.003,0.004,0.005,0.006,0.007,0.008,0.009000000000000001,0.01]",0.001,876,mock,InstrumentType.Spot,613203632,mock,BTC-USDT
2199944884,0,0,1783610796195128786,101,depth,"[65000.869999999995,65000.969999999994,65001.07,65001.17,65001.27,65001.369999999995,65001.469999999994,65001.57,65001.67,65001.77]",65000.869999999995,"[0.001,0.002,0.003,0.004,0.005,0.006,0.007,0.008,0.009000000000000001,0.01]",0.001,"[65000.67,65000.57,65000.469999999994,65000.369999999995,65000.27,65000.17,65000.07,64999.969999999994,64999.869999999995,64999.77]",65000.67,"[0.001,0.002,0.003,0.004,0.005,0.006,0.007,0.008,0.009000000000000001,0.01]",0.001,877,mock,InstrumentType.Spot,613204048,mock,BTC-USDT
2199944884,0,0,1783610796195428069,101,depth,"[65000.88,65000.979999999996,65001.08,65001.18,65001.28,65001.38,65001.479999999996,65001.58,65001.68,65001.78]",65000.88,"[0.001,0.002,0.003,0.004,0.005,0.006,0.007,0.008,0.009000000000000001,0.01]",0.001,"[65000.68,65000.58,65000.479999999996,65000.38,65000.28,65000.18,65000.08,64999.979999999996,64999.88,64999.78]",65000.68,"[0.001,0.002,0.003,0.004,0.005,0.006,0.007,0.008,0.009000000000000001,0.01]",0.001,878,mock,InstrumentType.Spot,613204464,mock,BTC-USDT
2199944884,0,0,1783610796195738985,101,depth,"[65000.89,65000.99,65001.090000000004,65001.19,65001.29,65001.39,65001.49,65001.590000000004,65001.69,65001.79]",65000.89,"[0.001,0.002,0.003,0.004,0.005,0.006,0.007,0.008,0.009000000000000001,0.01]",0.001,"[65000.69,65000.590000000004,65000.49,65000.39,65000.29,65000.19,65000.090000000004,64999.99,64999.89,64999.79]",65000.69,"[0.001,0.002,0.003,0.004,0.005,0.006,0.007,0.008,0.009000000000000001,0.01]",0.001,879,mock,InstrumentType.Spot,613204880,mock,BTC-USDT
2199944884,0,0,1783610796196028927,101,depth,"[65000.9,65001.0,65001.100000000006,65001.200000000004,65001.3,65001.4,65001.5,65001.600000000006,65001.700000000004,65001.8]",65000.9,"[0.001,0.002,0.003,0.004,0.005,0.006,0.007,0.008,0.009000000000000001,0.01]",0.001,"[65000.700000000004,65000.600000000006,65000.5,65000.4,65000.3,65000.200000000004,65000.100000000006,65000.0,64999.9,64999.8]",65000.700000000004,"[0.001,0.002,0.003,0.004,0.005,0.006,0.007,0.008,0.009000000000000001,0.01]",0.001,880,mock,InstrumentType.Spot,613205296,mock,BTC-USDT
2199944884,0,0,1783610796196328715,101,depth,"[65000.909999999996,65001.009999999995,65001.11,65001.21,65001.31,65001.409999999996,65001.509999999995,65001.61,65001.71,65001.81]",65000.909999999996,"[0.001,0.002,0.003,0.004,0.005,0.006,0.007,0.008,0.009000000000000001,0.01]",0.001,"[65000.71,65000.61,65000.509999999995,65000.409999999996,65000.31,65000.21,65000.11,65000.009999999995,64999.909999999996,64999.81]",65000.71,"[0.001,0.002,0.003,0.004,0.005,0.006,0.007,0.008,0.009000000000000001,0.01]",0.001,881,mock,InstrumentType.Spot,613205712,mock,BTC-USDT
2199944884,0,0,1783610796196628141,101,depth,"[65000.92,65001.02,65001.12,65001.22,65001.32,65001.42,65001.52,65001.62,65001.72,65001.82]",65000.92,"[0.001,0.002,0.003,0.004,0.005,0.006,0.007,0.008,0.009000000000000001,0.01]",0.001,"[65000.72,65000.62,65000.52,65000.42,65000.32,65000.22,65000.12,65000.02,64999.92,64999.82]",65000.72,"[0.001,0.002,0.003,0.004,0.005,0.006,0.007,0.008,0.009000000000000001,0.01]",0.001,882,mock,InstrumentType.Spot,613206128,mock,BTC-USDT
2199944884,0,0,1783610796196929414,101,depth,"[65000.93,65001.03,65001.130000000005,65001.23,65001.33,65001.43,65001.53,65001.630000000005,65001.73,65001.83]",65000.93,"[0.001,0.002,0.003,0.004,0.005,0.006,0.007,0.008,0.009000000000000001,0.01]",0.001,"[65000.73,65000.630000000005,65000.53,65000.43,65000.33,65000.23,65000.130000000005,65000.03,64999.93,64999.83]",65000.73,"[0.001,0.002,0.003,0.004,0.005,0.006,0.007,0.008,0.009000000000000001,0.01]",0.001,883,mock,InstrumentType.Spot,613206544,mock,BTC-USDT
2199944884,0,0,1783610796197229478,101,depth,"[65000.939999999995,65001.03999999999,65001.14,65001.24,65001.34,65001.439999999995,65001.53999999999,65001.64,65001.74,65001.84]",65000.939999999995,"[0.001,0.002,0.003,0.004,0.005,0.006,0.007,0.008,0.009000000000000001,0.01]",0.001,"[65000.74,65000.64,65000.53999999999,65000.439999999995,65000.34,65000.24,65000.14,65000.03999999999,64999.939999999995,64999.84]",65000.74,"[0.001,0.002,0.003,0.004,0.005,0.006,0.007,0.008,0.009000000000000001,0.01]",0.001,884,mock,InstrumentType.Spot,613206960,mock,BTC-USDT
2199944884,0,0,1783610796197528625,101,depth,"[65000.95,65001.049999999996,65001.15,65001.25,65001.35,65001.45,65001.549999999996,65001.65,65001.75,65001.85]",65000.95,"[0.001,0.002,0.003,0.004,0.005,0.006,0.007,0.008,0.009000000000000001,0.01]",0.001,"[65000.75,65000.65,65000.549999999996,65000.45,65000.35,65000.25,65000.15,65000.049999999996,64999.95,64999.85]",65000.75,"[0.001,0.002,0.003,0.004,0.005,0.006,0.007,0.008,0.009000000000000001,0.01]",0.001,885,mock,InstrumentType.Spot,613207376,mock,BTC-USDT
2199944884,0,0,1783610796197829676,101,depth,"[65000.96,65001.06,65001.16,65001.26,65001.36,65001.46,65001.56,65001.66,65001.76,65001.86]",65000.96,"[0.001,0.002,0.003,0.004,0.005,0.006,0.007,0.008,0.009000000000000001,0.01]",0.001,"[65000.76,65000.66,65000.56,65000.46,65000.36,65000.26,65000.16,65000.06,64999.96,64999.86]",65000.76,"[0.001,0.002,0.003,0.004,0.005,0.006,0.007,0.008,0.009000000000000001,0.01]",0.001,886,mock,InstrumentType.Spot,613207792,mock,BTC-USDT
2199944884,0,0,1783610796198129286,101,depth,"[65000.97,65001.07,65001.170000000006,65001.270000000004,65001.37,65001.47,65001.57,65001.670000000006,65001.770000000004,65001.87]",65000.97,"[0.001,0.002,0.003,0.004,0.005,0.006,0.007,0.008,0.009000000000000001,0.01]",0.001,"[65000.770000000004,65000.670000000006,65000.57,65000.47,65000.37,65000.270000000004,65000.170000000006,65000.07,64999.97,64999.87]",65000.770000000004,"[0.001,0.002,0.003,0.004,0.005,0.006,0.007,0.008,0.009000000000000001,0.01]",0.001,887,mock,InstrumentType.Spot,613208208,mock,BTC-USDT
2199944884,0,0,1783610796198439293,101,depth,"[65000.979999999996,65001.079999999994,65001.18,65001.28,65001.38,65001.479999999996,65001.579999999994,65001.68,65001.78,65001.88]",65000.979999999996,"[0.001,0.002,0.003,0.004,0.005,0.006,0.007,0.008,0.009000000000000001,0.01]",0.001,"[65000.78,65000.68,65000.579999999994,65000.479999999996,65000.38,65000.28,65000.18,65000.079999999994,64999.979999999996,64999.88]",65000.78,"[0.001,0.002,0.003,0.004,0.005,0.006,0.007,0.008,0.009000000000000001,0.01]",0.001,888,mock,InstrumentType.Spot,613208624,mock,BTC-USDT
2199944884,0,0,1783610796198729856,101,depth,"[65000.99,65001.09,65001.19,65001.29,65001.39,65001.49,65001.59,65001.69,65001.79,65001.89]",65000.99,"[0.001,0.002,0.003,0.004,0.005,0.006,0.007,0.008,0.009000000000000001,0.01]",0.001,"[65000.79,65000.69,65000.59,65000.49,65000.39,65000.29,65000.19,65000.09,64999.99,64999.89]",65000.79,"[0.001,0.002,0.003,0.004,0.005,0.006,0.007,0.008,0.009000000000000001,0.01]",0.001,889,mock,InstrumentType.Spot,613209040,mock,BTC-USDT
2199944884,0,0,1783610796199029423,101,depth,"[65001.0,65001.1,65001.200000000004,65001.3,65001.4,65001.5,65001.6,65001.700000000004,65001.8,65001.9]",65001.0,"[0.001,0.002,0.003,0.004,0.005,0.006,0.007,0.008,0.009000000000000001,0.01]",0.001,"[65000.8,65000.700000000004,65000.6,65000.5,65000.4,65000.3,65000.200000000004,65000.1,65000.0,64999.9]",65000.8,"[0.001,0.002,0.003,0.004,0.005,0.006,0.007,0.008,0.009000000000000001,0.01]",0.001,890,mock,InstrumentType.Spot,613209456,mock,BTC-USDT
2199944884,0,0,1783610796199329652,101,depth,"[65001.01,65001.11,65001.21000000001,65001.310000000005,65001.41,65001.51,65001.61,65001.71000000001,65001.810000000005,65001.91]",65001.01,"[0.001,0.002,0.003,0.004,0.005,0.006,0.007,0.008,0.009000000000000001,0.01]",0.001,"[65000.810000000005,65000.71000000001,65000.61,65000.51,65000.41,65000.310000000005,65000.21000000001,65000.11,65000.01,64999.91]",65000.810000000005,"[0.001,0.002,0.003,0.004,0.005,0.006,0.007,0.008,0.009000000000000001,0.01]",0.001,891,mock,InstrumentType.Spot,613209872,mock,BTC-USDT
2199944884,0,0,1783610796199628507,101,depth,"[65001.02,65001.119999999995,65001.22,65001.32,65001.42,65001.52,65001.619999999995,65001.72,65001.82,65001.92]",65001.02,"[0.001,0.002,0.003,0.004,0.005,0.006,0.007,0.008,0.009000000000000001,0.01]",0.001,"[65000.82,65000.72,65000.619999999995,65000.52,65000.42,65000.32,65000.22,65000.119999999995,65000.02,64999.92]",65000.82,"[0.001,0.002,0.003,0.004,0.005,0.006,0.007,0.008,0.009000000000000001,0.01]",0.001,892,mock,InstrumentType.Spot,613210288,mock,BTC-USDT
2199944884,0,0,1783610796199929135,101,depth,"[65001.03,65001.13,65001.23,65001.33,65001.43,65001.53,65001.63,65001.73,65001.83,65001.93]",65001.03,"[0.001,0.002,0.003,0.004,0.005,0.006,0.007,0.008,0.009000000000000001,0.01]",0.001,"[65000.83,65000.73,65000.63,65000.53,65000.43,65000.33,65000.23,65000.13,65000.03,64999.93]",65000.83,"[0.001,0.002,0.003,0.004,0.005,0.006,0.007,0.008,0.009000000000000001,0.01]",0.001,893,mock,InstrumentType.Spot,613210704,mock,BTC-USDT
2199944884,0,0,1783610796200228719,101,depth,"[65001.04,65001.14,65001.240000000005,65001.340000000004,65001.44,65001.54,65001.64,65001.740000000005,65001.840000000004,65001.94]",65001.04,"[0.001,0.002,0.003,0.004,0.005,0.006,0.007,0.008,0.009000000000000001,0.01]",0.001,"[65000.840000000004,65000.740000000005,65000.64,65000.54,65000.44,65000.340000000004,65000.240000000005,65000.14,65000.04,64999.94]",65000.840000000004,"[0.001,0.002,0.003,0.004,0.005,0.006,0.007,0.008,0.009000000000000001,0.01]",0.001,894,mock,InstrumentType.Spot,613211120,mock,BTC-USDT
2199944884,0,0,1783610796200528642,101,depth,"[65001.049999999996,65001.149999999994,65001.25,65001.35,65001.45,65001.549999999996,65001.649999999994,65001.75,65001.85,65001.95]",65001.049999999996,"[0.001,0.002,0.003,0.004,0.005,0.006,0.007,0.008,0.009000000000000001,0.01]",0.001,"[65000.85,65000.75,65000.649999999994,65000.549999999996,65000.45,65000.35,65000.25,65000.149999999994,65000.049999999996,64999.95]",65000.85,"[0.001,0.002,0.003,0.004,0.005,0.006,0.007,0.008,0.009000000000000001,0.01]",0.001,895,mock,InstrumentType.Spot,613211536,mock,BTC-USDT
2199944884,0,0,1783610796200829509,101,depth,"[65001.06,65001.159999999996,65001.26,65001.36,65001.46,65001.56,65001.659999999996,65001.76,65001.86,65001.96]",65001.06,"[0.001,0.002,0.003,0.004,0.005,0.006,0.007,0.008,0.009000000000000001,0.01]",0.001,"[65000.86,65000.76,65000.659999999996,65000.56,65000.46,65000.36,65000.26,65000.159999999996,65000.06,64999.96]",65000.86,"[0.001,0.002,0.003,0.004,0.005,0.006,0.007,0.008,0.009000000000000001,0.01]",0.001,896,mock,InstrumentType.Spot,613211952,mock,BTC-USDT
2199944884,0,0,1783610796201131390,101,depth,"[65001.07,65001.17,65001.270000000004,65001.37,65001.47,65001.57,65001.67,65001.770000000004,65001.87,65001.97]",65001.07,"[0.001,0.002,0.003,0.004,0.005,0.006,0.007,0.008,0.009000000000000001,0.01]",0.001,"[65000.87,65000.770000000004,65000.67,65000.57,65000.47,65000.37,65000.270000000004,65000.17,65000.07,64999.97]",65000.87,"[0.001,0.002,0.003,0.004,0.005,0.006,0.007,0.008,0.009000000000000001,0.01]",0.001,897,mock,InstrumentType.Spot,613212368,mock,BTC-USDT
2199944884,0,0,1783610796201438097,101,depth,"[65001.08,65001.18,65001.280000000006,65001.380000000005,65001.48,65001.58,65001.68,65001.780000000006,65001.880000000005,65001.98]",65001.08,"[0.001,0.002,0.003,0.004,0.005,0.006,0.007,0.008,0.009000000000000001,0.01]",0.001,"[65000.880000000005,65000.780000000006,65000.68,65000.58,65000.48,65000.380000000005,65000.280000000006,65000.18,65000.08,64999.98]",65000.880000000005,"[0.001,0.002,0.003,0.004,0.005,0.006,0.007,0.008,0.009000000000000001,0.01]",0.001,898,mock,InstrumentType.Spot,613212784,mock,BTC-USDT
2199944884,0,0,1783610796201758145,101,depth,"[65001.09,65001.189999999995,65001.29,65001.39,65001.49,65001.59,65001.689999999995,65001.79,65001.89,65001.99]",65001.09,"[0.001,0.002,0.003,0.004,0.005,0.006,0.007,0.008,0.009000000000000001,0.01]",0.001,"[65000.89,65000.79,65000.689999999995,65000.59,65000.49,65000.39,65000.29,65000.189999999995,65000.09,64999.99]",65000.89,"[0.001,0.002,0.003,0.004,0.005,0.006,0.007,0.008,0.009000000000000001,0.01]",0.001,899,mock,InstrumentType.Spot,613213200,mock,BTC-USDT
2199944884,0,0,1783610796202029678,101,depth,"[65000.1,65000.2,65000.3,65000.4,65000.5,65000.6,65000.7,65000.8,65000.9,65001.0]",65000.1,"[0.001,0.002,0.003,0.004,0.005,0.006,0.007,0.008,0.009000000000000001,0.01]",0.001,"[64999.9,64999.8,64999.7,64999.6,64999.5,64999.4,64999.3,64999.2,64999.1,64999.0]",64999.9,"[0.001,0.002,0.003,0.004,0.005,0.006,0.007,0.008,0.009000000000000001,0.01]",0.001,900,mock,InstrumentType.Spot,613213616,mock,BTC-USDT
2199944884,0,0,1783610796202329916,101,depth,"[65000.11,65000.21,65000.310000000005,65000.41,65000.51,65000.61,65000.71,65000.810000000005,65000.91,65001.01]",65000.11,"[0.001,0.002,0.003,0.004,0.005,0.006,0.007,0.008,0.009000000000000001,0.01]",0.001,"[64999.91,64999.810000000005,64999.71,64999.61,64999.51,64999.41,64999.310000000005,64999.21,64999.11,64999.01]",64999.91,"[0.001,0.002,0.003,0.004,0.005,0.006,0.007,0.008,0.009000000000000001,0.01]",0.001,901,mock,InstrumentType.Spot,613214032,mock,BTC-USDT
2199944884,0,0,1783610796202628607,101,depth,"[65000.119999999995,65000.219999999994,65000.32,65000.42,65000.52,65000.619999999995,65000.719999999994,65000.82,65000.92,65001.02]",65000.119999999995,"[0.001,0.002,0.003,0.004,0.005,0.006,0.007,0.008,0.009000000000000001,0.01]",0.001,"[64999.92,64999.82,64999.719999999994,64999.619999999995,64999.52,64999.42,64999.32,64999.219999999994,64999.119999999995,64999.02]",64999.92,"[0.001,0.002,0.003,0.004,0.005,0.006,0.007,0.008,0.009000000000000001,0.01]",0.001,902,mock,InstrumentType.Spot,613214448,mock,BTC-USDT
2199944884,0,0,1783610796202929501,101,depth,"[65000.13,65000.229999999996,65000.33,65000.43,65000.53,65000.63,65000.729999999996,65000.83,65000.93,65001.03]",65000.13,"[0.001,0.002,0.003,0.004,0.005,0.006,0.007,0.008,0.009000000000000001,0.01]",0.001,"[64999.93,64999.83,64999.729999999996,64999.63,64999.53,64999.43,64999.33,64999.229999999996,64999.13,64999.03]",64999.93,"[0.001,0.002,0.003,0.004,0.005,0.006,0.007,0.008,0.009000000000000001,0.01]",0.001,903,mock,InstrumentType.Spot,613214864,mock,BTC-USDT
2199944884,0,0,1783610796203229685,101,depth,"[65000.14,65000.24,65000.340000000004,65000.44,65000.54,65000.64,65000.74,65000.840000000004,65000.94,65001.04]",65000.14,"[0.001,0.002,0.003,0.004,0.005,0.006,0.007,0.008,0.009000000000000001,0.01]",0.001,"[64999.94,64999.840000000004,64999.74,64999.64,64999.54,64999.44,64999.340000000004,64999.24,64999.14,64999.04]",64999.94,"[0.001,0.002,0.003,0.004,0.005,0.006,0.007,0.008,0.009000000000000001,0.01]",0.001,904,mock,InstrumentType.Spot,613215280,mock,BTC-USDT
2199944884,0,0,1783610796203528531,101,depth,"[65000.15,65000.25,65000.350000000006,65000.450000000004,65000.55,65000.65,65000.75,65000.850000000006,65000.950000000004,65001.05]",65000.15,"[0.001,0.002,0.003,0.004,0.005,0.006,0.007,0.008,0.009000000000000001,0.01]",0.001,"[64999.950000000004,64999.850000000006,64999.75,64999.65,64999.55,64999.450000000004,64999.350000000006,64999.25,64999.15,64999.05]",64999.950000000004,"[0.001,0.002,0.003,0.004,0.005,0.006,0.007,0.008,0.009000000000000001,0.01]",0.001,905,mock,InstrumentType.Spot,613215696,mock,BTC-USDT
2199944884,0,0,1783610796203828534,101,depth,"[65000.159999999996,65000.259999999995,65000.36,65000.46,65000.56,65000.659999999996,65000.759999999995,65000.86,65000.96,65001.06]",65000.159999999996,"[0.001,0.002,0.003,0.004,0.005,0.006,0.007,0.008,0.009000000000000001,0.01]",0.001,"[64999.96,64999.86,64999.759999999995,64999.659999999996,64999.56,64999.46,64999.36,64999.259999999995,64999.159999999996,64999.06]",64999.96,"[0.001,0.002,0.003,0.004,0.005,0.006,0.007,0.008,0.009000000000000001,0.01]",0.001,906,mock,InstrumentType.Spot,613216112,mock,BTC-USDT
2199944884,0,0,1783610796204140857,101,depth,"[65000.17,65000.27,65000.37,65000.47,65000.57,65000.67,65000.77,65000.87,65000.97,65001.07]",65000.17,"[0.001,0.002,0.003,0.004,0.005,0.006,0.007,0.008,0.009000000000000001,0.01]",0.001,"[64999.97,64999.87,64999.77,64999.67,64999.57,64999.47,64999.37,64999.27,64999.17,64999.07]",64999.97,"[0.001,0.002,0.003,0.004,0.005,0.006,0.007,0.008,0.009000000000000001,0.01]",0.001,907,mock,InstrumentType.Spot,613216528,mock,BTC-USDT
2199944884,0,0,1783610796204430258,101,depth,"[65000.18,65000.28,65000.380000000005,65000.48,65000.58,65000.68,65000.78,65000.880000000005,65000.98,65001.08]",65000.18,"[0.001,0.002,0.003,0.004,0.005,0.006,0.007,0.008,0.009000000000000001,0.01]",0.001,"[64999.98,64999.880000000005,64999.78,64999.68,64999.58,64999.48,64999.380000000005,64999.28,64999.18,64999.08]",64999.98,"[0.001,0.002,0.003,0.004,0.005,0.006,0.007,0.008,0.009000000000000001,0.01]",0.001,908,mock,InstrumentType.Spot,613216944,mock,BTC-USDT
2199944884,0,0,1783610796204730000,101,depth,"[65000.189999999995,65000.28999999999,65000.39,65000.49,65000.59,65000.689999999995,65000.78999999999,65000.89,65000.99,65001.09]",65000.189999999995,"[0.001,0.002,0.003,0.004,0.005,0.006,0.007,0.008,0.009000000000000001,0.01]",0.001,"[64999.99,64999.89,64999.78999999999,64999.689999999995,64999.59,64999.49,64999.39,64999.28999999999,64999.189999999995,64999.09]",64999.99,"[0.001,0.002,0.003,0.004,0.005,0.006,0.007,0.008,0.009000000000000001,0.01]",0.001,909,mock,InstrumentType.Spot,613217360,mock,BTC-USDT
2199944884,0,0,1783610796205030238,101,depth,"[65000.2,65000.299999999996,65000.4,65000.5,65000.6,65000.7,65000.799999999996,65000.9,65001.0,65001.1]",65000.2,"[0.001,0.002,0.003,0.004,0.005,0.006,0.007,0.008,0.009000000000000001,0.01]",0.001,"[65000.0,64999.9,64999.799999999996,64999.7,64999.6,64999.5,64999.4,64999.299999999996,64999.2,64999.1]",65000.0,"[0.001,0.002,0.003,0.004,0.005,0.006,0.007,0.008,0.009000000000000001,0.01]",0.001,910,mock,InstrumentType.Spot,613217776,mock,BTC-USDT
2199944884,0,0,1783610796205330210,101,depth,"[65000.21,65000.31,65000.41,65000.51,65000.61,65000.71,65000.81,65000.91,65001.01,65001.11]",65000.21,"[0.001,0.002,0.003,0.004,0.005,0.006,0.007,0.008,0.009000000000000001,0.01]",0.001,"[65000.01,64999.91,64999.81,64999.71,64999.61,64999.51,64999.41,64999.31,64999.21,64999.11]",65000.01,"[0.001,0.002,0.003,0.004,0.005,0.006,0.007,0.008,0.009000000000000001,0.01]",0.001,911,mock,InstrumentType.Spot,613218192,mock,BTC-USDT
2199944884,0,0,1783610796205648181,101,depth,"[65000.22,65000.32,65000.420000000006,65000.520000000004,65000.62,65000.72,65000.82,65000.920000000006,65001.020000000004,65001.12]",65000.22,"[0.001,0.002,0.003,0.004,0.005,0.006,0.007,0.008,0.009000000000000001,0.01]",0.001,"[65000.020000000004,64999.920000000006,64999.82,64999.72,64999.62,64999.520000000004,64999.420000000006,64999.32,64999.22,64999.12]",65000.020000000004,"[0.001,0.002,0.003,0.004,0.005,0.006,0.007,0.008,0.009000000000000001,0.01]",0.001,912,mock,InstrumentType.Spot,613218608,mock,BTC-USDT
2199944884,0,0,1783610796205930331,101,depth,"[65000.229999999996,65000.329999999994,65000.43,65000.53,65000.63,65000.729999999996,65000.829999999994,65000.93,65001.03,65001.13]",65000.229999999996,"[0.001,0.002,0.003,0.004,0.005,0.006,0.007,0.008,0.009000000000000001,0.01]",0.001,"[65000.03,64999.93,64999.829999999994,64999.729999999996,64999.63,64999.53,64999.43,64999.329999999994,64999.229999999996,64999.13]",65000.03,"[0.001,0.002,0.003,0.004,0.005,0.006,0.007,0.008,0.009000000000000001,0.01]",0.001,913,mock,InstrumentType.Spot,613219024,mock,BTC-USDT
2199944884,0,0,1783610796206229465,101,depth,"[65000.24,65000.34,65000.44,65000.54,65000.64,65000.74,65000.84,65000.94,65001.04,65001.14]",65000.24,"[0.001,0.002,0.003,0.004,0.005,0.006,0.007,0.008,0.009000000000000001,0.01]",0.001,"[65000.04,64999.94,64999.84,64999.74,64999.64,64999.54,64999.44,64999.34,64999.24,64999.14]",65000.04,"[0.001,0.002,0.003,0.004,0.005,0.006,0.007,0.008,0.009000000000000001,0.01]",0.001,914,mock,InstrumentType.Spot,613219440,mock,BTC-USDT
2199944884,0,0,1783610796206530994,101,depth,"[65000.25,65000.35,65000.450000000004,65000.55,65000.65,65000.75,65000.85,65000.950000000004,65001.05,65001.15]",65000.25,"[0.001,0.002,0.003,0.004,0.005,0.006,0.007,0.008,0.009000000000000001,0.01]",0.001,"[65000.05,64999.950000000004,64999.85,64999.75,64999.65,64999.55,64999.450000000004,64999.35,64999.25,64999.15]",65000.05,"[0.001,0.002,0.003,0.004,0.005,0.006,0.007,0.008,0.009000000000000001,0.01]",0.001,915,mock,InstrumentType.Spot,613219856,mock,BTC-USDT
2199944884,0,0,1783610796206830036,101,depth,"[65000.26,65000.36,65000.46000000001,65000.560000000005,65000.66,65000.76,65000.86,65000.96000000001,65001.060000000005,65001.16]",65000.26,"[0.001,0.002,0.003,0.004,0.005,0.006,0.007,0.008,0.009000000000000001,0.01]",0.001,"[65000.060000000005,64999.96000000001,64999.86,64999.76,64999.66,64999.560000000005,64999.46000000001,64999.36,64999.26,64999.16]",65000.060000000005,"[0.001,0.002,0.003,0.004,0.005,0.006,0.007,0.008,0.009000000000000001,0.01]",0.001,916,mock,InstrumentType.Spot,613220272,mock,BTC-USDT
2199944884,0,0,1783610796207207607,101,depth,"[65000.27,65000.369999999995,65000.47,65000.57,65000.67,65000.77,65000.869999999995,65000.97,65001.07,65001.17]",65000.27,"[0.001,0.002,0.003,0.004,0.005,0.006,0.007,0.008,0.009000000000000001,0.01]",0.001,"[65000.07,64999.97,64999.869999999995,64999.77,64999.67,64999.57,64999.47,64999.369999999995,64999.27,64999.17]",65000.07,"[0.001,0.002,0.003,0.004,0.005,0.006,0.007,0.008,0.009000000000000001,0.01]",0.001,917,mock,InstrumentType.Spot,613220688,mock,BTC-USDT
2199944884,0,0,1783610796207430475,101,depth,"[65000.28,65000.38,65000.48,65000.58,65000.68,65000.78,65000.88,65000.98,65001.08,65001.18]",65000.28,"[0.001,0.002,0.003,0.004,0.005,0.006,0.007,0.008,0.009000000000000001,0.01]",0.001,"[65000.08,64999.98,64999.88,64999.78,64999.68,64999.58,64999.48,64999.38,64999.28,64999.18]",65000.08,"[0.001,0.002,0.003,0.004,0.005,0.006,0.007,0.008,0.009000000000000001,0.01]",0.001,918,mock,InstrumentType.Spot,613221104,mock,BTC-USDT
2199944884,0,0,1783610796207731194,101,depth,"[65000.29,65000.39,65000.490000000005,65000.590000000004,65000.69,65000.79,65000.89,65000.990000000005,65001.090000000004,65001.19]",65000.29,"[0.001,0.002,0.003,0.004,0.005,0.006,0.007,0.008,0.009000000000000001,0.01]",0.001,"[65000.090000000004,64999.990000000005,64999.89,64999.79,64999.69,64999.590000000004,64999.490000000005,64999.39,64999.29,64999.19]",65000.090000000004,"[0.001,0.002,0.003,0.004,0.005,0.006,0.007,0.008,0.009000000000000001,0.01]",0.001,919,mock,InstrumentType.Spot,613221520,mock,BTC-USDT
2199944884,0,0,1783610796208030513,101,depth,"[65000.299999999996,65000.399999999994,65000.5,65000.6,65000.7,65000.799999999996,65000.899999999994,65001.0,65001.1,65001.2]",65000.299999999996,"[0.001,0.002,0.003,0.004,0.005,0.006,0.007,0.008,0.009000000000000001,0.01]",0.001,"[65000.1,65000.0,64999.899999999994,64999.799999999996,64999.7,64999.6,64999.5,64999.399999999994,64999.299999999996,64999.2]",65000.1,"[0.001,0.002,0.003,0.004,0.005,0.006,0.007,0.008,0.009000000000000001,0.01]",0.001,920,mock,InstrumentType.Spot,613221936,mock,BTC-USDT
2199944884,0,0,1783610796208351541,101,depth,"[65000.31,65000.409999999996,65000.51,65000.61,65000.71,65000.81,65000.909999999996,65001.01,65001.11,65001.21]",65000.31,"[0.001,0.002,0.003,0.004,0.005,0.006,0.007,0.008,0.009000000000000001,0.01]",0.001,"[65000.11,65000.01,64999.909999999996,64999.81,64999.71,64999.61,64999.51,64999.409999999996,64999.31,64999.21]",65000.11,"[0.001,0.002,0.003,0.004,0.005,0.006,0.007,0.008,0.009000000000000001,0.01]",0.001,921,mock,InstrumentType.Spot,613222352,mock,BTC-USDT
2199944884,0,0,1783610796208630304,101,depth,"[65000.32,65000.42,65000.520000000004,65000.62,65000.72,65000.82,65000.92,65001.020000000004,65001.12,65001.22]",65000.32,"[0.001,0.002,0.003,0.004,0.005,0.006,0.007,0.008,0.009000000000000001,0.01]",0.001,"[65000.12,65000.020000000004,64999.92,64999.82,64999.72,64999.62,64999.520000000004,64999.42,64999.32,64999.22]",65000.12,"[0.001,0.002,0.003,0.004,0.005,0.006,0.007,0.008,0.009000000000000001,0.01]",0.001,922,mock,InstrumentType.Spot,613222768,mock,BTC-USDT
2199944884,0,0,1783610796208930212,101,depth,"[65000.33,65000.43,65000.530000000006,65000.630000000005,65000.73,65000.83,65000.93,65001.030000000006,65001.130000000005,65001.23]",65000.33,"[0.001,0.002,0.003,0.004,0.005,0.006,0.007,0.008,0.009000000000000001,0.01]",0.001,"[65000.130000000005,65000.030000000006,64999.93,64999.83,64999.73,64999.630000000005,64999.530000000006,64999.43,64999.33,64999.23]",65000.130000000005,"[0.001,0.002,0.003,0.004,0.005,0.006,0.007,0.008,0.009000000000000001,0.01]",0.001,923,mock,InstrumentType.Spot,613223184,mock,BTC-USDT
2199944884,0,0,1783610796209229218,101,depth,"[65000.34,65000.439999999995,65000.54,65000.64,65000.74,65000.84,65000.939999999995,65001.04,65001.14,65001.24]",65000.34,"[0.001,0.002,0.003,0.004,0.005,0.006,0.007,0.008,0.009000000000000001,0.01]",0.001,"[65000.14,65000.04,64999.939999999995,64999.84,64999.74,64999.64,64999.54,64999.439999999995,64999.34,64999.24]",65000.14,"[0.001,0.002,0.003,0.004,0.005,0.006,0.007,0.008,0.009000000000000001,0.01]",0.001,924,mock,InstrumentType.Spot,613223600,mock,BTC-USDT
2199944884,0,0,1783610796209528725,101,depth,"[65000.35,65000.45,65000.55,65000.65,65000.75,65000.85,65000.95,65001.05,65001.15,65001.25]",65000.35,"[0.001,0.002,0.003,0.004,0.005,0.006,0.007,0.008,0.009000000000000001,0.01]",0.001,"[65000.15,65000.05,64999.95,64999.85,64999.75,64999.65,64999.55,64999.45,64999.35,64999.25]",65000.15,"[0.001,0.002,0.003,0.004,0.005,0.006,0.007,0.008,0.009000000000000001,0.01]",0.001,925,mock,InstrumentType.Spot,613224016,mock,BTC-USDT
2199944884,0,0,1783610796209840247,101,depth,"[65000.36,65000.46,65000.560000000005,65000.66,65000.76,65000.86,65000.96,65001.060000000005,65001.16,65001.26]",65000.36,"[0.001,0.002,0.003,0.004,0.005,0.006,0.007,0.008,0.009000000000000001,0.01]",0.001,"[65000.16,65000.060000000005,64999.96,64999.86,64999.76,64999.66,64999.560000000005,64999.46,64999.36,64999.26]",65000.16,"[0.001,0.002,0.003,0.004,0.005,0.006,0.007,0.008,0.009000000000000001,0.01]",0.001,926,mock,InstrumentType.Spot,613224432,mock,BTC-USDT
2199944884,0,0,1783610796210129682,101,depth,"[65000.369999999995,65000.469999999994,65000.57,65000.67,65000.77,65000.869999999995,65000.969999999994,65001.07,65001.17,65001.27]",65000.369999999995,"[0.001,0.002,0.003,0.004,0.005,0.006,0.007,0.008,0.009000000000000001,0.01]",0.001,"[65000.17,65000.07,64999.969999999994,64999.869999999995,64999.77,64999.67,64999.57,64999.469999999994,64999.369999999995,64999.27]",65000.17,"[0.001,0.002,0.003,0.004,0.005,0.006,0.007,0.008,0.009000000000000001,0.01]",0.001,927,mock,InstrumentType.Spot,613224848,mock,BTC-USDT
2199944884,0,0,1783610796210431270,101,depth,"[65000.38,65000.479999999996,65000.58,65000.68,65000.78,65000.88,65000.979999999996,65001.08,65001.18,65001.28]",65000.38,"[0.001,0.002,0.003,0.004,0.005,0.006,0.007,0.008,0.009000000000000001,0.01]",0.001,"[65000.18,65000.08,64999.979999999996,64999.88,64999.78,64999.68,64999.58,64999.479999999996,64999.38,64999.28]",65000.18,"[0.001,0.002,0.003,0.004,0.005,0.006,0.007,0.008,0.009000000000000001,0.01]",0.001,928,mock,InstrumentType.Spot,613225264,mock,BTC-USDT
2199944884,0,0,1783610796210750029,101,depth,"[65000.39,65000.49,65000.590000000004,65000.69,65000.79,65000.89,65000.99,65001.090000000004,65001.19,65001.29]",65000.39,"[0.001,0.002,0.003,0.004,0.005,0.006,0.007,0.008,0.009000000000000001,0.01]",0.001,"[65000.19,65000.090000000004,64999.99,64999.89,64999.79,64999.69,64999.590000000004,64999.49,64999.39,64999.29]",65000.19,"[0.001,0.002,0.003,0.004,0.005,0.006,0.007,0.008,0.009000000000000001,0.01]",0.001,929,mock,InstrumentType.Spot,613225680,mock,BTC-USDT
2199944884,0,0,1783610796211030075,101,depth,"[65000.4,65000.5,65000.600000000006,65000.700000000004,65000.8,65000.9,65001.0,65001.100000000006,65001.200000000004,65001.3]",65000.4,"[0.001,0.002,0.003,0.004,0.005,0.006,0.007,0.008,0.009000000000000001,0.01]",0.001,"[65000.200000000004,65000.100000000006,65000.0,64999.9,64999.8,64999.700000000004,64999.600000000006,64999.5,64999.4,64999.3]",65000.200000000004,"[0.001,0.002,0.003,0.004,0.005,0.006,0.007,0.008,0.009000000000000001,0.01]",0.001,930,mock,InstrumentType.Spot,613226096,mock,BTC-USDT
2199944884,0,0,1783610796211330070,101,depth,"[65000.409999999996,65000.509999999995,65000.61,65000.71,65000.81,65000.909999999996,65001.009999999995,65001.11,65001.21,65001.31]",65000.409999999996,"[0.001,0.002,0.003,0.004,0.005,0.006,0.007,0.008,0.009000000000000001,0.01]",0.001,"[65000.21,65000.11,65000.009999999995,64999.909999999996,64999.81,64999.71,64999.61,64999.509999999995,64999.409999999996,64999.31]",65000.21,"[0.001,0.002,0.003,0.004,0.005,0.006,0.007,0.008,0.009000000000000001,0.01]",0.001,931,mock,InstrumentType.Spot,613226512,mock,BTC-USDT
2199944884,0,0,1783610796211629029,101,depth,"[65000.42,65000.52,65000.62,65000.72,65000.82,65000.92,65001.02,65001.12,65001.22,65001.32]",65000.42,"[0.001,0.002,0.003,0.004,0.005,0.006,0.007,0.008,0.009000000000000001,0.01]",0.001,"[65000.22,65000.12,65000.02,64999.92,64999.82,64999.72,64999.62,64999.52,64999.42,64999.32]",65000.22,"[0.001,0.002,0.003,0.004,0.005,0.006,0.007,0.008,0.009000000000000001,0.01]",0.001,932,mock,InstrumentType.Spot,613226928,mock,BTC-USDT
2199944884,0,0,1783610796211928950,101,depth,"[65000.43,65000.53,65000.630000000005,65000.73,65000.83,65000.93,65001.03,65001.130000000005,65001.23,65001.33]",65000.43,"[0.001,0.002,0.003,0.004,0.005,0.006,0.007,0.008,0.009000000000000001,0.01]",0.001,"[65000.23,65000.130000000005,65000.03,64999.93,64999.83,64999.73,64999.630000000005,64999.53,64999.43,64999.33]",65000.23,"[0.001,0.002,0.003,0.004,0.005,0.006,0.007,0.008,0.009000000000000001,0.01]",0.001,933,mock,InstrumentType.Spot,613227344,mock,BTC-USDT
2199944884,0,0,1783610796212229102,101,depth,"[65000.439999999995,65000.53999999999,65000.64,65000.74,65000.84,65000.939999999995,65001.03999999999,65001.14,65001.24,65001.34]",65000.439999999995,"[0.001,0.002,0.003,0.004,0.005,0.006,0.007,0.008,0.009000000000000001,0.01]",0.001,"[65000.24,65000.14,65000.03999999999,64999.939999999995,64999.84,64999.74,64999.64,64999.53999999999,64999.439999999995,64999.34]",65000.24,"[0.001,0.002,0.003,0.004,0.005,0.006,0.007,0.008,0.009000000000000001,0.01]",0.001,934,mock,InstrumentType.Spot,613227760,mock,BTC-USDT
2199944884,0,0,1783610796212529006,101,depth,"[65000.45,65000.549999999996,65000.65,65000.75,65000.85,65000.95,65001.049999999996,65001.15,65001.25,65001.35]",65000.45,"[0.001,0.002,0.003,0.004,0.005,0.006,0.007,0.008,0.009000000000000001,0.01]",0.001,"[65000.25,65000.15,65000.049999999996,64999.95,64999.85,64999.75,64999.65,64999.549999999996,64999.45,64999.35]",65000.25,"[0.001,0.002,0.003,0.004,0.005,0.006,0.007,0.008,0.009000000000000001,0.01]",0.001,935,mock,InstrumentType.Spot,613228176,mock,BTC-USDT
2199944884,0,0,1783610796212841677,101,depth,"[65000.46,65000.56,65000.66,65000.76,65000.86,65000.96,65001.06,65001.16,65001.26,65001.36]",65000.46,"[0.001,0.002,0.003,0.004,0.005,0.006,0.007,0.008,0.009000000000000001,0.01]",0.001,"[65000.26,65000.16,65000.06,64999.96,64999.86,64999.76,64999.66,64999.56,64999.46,64999.36]",65000.26,"[0.001,0.002,0.003,0.004,0.005,0.006,0.007,0.008,0.009000000000000001,0.01]",0.001,936,mock,InstrumentType.Spot,613228592,mock,BTC-USDT
2199944884,0,0,1783610796213130450,101,depth,"[65000.47,65000.57,65000.670000000006,65000.770000000004,65000.87,65000.97,65001.07,65001.170000000006,65001.270000000004,65001.37]",65000.47,"[0.001,0.002,0.003,0.004,0.005,0.006,0.007,0.008,0.009000000000000001,0.01]",0.001,"[65000.270000000004,65000.170000000006,65000.07,64999.97,64999.87,64999.770000000004,64999.670000000006,64999.57,64999.47,64999.37]",65000.270000000004,"[0.001,0.002,0.003,0.004,0.005,0.006,0.007,0.008,0.009000000000000001,0.01]",0.001,937,mock,InstrumentType.Spot,613229008,mock,BTC-USDT
2199944884,0,0,1783610796213428837,101,depth,"[65000.479999999996,65000.579999999994,65000.68,65000.78,65000.88,65000.979999999996,65001.079999999994,65001.18,65001.28,65001.38]",65000.479999999996,"[0.001,0.002,0.003,0.004,0.005,0.006,0.007,0.008,0.009000000000000001,0.01]",0.001,"[65000.28,65000.18,65000.079999999994,64999.979999999996,64999.88,64999.78,64999.68,64999.579999999994,64999.479999999996,64999.38]",65000.28,"[0.001,0.002,0.003,0.004,0.005,0.006,0.007,0.008,0.009000000000000001,0.01]",0.001,938,mock,InstrumentType.Spot,613229424,mock,BTC-USDT
2199944884,0,0,1783610796213730083,101,depth,"[65000.49,65000.59,65000.69,65000.79,65000.89,65000.99,65001.09,65001.19,65001.29,65001.39]",65000.49,"[0.001,0.002,0.003,0.004,0.005,0.006,0.007,0.008,0.009000000000000001,0.01]",0.001,"[65000.29,65000.19,65000.09,64999.99,64999.89,64999.79,64999.69,64999.59,64999.49,64999.39]",65000.29,"[0.001,0.002,0.003,0.004,0.005,0.006,0.007,0.008,0.009000000000000001,0.01]",0.001,939,mock,InstrumentType.Spot,613229840,mock,BTC-USDT
2199944884,0,0,1783610796214028560,101,depth,"[65000.5,65000.6,65000.700000000004,65000.8,65000.9,65001.0,65001.1,65001.200000000004,65001.3,65001.4]",65000.5,"[0.001,0.002,0.003,0.004,0.005,0.006,0.007,0.008,0.009000000000000001,0.01]",0.001,"[65000.3,65000.200000000004,65000.1,65000.0,64999.9,64999.8,64999.700000000004,64999.6,64999.5,64999.4]",65000.3,"[0.001,0.002,0.003,0.004,0.005,0.006,0.007,0.008,0.009000000000000001,0.01]",0.001,940,mock,InstrumentType.Spot,613230256,mock,BTC-USDT
2199944884,0,0,1783610796214328997,101,depth,"[65000.51,65000.61,65000.71000000001,65000.810000000005,65000.91,65001.01,65001.11,65001.21000000001,65001.310000000005,65001.41]",65000.51,"[0.001,0.002,0.003,0.004,0.005,0.006,0.007,0.008,0.009000000000000001,0.01]",0.001,"[65000.310000000005,65000.21000000001,65000.11,65000.01,64999.91,64999.810000000005,64999.71000000001,64999.61,64999.51,64999.41]",65000.310000000005,"[0.001,0.002,0.003,0.004,0.005,0.006,0.007,0.008,0.009000000000000001,0.01]",0.001,941,mock,InstrumentType.Spot,613230672,mock,BTC-USDT
2199944884,0,0,1783610796214628977,101,depth,"[65000.52,65000.619999999995,65000.72,65000.82,65000.92,65001.02,65001.119999999995,65001.22,65001.32,65001.42]",65000.52,"[0.001,0.002,0.003,0.004,0.005,0.006,0.007,0.008,0.009000000000000001,0.01]",0.001,"[65000.32,65000.22,65000.119999999995,65000.02,64999.92,64999.82,64999.72,64999.619999999995,64999.52,64999.42]",65000.32,"[0.001,0.002,0.003,0.004,0.005,0.006,0.007,0.008,0.009000000000000001,0.01]",0.001,942,mock,InstrumentType.Spot,613231088,mock,BTC-USDT
2199944884,0,0,1783610796214929613,101,depth,"[65000.53,65000.63,65000.73,65000.83,65000.93,65001.03,65001.13,65001.23,65001.33,65001.43]",65000.53,"[0.001,0.002,0.003,0.004,0.005,0.006,0.007,0.008,0.009000000000000001,0.01]",0.001,"[65000.33,65000.23,65000.13,65000.03,64999.93,64999.83,64999.73,64999.63,64999.53,64999.43]",65000.33,"[0.001,0.002,0.003,0.004,0.005,0.006,0.007,0.008,0.009000000000000001,0.01]",0.001,943,mock,InstrumentType.Spot,613231504,mock,BTC-USDT
2199944884,0,0,1783610796215228807,101,depth,"[65000.54,65000.64,65000.740000000005,65000.840000000004,65000.94,65001.04,65001.14,65001.240000000005,65001.340000000004,65001.44]",65000.54,"[0.001,0.002,0.003,0.004,0.005,0.006,0.007,0.008,0.009000000000000001,0.01]",0.001,"[65000.340000000004,65000.240000000005,65000.14,65000.04,64999.94,64999.840000000004,64999.740000000005,64999.64,64999.54,64999.44]",65000.340000000004,"[0.001,0.002,0.003,0.004,0.005,0.006,0.007,0.008,0.009000000000000001,0.01]",0.001,944,mock,InstrumentType.Spot,613231920,mock,BTC-USDT
2199944884,0,0,1783610796215539768,101,depth,"[65000.549999999996,65000.649999999994,65000.75,65000.85,65000.95,65001.049999999996,65001.149999999994,65001.25,65001.35,65001.45]",65000.549999999996,"[0.001,0.002,0.003,0.004,0.005,0.006,0.007,0.008,0.009000000000000001,0.01]",0.001,"[65000.35,65000.25,65000.149999999994,65000.049999999996,64999.95,64999.85,64999.75,64999.649999999994,64999.549999999996,64999.45]",65000.35,"[0.001,0.002,0.003,0.004,0.005,0.006,0.007,0.008,0.009000000000000001,0.01]",0.001,945,mock,InstrumentType.Spot,613232336,mock,BTC-USDT
2199944884,0,0,1783610796215829946,101,depth,"[65000.56,65000.659999999996,65000.76,65000.86,65000.96,65001.06,65001.159999999996,65001.26,65001.36,65001.46]",65000.56,"[0.001,0.002,0.003,0.004,0.005,0.006,0.007,0.008,0.009000000000000001,0.01]",0.001,"[65000.36,65000.26,65000.159999999996,65000.06,64999.96,64999.86,64999.76,64999.659999999996,64999.56,64999.46]",65000.36,"[0.001,0.002,0.003,0.004,0.005,0.006,0.007,0.008,0.009000000000000001,0.01]",0.001,946,mock,InstrumentType.Spot,613232752,mock,BTC-USDT
2199944884,0,0,1783610796216129014,101,depth,"[65000.57,65000.67,65000.770000000004,65000.87,65000.97,65001.07,65001.17,65001.270000000004,65001.37,65001.47]",65000.57,"[0.001,0.002,0.003,0.004,0.005,0.006,0.007,0.008,0.009000000000000001,0.01]",0.001,"[65000.37,65000.270000000004,65000.17,65000.07,64999.97,64999.87,64999.770000000004,64999.67,64999.57,64999.47]",65000.37,"[0.001,0.002,0.003,0.004,0.005,0.006,0.007,0.008,0.009000000000000001,0.01]",0.001,947,mock,InstrumentType.Spot,613233168,mock,BTC-USDT
2199944884,0,0,1783610796216429417,101,depth,"[65000.58,65000.68,65000.780000000006,65000.880000000005,65000.98,65001.08,65001.18,65001.280000000006,65001.380000000005,65001.48]",65000.58,"[0.001,0.002,0.003,0.004,0.005,0.006,0.007,0.008,0.009000000000000001,0.01]",0.001,"[65000.380000000005,65000.280000000006,65000.18,65000.08,64999.98,64999.880000000005,64999.780000000006,64999.68,64999.58,64999.48]",65000.380000000005,"[0.001,0.002,0.003,0.004,0.005,0.006,0.007,0.008,0.009000000000000001,0.01]",0.001,948,mock,InstrumentType.Spot,613233584,mock,BTC-USDT
2199944884,0,0,1783610796216738793,101,depth,"[65000.59,65000.689999999995,65000.79,65000.89,65000.99,65001.09,65001.189999999995,65001.29,65001.39,65001.49]",65000.59,"[0.001,0.002,0.003,0.004,0.005,0.006,0.007,0.008,0.009000000000000001,0.01]",0.001,"[65000.39,65000.29,65000.189999999995,65000.09,64999.99,64999.89,64999.79,64999.689999999995,64999.59,64999.49]",65000.39,"[0.001,0.002,0.003,0.004,0.005,0.006,0.007,0.008,0.009000000000000001,0.01]",0.001,949,mock,InstrumentType.Spot,613234000,mock,BTC-USDT
2199944884,0,0,1783610796217081014,101,depth,"[65000.6,65000.7,65000.8,65000.9,65001.0,65001.1,65001.2,65001.3,65001.4,65001.5]",65000.6,"[0.001,0.002,0.003,0.004,0.005,0.006,0.007,0.008,0.009000000000000001,0.01]",0.001,"[65000.4,65000.3,65000.2,65000.1,65000.0,64999.9,64999.8,64999.7,64999.6,64999.5]",65000.4,"[0.001,0.002,0.003,0.004,0.005,0.006,0.007,0.008,0.009000000000000001,0.01]",0.001,950,mock,InstrumentType.Spot,613234416,mock,BTC-USDT
2199944884,0,0,1783610796217328549,101,depth,"[65000.61,65000.71,65000.810000000005,65000.91,65001.01,65001.11,65001.21,65001.310000000005,65001.41,65001.51]",65000.61,"[0.001,0.002,0.003,0.004,0.005,0.006,0.007,0.008,0.009000000000000001,0.01]",0.001,"[65000.41,65000.310000000005,65000.21,65000.11,65000.01,64999.91,64999.810000000005,64999.71,64999.61,64999.51]",65000.41,"[0.001,0.002,0.003,0.004,0.005,0.006,0.007,0.008,0.009000000000000001,0.01]",0.001,951,mock,InstrumentType.Spot,613234832,mock,BTC-USDT
2199944884,0,0,1783610796217629824,101,depth,"[65000.619999999995,65000.719999999994,65000.82,65000.92,65001.02,65001.119999999995,65001.219999999994,65001.32,65001.42,65001.52]",65000.619999999995,"[0.001,0.002,0.003,0.004,0.005,0.006,0.007,0.008,0.009000000000000001,0.01]",0.001,"[65000.42,65000.32,65000.219999999994,65000.119999999995,65000.02,64999.92,64999.82,64999.719999999994,64999.619999999995,64999.52]",65000.42,"[0.001,0.002,0.003,0.004,0.005,0.006,0.007,0.008,0.009000000000000001,0.01]",0.001,952,mock,InstrumentType.Spot,613235248,mock,BTC-USDT
2199944884,0,0,1783610796217929563,101,depth,"[65000.63,65000.729999999996,65000.83,65000.93,65001.03,65001.13,65001.229999999996,65001.33,65001.43,65001.53]",65000.63,"[0.001,0.002,0.003,0.004,0.005,0.006,0.007,0.008,0.009000000000000001,0.01]",0.001,"[65000.43,65000.33,65000.229999999996,65000.13,65000.03,64999.93,64999.83,64999.729999999996,64999.63,64999.53]",65000.43,"[0.001,0.002,0.003,0.004,0.005,0.006,0.007,0.008,0.009000000000000001,0.01]",0.001,953,mock,InstrumentType.Spot,613235664,mock,BTC-USDT
2199944884,0,0,1783610796218271017,101,depth,"[65000.64,65000.74,65000.840000000004,65000.94,65001.04,65001.14,65001.24,65001.340000000004,65001.44,65001.54]",65000.64,"[0.001,0.002,0.003,0.004,0.005,0.006,0.007,0.008,0.009000000000000001,0.01]",0.001,"[65000.44,65000.340000000004,65000.24,65000.14,65000.04,64999.94,64999.840000000004,64999.74,64999.64,64999.54]",65000.44,"[0.001,0.002,0.003,0.004,0.005,0.006,0.007,0.008,0.009000000000000001,0.01]",0.001,954,mock,InstrumentType.Spot,613236080,mock,BTC-USDT
2199944884,0,0,1783610796218539019,101,depth,"[65000.65,65000.75,65000.850000000006,65000.950000000004,65001.05,65001.15,65001.25,65001.350000000006,65001.450000000004,65001.55]",65000.65,"[0.001,0.002,0.003,0.004,0.005,0.006,0.007,0.008,0.009000000000000001,0.01]",0.001,"[65000.450000000004,65000.350000000006,65000.25,65000.15,65000.05,64999.950000000004,64999.850000000006,64999.75,64999.65,64999.55]",65000.450000000004,"[0.001,0.002,0.003,0.004,0.005,0.006,0.007,0.008,0.009000000000000001,0.01]",0.001,955,mock,InstrumentType.Spot,613236496,mock,BTC-USDT
2199944884,0,0,1783610796218829125,101,depth,"[65000.659999999996,65000.759999999995,65000.86,65000.96,65001.06,65001.159999999996,65001.259999999995,65001.36,65001.46,65001.56]",65000.659999999996,"[0.001,0.002,0.003,0.004,0.005,0.006,0.007,0.008,0.009000000000000001,0.01]",0.001,"[65000.46,65000.36,65000.259999999995,65000.159999999996,65000.06,64999.96,64999.86,64999.759999999995,64999.659999999996,64999.56]",65000.46,"[0.001,0.002,0.003,0.004,0.005,0.006,0.007,0.008,0.009000000000000001,0.01]",0.001,956,mock,InstrumentType.Spot,613236912,mock,BTC-USDT
2199944884,0,0,1783610796219128618,101,depth,"[65000.67,65000.77,65000.87,65000.97,65001.07,65001.17,65001.27,65001.37,65001.47,65001.57]",65000.67,"[0.001,0.002,0.003,0.004,0.005,0.006,0.007,0.008,0.009000000000000001,0.01]",0.001,"[65000.47,65000.37,65000.27,65000.17,65000.07,64999.97,64999.87,64999.77,64999.67,64999.57]",65000.47,"[0.001,0.002,0.003,0.004,0.005,0.006,0.007,0.008,0.009000000000000001,0.01]",0.001,957,mock,InstrumentType.Spot,613237328,mock,BTC-USDT
2199944884,0,0,1783610796219429595,101,depth,"[65000.68,65000.78,65000.880000000005,65000.98,65001.08,65001.18,65001.28,65001.380000000005,65001.48,65001.58]",65000.68,"[0.001,0.002,0.003,0.004,0.005,0.006,0.007,0.008,0.009000000000000001,0.01]",0.001,"[65000.48,65000.380000000005,65000.28,65000.18,65000.08,64999.98,64999.880000000005,64999.78,64999.68,64999.58]",65000.48,"[0.001,0.002,0.003,0.004,0.005,0.006,0.007,0.008,0.009000000000000001,0.01]",0.001,958,mock,InstrumentType.Spot,613237744,mock,BTC-USDT
2199944884,0,0,1783610796219728703,101,depth,"[65000.689999999995,65000.78999999999,65000.89,65000.99,65001.09,65001.189999999995,65001.28999999999,65001.39,65001.49,65001.59]",65000.689999999995,"[0.001,0.002,0.003,0.004,0.005,0.006,0.007,0.008,0.009000000000000001,0.01]",0.001,"[65000.49,65000.39,65000.28999999999,65000.189999999995,65000.09,64999.99,64999.89,64999.78999999999,64999.689999999995,64999.59]",65000.49,"[0.001,0.002,0.003,0.004,0.005,0.006,0.007,0.008,0.009000000000000001,0.01]",0.001,959,mock,InstrumentType.Spot,613238160,mock,BTC-USDT
2199944884,0,0,1783610796220029713,101,depth,"[65000.7,65000.799999999996,65000.9,65001.0,65001.1,65001.2,65001.299999999996,65001.4,65001.5,65001.6]",65000.7,"[0.001,0.002,0.003,0.004,0.005,0.006,0.007,0.008,0.009000000000000001,0.01]",0.001,"[65000.5,65000.4,65000.299999999996,65000.2,65000.1,65000.0,64999.9,64999.799999999996,64999.7,64999.6]",65000.5,"[0.001,0.002,0.003,0.004,0.005,0.006,0.007,0.008,0.009000000000000001,0.01]",0.001,960,mock,InstrumentType.Spot,613238576,mock,BTC-USDT
2199944884,0,0,1783610796220328482,101,depth,"[65000.71,65000.81,65000.91,65001.01,65001.11,65001.21,65001.31,65001.41,65001.51,65001.61]",65000.71,"[0.001,0.002,0.003,0.004,0.005,0.006,0.007,0.008,0.009000000000000001,0.01]",0.001,"[65000.51,65000.41,65000.31,65000.21,65000.11,65000.01,64999.91,64999.81,64999.71,64999.61]",65000.51,"[0.001,0.002,0.003,0.004,0.005,0.006,0.007,0.008,0.009000000000000001,0.01]",0.001,961,mock,InstrumentType.Spot,613238992,mock,BTC-USDT
2199944884,0,0,1783610796220628431,101,depth,"[65000.72,65000.82,65000.920000000006,65001.020000000004,65001.12,65001.22,65001.32,65001.420000000006,65001.520000000004,65001.62]",65000.72,"[0.001,0.002,0.003,0.004,0.005,0.006,0.007,0.008,0.009000000000000001,0.01]",0.001,"[65000.520000000004,65000.420000000006,65000.32,65000.22,65000.12,65000.020000000004,64999.920000000006,64999.82,64999.72,64999.62]",65000.520000000004,"[0.001,0.002,0.003,0.004,0.005,0.006,0.007,0.008,0.009000000000000001,0.01]",0.001,962,mock,InstrumentType.Spot,613239408,mock,BTC-USDT
2199944884,0,0,1783610796220928234,101,depth,"[65000.729999999996,65000.829999999994,65000.93,65001.03,65001.13,65001.229999999996,65001.329999999994,65001.43,65001.53,65001.63]",65000.729999999996,"[0.001,0.002,0.003,0.004,0.005,0.006,0.007,0.008,0.009000000000000001,0.01]",0.001,"[65000.53,65000.43,65000.329999999994,65000.229999999996,65000.13,65000.03,64999.93,64999.829999999994,64999.729999999996,64999.63]",65000.53,"[0.001,0.002,0.003,0.004,0.005,0.006,0.007,0.008,0.009000000000000001,0.01]",0.001,963,mock,InstrumentType.Spot,613239824,mock,BTC-USDT
2199944884,0,0,1783610796221228488,101,depth,"[65000.74,65000.84,65000.94,65001.04,65001.14,65001.24,65001.34,65001.44,65001.54,65001.64]",65000.74,"[0.001,0.002,0.003,0.004,0.005,0.006,0.007,0.008,0.009000000000000001,0.01]",0.001,"[65000.54,65000.44,65000.34,65000.24,65000.14,65000.04,64999.94,64999.84,64999.74,64999.64]",65000.54,"[0.001,0.002,0.003,0.004,0.005,0.006,0.007,0.008,0.009000000000000001,0.01]",0.001,964,mock,InstrumentType.Spot,613240240,mock,BTC-USDT
2199944884,0,0,1783610796221538069,101,depth,"[65000.75,65000.85,65000.950000000004,65001.05,65001.15,65001.25,65001.35,65001.450000000004,65001.55,65001.65]",65000.75,"[0.001,0.002,0.003,0.004,0.005,0.006,0.007,0.008,0.009000000000000001,0.01]",0.001,"[65000.55,65000.450000000004,65000.35,65000.25,65000.15,65000.05,64999.950000000004,64999.85,64999.75,64999.65]",65000.55,"[0.001,0.002,0.003,0.004,0.005,0.006,0.007,0.008,0.009000000000000001,0.01]",0.001,965,mock,InstrumentType.Spot,613240656,mock,BTC-USDT
2199944884,0,0,1783610796221828898,101,depth,"[65000.76,65000.86,65000.96000000001,65001.060000000005,65001.16,65001.26,65001.36,65001.46000000001,65001.560000000005,65001.66]",65000.76,"[0.001,0.002,0.003,0.004,0.005,0.006,0.007,0.008,0.009000000000000001,0.01]",0.001,"[65000.560000000005,65000.46000000001,65000.36,65000.26,65000.16,65000.060000000005,64999.96000000001,64999.86,64999.76,64999.66]",65000.560000000005,"[0.001,0.002,0.003,0.004,0.005,0.006,0.007,0.008,0.009000000000000001,0.01]",0.001,966,mock,InstrumentType.Spot,613241072,mock,BTC-USDT
2199944884,0,0,1783610796222129578,101,depth,"[65000.77,65000.869999999995,65000.97,65001.07,65001.17,65001.27,65001.369999999995,65001.47,65001.57,65001.67]",65000.77,"[0.001,0.002,0.003,0.004,0.005,0.006,0.007,0.008,0.009000000000000001,0.01]",0.001,"[65000.57,65000.47,65000.369999999995,65000.27,65000.17,65000.07,64999.97,64999.869999999995,64999.77,64999.67]",65000.57,"[0.001,0.002,0.003,0.004,0.005,0.006,0.007,0.008,0.009000000000000001,0.01]",0.001,967,mock,InstrumentType.Spot,613241488,mock,BTC-USDT
2199944884,0,0,1783610796222428679,101,depth,"[65000.78,65000.88,65000.98,65001.08,65001.18,65001.28,65001.38,65001.48,65001.58,65001.68]",65000.78,"[0.001,0.002,0.003,0.004,0.005,0.006,0.007,0.008,0.009000000000000001,0.01]",0.001,"[65000.58,65000.48,65000.38,65000.28,65000.18,65000.08,64999.98,64999.88,64999.78,64999.68]",65000.58,"[0.001,0.002,0.003,0.004,0.005,0.006,0.007,0.008,0.009000000000000001,0.01]",0.001,968,mock,InstrumentType.Spot,613241904,mock,BTC-USDT
2199944884,0,0,1783610796222728456,101,depth,"[65000.79,65000.89,65000.990000000005,65001.090000000004,65001.19,65001.29,65001.39,65001.490000000005,65001.590000000004,65001.69]",65000.79,"[0.001,0.002,0.003,0.004,0.005,0.006,0.007,0.008,0.009000000000000001,0.01]",0.001,"[65000.590000000004,65000.490000000005,65000.39,65000.29,65000.19,65000.090000000004,64999.990000000005,64999.89,64999.79,64999.69]",65000.590000000004,"[0.001,0.002,0.003,0.004,0.005,0.006,0.007,0.008,0.009000000000000001,0.01]",0.001,969,mock,InstrumentType.Spot,613242320,mock,BTC-USDT
2199944884,0,0,1783610796223029498,101,depth,"[65000.799999999996,65000.899999999994,65001.0,65001.1,65001.2,65001.299999999996,65001.399999999994,65001.5,65001.6,65001.7]",65000.799999999996,"[0.001,0.002,0.003,0.004,0.005,0.006,0.007,0.008,0.009000000000000001,0.01]",0.001,"[65000.6,65000.5,65000.399999999994,65000.299999999996,65000.2,65000.1,65000.0,64999.899999999994,64999.799999999996,64999.7]",65000.6,"[0.001,0.002,0.003,0.004,0.005,0.006,0.007,0.008,0.009000000000000001,0.01]",0.001,970,mock,InstrumentType.Spot,613242736,mock,BTC-USDT
2199944884,0,0,1783610796223328466,101,depth,"[65000.81,65000.909999999996,65001.01,65001.11,65001.21,65001.31,65001.409999999996,65001.51,65001.61,65001.71]",65000.81,"[0.001,0.002,0.003,0.004,0.005,0.006,0.007,0.008,0.009000000000000001,0.01]",0.001,"[65000.61,65000.51,65000.409999999996,65000.31,65000.21,65000.11,65000.01,64999.909999999996,64999.81,64999.71]",65000.61,"[0.001,0.002,0.003,0.004,0.005,0.006,0.007,0.008,0.009000000000000001,0.01]",0.001,971,mock,InstrumentType.Spot,613243152,mock,BTC-USDT
2199944884,0,0,1783610796223628475,101,depth,"[65000.82,65000.92,65001.020000000004,65001.12,65001.22,65001.32,65001.42,65001.520000000004,65001.62,65001.72]",65000.82,"[0.001,0.002,0.003,0.004,0.005,0.006,0.007,0.008,0.009000000000000001,0.01]",0.001,"[65000.62,65000.520000000004,65000.42,65000.32,65000.22,65000.12,65000.020000000004,64999.92,64999.82,64999.72]",65000.62,"[0.001,0.002,0.003,0.004,0.005,0.006,0.007,0.008,0.009000000000000001,0.01]",0.001,972,mock,InstrumentType.Spot,613243568,mock,BTC-USDT
2199944884,0,0,1783610796223928429,101,depth,"[65000.83,65000.93,65001.030000000006,65001.130000000005,65001.23,65001.33,65001.43,65001.530000000006,65001.630000000005,65001.73]",65000.83,"[0.001,0.002,0.003,0.004,0.005,0.006,0.007,0.008,0.009000000000000001,0.01]",0.001,"[65000.630000000005,65000.530000000006,65000.43,65000.33,65000.23,65000.130000000005,65000.030000000006,64999.93,64999.83,64999.73]",65000.630000000005,"[0.001,0.002,0.003,0.004,0.005,0.006,0.007,0.008,0.009000000000000001,0.01]",0.001,973,mock,InstrumentType.Spot,613243984,mock,BTC-USDT
2199944884,0,0,1783610796224237098,101,depth,"[65000.84,65000.939999999995,65001.04,65001.14,65001.24,65001.34,65001.439999999995,65001.54,65001.64,65001.74]",65000.84,"[0.001,0.002,0.003,0.004,0.005,0.006,0.007,0.008,0.009000000000000001,0.01]",0.001,"[65000.64,65000.54,65000.439999999995,65000.34,65000.24,65000.14,65000.04,64999.939999999995,64999.84,64999.74]",65000.64,"[0.001,0.002,0.003,0.004,0.005,0.006,0.007,0.008,0.009000000000000001,0.01]",0.001,974,mock,InstrumentType.Spot,613195008,mock,BTC-USDT
2199944884,0,0,1783610796224529475,101,depth,"[65000.85,65000.95,65001.05,65001.15,65001.25,65001.35,65001.45,65001.55,65001.65,65001.75]",65000.85,"[0.001,0.002,0.003,0.004,0.005,0.006,0.007,0.008,0.009000000000000001,0.01]",0.001,"[65000.65,65000.55,65000.45,65000.35,65000.25,65000.15,65000.05,64999.95,64999.85,64999.75]",65000.65,"[0.001,0.002,0.003,0.004,0.005,0.006,0.007,0.008,0.009000000000000001,0.01]",0.001,975,mock,InstrumentType.Spot,613195568,mock,BTC-USDT
2199944884,0,0,1783610796224828433,101,depth,"[65000.86,65000.96,65001.060000000005,65001.16,65001.26,65001.36,65001.46,65001.560000000005,65001.66,65001.76]",65000.86,"[0.001,0.002,0.003,0.004,0.005,0.006,0.007,0.008,0.009000000000000001,0.01]",0.001,"[65000.66,65000.560000000005,65000.46,65000.36,65000.26,65000.16,65000.060000000005,64999.96,64999.86,64999.76]",65000.66,"[0.001,0.002,0.003,0.004,0.005,0.006,0.007,0.008,0.009000000000000001,0.01]",0.001,976,mock,InstrumentType.Spot,613196128,mock,BTC-USDT
2199944884,0,0,1783610796225129599,101,depth,"[65000.869999999995,65000.969999999994,65001.07,65001.17,65001.27,65001.369999999995,65001.469999999994,65001.57,65001.67,65001.77]",65000.869999999995,"[0.001,0.002,0.003,0.004,0.005,0.006,0.007,0.008,0.009000000000000001,0.01]",0.001,"[65000.67,65000.57,65000.469999999994,65000.369999999995,65000.27,65000.17,65000.07,64999.969999999994,64999.869999999995,64999.77]",65000.67,"[0.001,0.002,0.003,0.004,0.005,0.006,0.007,0.008,0.009000000000000001,0.01]",0.001,977,mock,InstrumentType.Spot,613196688,mock,BTC-USDT
2199944884,0,0,1783610796225428356,101,depth,"[65000.88,65000.979999999996,65001.08,65001.18,65001.28,65001.38,65001.479999999996,65001.58,65001.68,65001.78]",65000.88,"[0.001,0.002,0.003,0.004,0.005,0.006,0.007,0.008,0.009000000000000001,0.01]",0.001,"[65000.68,65000.58,65000.479999999996,65000.38,65000.28,65000.18,65000.08,64999.979999999996,64999.88,64999.78]",65000.68,"[0.001,0.002,0.003,0.004,0.005,0.006,0.007,0.008,0.009000000000000001,0.01]",0.001,978,mock,InstrumentType.Spot,613197248,mock,BTC-USDT
2199944884,0,0,1783610796225729732,101,depth,"[65000.89,65000.99,65001.090000000004,65001.19,65001.29,65001.39,65001.49,65001.590000000004,65001.69,65001.79]",65000.89,"[0.001,0.002,0.003,0.004,0.005,0.006,0.007,0.008,0.009000000000000001,0.01]",0.001,"[65000.69,65000.590000000004,65000.49,65000.39,65000.29,65000.19,65000.090000000004,64999.99,64999.89,64999.79]",65000.69,"[0.001,0.002,0.003,0.004,0.005,0.006,0.007,0.008,0.009000000000000001,0.01]",0.001,979,mock,InstrumentType.Spot,613197808,mock,BTC-USDT
2199944884,0,0,1783610796226028613,101,depth,"[65000.9,65001.0,65001.100000000006,65001.200000000004,65001.3,65001.4,65001.5,65001.600000000006,65001.700000000004,65001.8]",65000.9,"[0.001,0.002,0.003,0.004,0.005,0.006,0.007,0.008,0.009000000000000001,0.01]",0.001,"[65000.700000000004,65000.600000000006,65000.5,65000.4,65000.3,65000.200000000004,65000.100000000006,65000.0,64999.9,64999.8]",65000.700000000004,"[0.001,0.002,0.003,0.004,0.005,0.006,0.007,0.008,0.009000000000000001,0.01]",0.001,980,mock,InstrumentType.Spot,613198368,mock,BTC-USDT
2199944884,0,0,1783610796226329126,101,depth,"[65000.909999999996,65001.009999999995,65001.11,65001.21,65001.31,65001.409999999996,65001.509999999995,65001.61,65001.71,65001.81]",65000.909999999996,"[0.001,0.002,0.003,0.004,0.005,0.006,0.007,0.008,0.009000000000000001,0.01]",0.001,"[65000.71,65000.61,65000.509999999995,65000.409999999996,65000.31,65000.21,65000.11,65000.009999999995,64999.909999999996,64999.81]",65000.71,"[0.001,0.002,0.003,0.004,0.005,0.006,0.007,0.008,0.009000000000000001,0.01]",0.001,981,mock,InstrumentType.Spot,613198928,mock,BTC-USDT
2199944884,0,0,1783610796226628391,101,depth,"[65000.92,65001.02,65001.12,65001.22,65001.32,65001.42,65001.52,65001.62,65001.72,65001.82]",65000.92,"[0.001,0.002,0.003,0.004,0.005,0.006,0.007,0.008,0.009000000000000001,0.01]",0.001,"[65000.72,65000.62,65000.52,65000.42,65000.32,65000.22,65000.12,65000.02,64999.92,64999.82]",65000.72,"[0.001,0.002,0.003,0.004,0.005,0.006,0.007,0.008,0.009000000000000001,0.01]",0.001,982,mock,InstrumentType.Spot,613199488,mock,BTC-USDT
2199944884,0,0,1783610796226928367,101,depth,"[65000.93,65001.03,65001.130000000005,65001.23,65001.33,65001.43,65001.53,65001.630000000005,65001.73,65001.83]",65000.93,"[0.001,0.002,0.003,0.004,0.005,0.006,0.007,0.008,0.009000000000000001,0.01]",0.001,"[65000.73,65000.630000000005,65000.53,65000.43,65000.33,65000.23,65000.130000000005,65000.03,64999.93,64999.83]",65000.73,"[0.001,0.002,0.003,0.004,0.005,0.006,0.007,0.008,0.009000000000000001,0.01]",0.001,983,mock,InstrumentType.Spot,613200048,mock,BTC-USDT
2199944884,0,0,1783610796227238391,101,depth,"[65000.939999999995,65001.03999999999,65001.14,65001.24,65001.34,65001.439999999995,65001.53999999999,65001.64,65001.74,65001.84]",65000.939999999995,"[0.001,0.002,0.003,0.004,0.005,0.006,0.007,0.008,0.009000000000000001,0.01]",0.001,"[65000.74,65000.64,65000.53999999999,65000.439999999995,65000.34,65000.24,65000.14,65000.03999999999,64999.939999999995,64999.84]",65000.74,"[0.001,0.002,0.003,0.004,0.005,0.006,0.007,0.008,0.009000000000000001,0.01]",0.001,984,mock,InstrumentType.Spot,613200608,mock,BTC-USDT
2199944884,0,0,1783610796227528572,101,depth,"[65000.95,65001.049999999996,65001.15,65001.25,65001.35,65001.45,65001.549999999996,65001.65,65001.75,65001.85]",65000.95,"[0.001,0.002,0.003,0.004,0.005,0.006,0.007,0.008,0.009000000000000001,0.01]",0.001,"[65000.75,65000.65,65000.549999999996,65000.45,65000.35,65000.25,65000.15,65000.049999999996,64999.95,64999.85]",65000.75,"[0.001,0.002,0.003,0.004,0.005,0.006,0.007,0.008,0.009000000000000001,0.01]",0.001,985,mock,InstrumentType.Spot,613201168,mock,BTC-USDT
2199944884,0,0,1783610796227828431,101,depth,"[65000.96,65001.06,65001.16,65001.26,65001.36,65001.46,65001.56,65001.66,65001.76,65001.86]",65000.96,"[0.001,0.002,0.003,0.004,0.005,0.006,0.007,0.008,0.009000000000000001,0.01]",0.001,"[65000.76,65000.66,65000.56,65000.46,65000.36,65000.26,65000.16,65000.06,64999.96,64999.86]",65000.76,"[0.001,0.002,0.003,0.004,0.005,0.006,0.007,0.008,0.009000000000000001,0.01]",0.001,986,mock,InstrumentType.Spot,613201728,mock,BTC-USDT
2199944884,0,0,1783610796228129533,101,depth,"[65000.97,65001.07,65001.170000000006,65001.270000000004,65001.37,65001.47,65001.57,65001.670000000006,65001.770000000004,65001.87]",65000.97,"[0.001,0.002,0.003,0.004,0.005,0.006,0.007,0.008,0.009000000000000001,0.01]",0.001,"[65000.770000000004,65000.670000000006,65000.57,65000.47,65000.37,65000.270000000004,65000.170000000006,65000.07,64999.97,64999.87]",65000.770000000004,"[0.001,0.002,0.003,0.004,0.005,0.006,0.007,0.008,0.009000000000000001,0.01]",0.001,987,mock,InstrumentType.Spot,613202288,mock,BTC-USDT
2199944884,0,0,1783610796228428469,101,depth,"[65000.979999999996,65001.079999999994,65001.18,65001.28,65001.38,65001.479999999996,65001.579999999994,65001.68,65001.78,65001.88]",65000.979999999996,"[0.001,0.002,0.003,0.004,0.005,0.006,0.007,0.008,0.009000000000000001,0.01]",0.001,"[65000.78,65000.68,65000.579999999994,65000.479999999996,65000.38,65000.28,65000.18,65000.079999999994,64999.979999999996,64999.88]",65000.78,"[0.001,0.002,0.003,0.004,0.005,0.006,0.007,0.008,0.009000000000000001,0.01]",0.001,988,mock,InstrumentType.Spot,613253216,mock,BTC-USDT
2199944884,0,0,1783610796228729298,101,depth,"[65000.99,65001.09,65001.19,65001.29,65001.39,65001.49,65001.59,65001.69,65001.79,65001.89]",65000.99,"[0.001,0.002,0.003,0.004,0.005,0.006,0.007,0.008,0.009000000000000001,0.01]",0.001,"[65000.79,65000.69,65000.59,65000.49,65000.39,65000.29,65000.19,65000.09,64999.99,64999.89]",65000.79,"[0.001,0.002,0.003,0.004,0.005,0.006,0.007,0.008,0.009000000000000001,0.01]",0.001,989,mock,InstrumentType.Spot,613253632,mock,BTC-USDT
2199944884,0,0,1783610796229028387,101,depth,"[65001.0,65001.1,65001.200000000004,65001.3,65001.4,65001.5,65001.6,65001.700000000004,65001.8,65001.9]",65001.0,"[0.001,0.002,0.003,0.004,0.005,0.006,0.007,0.008,0.009000000000000001,0.01]",0.001,"[65000.8,65000.700000000004,65000.6,65000.5,65000.4,65000.3,65000.200000000004,65000.1,65000.0,64999.9]",65000.8,"[0.001,0.002,0.003,0.004,0.005,0.006,0.007,0.008,0.009000000000000001,0.01]",0.001,990,mock,InstrumentType.Spot,613254048,mock,BTC-USDT
2199944884,0,0,1783610796229329495,101,depth,"[65001.01,65001.11,65001.21000000001,65001.310000000005,65001.41,65001.51,65001.61,65001.71000000001,65001.810000000005,65001.91]",65001.01,"[0.001,0.002,0.003,0.004,0.005,0.006,0.007,0.008,0.009000000000000001,0.01]",0.001,"[65000.810000000005,65000.71000000001,65000.61,65000.51,65000.41,65000.310000000005,65000.21000000001,65000.11,65000.01,64999.91]",65000.810000000005,"[0.001,0.002,0.003,0.004,0.005,0.006,0.007,0.008,0.009000000000000001,0.01]",0.001,991,mock,InstrumentType.Spot,613254464,mock,BTC-USDT
2199944884,0,0,1783610796229629230,101,depth,"[65001.02,65001.119999999995,65001.22,65001.32,65001.42,65001.52,65001.619999999995,65001.72,65001.82,65001.92]",65001.02,"[0.001,0.002,0.003,0.004,0.005,0.006,0.007,0.008,0.009000000000000001,0.01]",0.001,"[65000.82,65000.72,65000.619999999995,65000.52,65000.42,65000.32,65000.22,65000.119999999995,65000.02,64999.92]",65000.82,"[0.001,0.002,0.003,0.004,0.005,0.006,0.007,0.008,0.009000000000000001,0.01]",0.001,992,mock,InstrumentType.Spot,613254880,mock,BTC-USDT
2199944884,0,0,1783610796229935627,101,depth,"[65001.03,65001.13,65001.23,65001.33,65001.43,65001.53,65001.63,65001.73,65001.83,65001.93]",65001.03,"[0.001,0.002,0.003,0.004,0.005,0.006,0.007,0.008,0.009000000000000001,0.01]",0.001,"[65000.83,65000.73,65000.63,65000.53,65000.43,65000.33,65000.23,65000.13,65000.03,64999.93]",65000.83,"[0.001,0.002,0.003,0.004,0.005,0.006,0.007,0.008,0.009000000000000001,0.01]",0.001,993,mock,InstrumentType.Spot,613255296,mock,BTC-USDT
2199944884,0,0,1783610796230229569,101,depth,"[65001.04,65001.14,65001.240000000005,65001.340000000004,65001.44,65001.54,65001.64,65001.740000000005,65001.840000000004,65001.94]",65001.04,"[0.001,0.002,0.003,0.004,0.005,0.006,0.007,0.008,0.009000000000000001,0.01]",0.001,"[65000.840000000004,65000.740000000005,65000.64,65000.54,65000.44,65000.340000000004,65000.240000000005,65000.14,65000.04,64999.94]",65000.840000000004,"[0.001,0.002,0.003,0.004,0.005,0.006,0.007,0.008,0.009000000000000001,0.01]",0.001,994,mock,InstrumentType.Spot,613255712,mock,BTC-USDT
2199944884,0,0,1783610796230528910,101,depth,"[65001.049999999996,65001.149999999994,65001.25,65001.35,65001.45,65001.549999999996,65001.649999999994,65001.75,65001.85,65001.95]",65001.049999999996,"[0.001,0.002,0.003,0.004,0.005,0.006,0.007,0.008,0.009000000000000001,0.01]",0.001,"[65000.85,65000.75,65000.649999999994,65000.549999999996,65000.45,65000.35,65000.25,65000.149999999994,65000.049999999996,64999.95]",65000.85,"[0.001,0.002,0.003,0.004,0.005,0.006,0.007,0.008,0.009000000000000001,0.01]",0.001,995,mock,InstrumentType.Spot,613256128,mock,BTC-USDT
2199944884,0,0,1783610796230829556,101,depth,"[65001.06,65001.159999999996,65001.26,65001.36,65001.46,65001.56,65001.659999999996,65001.76,65001.86,65001.96]",65001.06,"[0.001,0.002,0.003,0.004,0.005,0.006,0.007,0.008,0.009000000000000001,0.01]",0.001,"[65000.86,65000.76,65000.659999999996,65000.56,65000.46,65000.36,65000.26,65000.159999999996,65000.06,64999.96]",65000.86,"[0.001,0.002,0.003,0.004,0.005,0.006,0.007,0.008,0.009000000000000001,0.01]",0.001,996,mock,InstrumentType.Spot,613256544,mock,BTC-USDT
2199944884,0,0,1783610796231129275,101,depth,"[65001.07,65001.17,65001.270000000004,65001.37,65001.47,65001.57,65001.67,65001.770000000004,65001.87,65001.97]",65001.07,"[0.001,0.002,0.003,0.004,0.005,0.006,0.007,0.008,0.009000000000000001,0.01]",0.001,"[65000.87,65000.770000000004,65000.67,65000.57,65000.47,65000.37,65000.270000000004,65000.17,65000.07,64999.97]",65000.87,"[0.001,0.002,0.003,0.004,0.005,0.006,0.007,0.008,0.009000000000000001,0.01]",0.001,997,mock,InstrumentType.Spot,613256960,mock,BTC-USDT
2199944884,0,0,1783610796231429747,101,depth,"[65001.08,65001.18,65001.280000000006,65001.380000000005,65001.48,65001.58,65001.68,65001.780000000006,65001.880000000005,65001.98]",65001.08,"[0.001,0.002,0.003,0.004,0.005,0.006,0.007,0.008,0.009000000000000001,0.01]",0.001,"[65000.880000000005,65000.780000000006,65000.68,65000.58,65000.48,65000.380000000005,65000.280000000006,65000.18,65000.08,64999.98]",65000.880000000005,"[0.001,0.002,0.003,0.004,0.005,0.006,0.007,0.008,0.009000000000000001,0.01]",0.001,998,mock,InstrumentType.Spot,613257376,mock,BTC-USDT
2199944884,0,0,1783610796231728388,101,depth,"[65001.09,65001.189999999995,65001.29,65001.39,65001.49,65001.59,65001.689999999995,65001.79,65001.89,65001.99]",65001.09,"[0.001,0.002,0.003,0.004,0.005,0.006,0.007,0.008,0.009000000000000001,0.01]",0.001,"[65000.89,65000.79,65000.689999999995,65000.59,65000.49,65000.39,65000.29,65000.189999999995,65000.09,64999.99]",65000.89,"[0.001,0.002,0.003,0.004,0.005,0.006,0.007,0.008,0.009000000000000001,0.01]",0.001,999,mock,InstrumentType.Spot,613257792,mock,BTC-USDT
2199944884,0,0,1783610796232029225,101,depth,"[65000.1,65000.2,65000.3,65000.4,65000.5,65000.6,65000.7,65000.8,65000.9,65001.0]",65000.1,"[0.001,0.002,0.003,0.004,0.005,0.006,0.007,0.008,0.009000000000000001,0.01]",0.001,"[64999.9,64999.8,64999.7,64999.6,64999.5,64999.4,64999.3,64999.2,64999.1,64999.0]",64999.9,"[0.001,0.002,0.003,0.004,0.005,0.006,0.007,0.008,0.009000000000000001,0.01]",0.001,1000,mock,InstrumentType.Spot,613258208,mock,BTC-USDT
2199944884,0,0,1783610796232328550,101,depth,"[65000.11,65000.21,65000.310000000005,65000.41,65000.51,65000.61,65000.71,65000.810000000005,65000.91,65001.01]",65000.11,"[0.001,0.002,0.003,0.004,0.005,0.006,0.007,0.008,0.009000000000000001,0.01]",0.001,"[64999.91,64999.810000000005,64999.71,64999.61,64999.51,64999.41,64999.310000000005,64999.21,64999.11,64999.01]",64999.91,"[0.001,0.002,0.003,0.004,0.005,0.006,0.007,0.008,0.009000000000000001,0.01]",0.001,1001,mock,InstrumentType.Spot,613258624,mock,BTC-USDT
2199944884,0,0,1783610796232627899,101,depth,"[65000.119999999995,65000.219999999994,65000.32,65000.42,65000.52,65000.619999999995,65000.719999999994,65000.82,65000.92,65001.02]",65000.119999999995,"[0.001,0.002,0.003,0.004,0.005,0.006,0.007,0.008,0.009000000000000001,0.01]",0.001,"[64999.92,64999.82,64999.719999999994,64999.619999999995,64999.52,64999.42,64999.32,64999.219999999994,64999.119999999995,64999.02]",64999.92,"[0.001,0.002,0.003,0.004,0.005,0.006,0.007,0.008,0.009000000000000001,0.01]",0.001,1002,mock,InstrumentType.Spot,613259040,mock,BTC-USDT
2199944884,0,0,1783610796232936898,101,depth,"[65000.13,65000.229999999996,65000.33,65000.43,65000.53,65000.63,65000.729999999996,65000.83,65000.93,65001.03]",65000.13,"[0.001,0.002,0.003,0.004,0.005,0.006,0.007,0.008,0.009000000000000001,0.01]",0.001,"[64999.93,64999.83,64999.729999999996,64999.63,64999.53,64999.43,64999.33,64999.229999999996,64999.13,64999.03]",64999.93,"[0.001,0.002,0.003,0.004,0.005,0.006,0.007,0.008,0.009000000000000001,0.01]",0.001,1003,mock,InstrumentType.Spot,613259456,mock,BTC-USDT
2199944884,0,0,1783610796233229196,101,depth,"[65000.14,65000.24,65000.340000000004,65000.44,65000.54,65000.64,65000.74,65000.840000000004,65000.94,65001.04]",65000.14,"[0.001,0.002,0.003,0.004,0.005,0.006,0.007,0.008,0.009000000000000001,0.01]",0.001,"[64999.94,64999.840000000004,64999.74,64999.64,64999.54,64999.44,64999.340000000004,64999.24,64999.14,64999.04]",64999.94,"[0.001,0.002,0.003,0.004,0.005,0.006,0.007,0.008,0.009000000000000001,0.01]",0.001,1004,mock,InstrumentType.Spot,613259872,mock,BTC-USDT
2199944884,0,0,1783610796233528660,101,depth,"[65000.15,65000.25,65000.350000000006,65000.450000000004,65000.55,65000.65,65000.75,65000.850000000006,65000.950000000004,65001.05]",65000.15,"[0.001,0.002,0.003,0.004,0.005,0.006,0.007,0.008,0.009000000000000001,0.01]",0.001,"[64999.950000000004,64999.850000000006,64999.75,64999.65,64999.55,64999.450000000004,64999.350000000006,64999.25,64999.15,64999.05]",64999.950000000004,"[0.001,0.002,0.003,0.004,0.005,0.006,0.007,0.008,0.009000000000000001,0.01]",0.001,1005,mock,InstrumentType.Spot,613260288,mock,BTC-USDT
2199944884,0,0,1783610796233829303,101,depth,"[65000.159999999996,65000.259999999995,65000.36,65000.46,65000.56,65000.659999999996,65000.759999999995,65000.86,65000.96,65001.06]",65000.159999999996,"[0.001,0.002,0.003,0.004,0.005,0.006,0.007,0.008,0.009000000000000001,0.01]",0.001,"[64999.96,64999.86,64999.759999999995,64999.659999999996,64999.56,64999.46,64999.36,64999.259999999995,64999.159999999996,64999.06]",64999.96,"[0.001,0.002,0.003,0.004,0.005,0.006,0.007,0.008,0.009000000000000001,0.01]",0.001,1006,mock,InstrumentType.Spot,613260704,mock,BTC-USDT
2199944884,0,0,1783610796234129580,101,depth,"[65000.17,65000.27,65000.37,65000.47,65000.57,65000.67,65000.77,65000.87,65000.97,65001.07]",65000.17,"[0.001,0.002,0.003,0.004,0.005,0.006,0.007,0.008,0.009000000000000001,0.01]",0.001,"[64999.97,64999.87,64999.77,64999.67,64999.57,64999.47,64999.37,64999.27,64999.17,64999.07]",64999.97,"[0.001,0.002,0.003,0.004,0.005,0.006,0.007,0.008,0.009000000000000001,0.01]",0.001,1007,mock,InstrumentType.Spot,613261120,mock,BTC-USDT
2199944884,0,0,1783610796234428564,101,depth,"[65000.18,65000.28,65000.380000000005,65000.48,65000.58,65000.68,65000.78,65000.880000000005,65000.98,65001.08]",65000.18,"[0.001,0.002,0.003,0.004,0.005,0.006,0.007,0.008,0.009000000000000001,0.01]",0.001,"[64999.98,64999.880000000005,64999.78,64999.68,64999.58,64999.48,64999.380000000005,64999.28,64999.18,64999.08]",64999.98,"[0.001,0.002,0.003,0.004,0.005,0.006,0.007,0.008,0.009000000000000001,0.01]",0.001,1008,mock,InstrumentType.Spot,613261536,mock,BTC-USDT
2199944884,0,0,1783610796234728369,101,depth,"[65000.189999999995,65000.28999999999,65000.39,65000.49,65000.59,65000.689999999995,65000.78999999999,65000.89,65000.99,65001.09]",65000.189999999995,"[0.001,0.002,0.003,0.004,0.005,0.006,0.007,0.008,0.009000000000000001,0.01]",0.001,"[64999.99,64999.89,64999.78999999999,64999.689999999995,64999.59,64999.49,64999.39,64999.28999999999,64999.189999999995,64999.09]",64999.99,"[0.001,0.002,0.003,0.004,0.005,0.006,0.007,0.008,0.009000000000000001,0.01]",0.001,1009,mock,InstrumentType.Spot,613261952,mock,BTC-USDT
2199944884,0,0,1783610796235028536,101,depth,"[65000.2,65000.299999999996,65000.4,65000.5,65000.6,65000.7,65000.799999999996,65000.9,65001.0,65001.1]",65000.2,"[0.001,0.002,0.003,0.004,0.005,0.006,0.007,0.008,0.009000000000000001,0.01]",0.001,"[65000.0,64999.9,64999.799999999996,64999.7,64999.6,64999.5,64999.4,64999.299999999996,64999.2,64999.1]",65000.0,"[0.001,0.002,0.003,0.004,0.005,0.006,0.007,0.008,0.009000000000000001,0.01]",0.001,1010,mock,InstrumentType.Spot,613262368,mock,BTC-USDT
2199944884,0,0,1783610796235328569,101,depth,"[65000.21,65000.31,65000.41,65000.51,65000.61,65000.71,65000.81,65000.91,65001.01,65001.11]",65000.21,"[0.001,0.002,0.003,0.004,0.005,0.006,0.007,0.008,0.009000000000000001,0.01]",0.001,"[65000.01,64999.91,64999.81,64999.71,64999.61,64999.51,64999.41,64999.31,64999.21,64999.11]",65000.01,"[0.001,0.002,0.003,0.004,0.005,0.006,0.007,0.008,0.009000000000000001,0.01]",0.001,1011,mock,InstrumentType.Spot,613262784,mock,BTC-USDT
2199944884,0,0,1783610796235642644,101,depth,"[65000.22,65000.32,65000.420000000006,65000.520000000004,65000.62,65000.72,65000.82,65000.920000000006,65001.020000000004,65001.12]",65000.22,"[0.001,0.002,0.003,0.004,0.005,0.006,0.007,0.008,0.009000000000000001,0.01]",0.001,"[65000.020000000004,64999.920000000006,64999.82,64999.72,64999.62,64999.520000000004,64999.420000000006,64999.32,64999.22,64999.12]",65000.020000000004,"[0.001,0.002,0.003,0.004,0.005,0.006,0.007,0.008,0.009000000000000001,0.01]",0.001,1012,mock,InstrumentType.Spot,613263200,mock,BTC-USDT
2199944884,0,0,1783610796235928198,101,depth,"[65000.229999999996,65000.329999999994,65000.43,65000.53,65000.63,65000.729999999996,65000.829999999994,65000.93,65001.03,65001.13]",65000.229999999996,"[0.001,0.002,0.003,0.004,0.005,0.006,0.007,0.008,0.009000000000000001,0.01]",0.001,"[65000.03,64999.93,64999.829999999994,64999.729999999996,64999.63,64999.53,64999.43,64999.329999999994,64999.229999999996,64999.13]",65000.03,"[0.001,0.002,0.003,0.004,0.005,0.006,0.007,0.008,0.009000000000000001,0.01]",0.001,1013,mock,InstrumentType.Spot,613263616,mock,BTC-USDT
2199944884,0,0,1783610796236228054,101,depth,"[65000.24,65000.34,65000.44,65000.54,65000.64,65000.74,65000.84,65000.94,65001.04,65001.14]",65000.24,"[0.001,0.002,0.003,0.004,0.005,0.006,0.007,0.008,0.009000000000000001,0.01]",0.001,"[65000.04,64999.94,64999.84,64999.74,64999.64,64999.54,64999.44,64999.34,64999.24,64999.14]",65000.04,"[0.001,0.002,0.003,0.004,0.005,0.006,0.007,0.008,0.009000000000000001,0.01]",0.001,1014,mock,InstrumentType.Spot,613264032,mock,BTC-USDT
2199944884,0,0,1783610796236528028,101,depth,"[65000.25,65000.35,65000.450000000004,65000.55,65000.65,65000.75,65000.85,65000.950000000004,65001.05,65001.15]",65000.25,"[0.001,0.002,0.003,0.004,0.005,0.006,0.007,0.008,0.009000000000000001,0.01]",0.001,"[65000.05,64999.950000000004,64999.85,64999.75,64999.65,64999.55,64999.450000000004,64999.35,64999.25,64999.15]",65000.05,"[0.001,0.002,0.003,0.004,0.005,0.006,0.007,0.008,0.009000000000000001,0.01]",0.001,1015,mock,InstrumentType.Spot,613264448,mock,BTC-USDT
2199944884,0,0,1783610796236828100,101,depth,"[65000.26,65000.36,65000.46000000001,65000.560000000005,65000.66,65000.76,65000.86,65000.96000000001,65001.060000000005,65001.16]",65000.26,"[0.001,0.002,0.003,0.004,0.005,0.006,0.007,0.008,0.009000000000000001,0.01]",0.001,"[65000.060000000005,64999.96000000001,64999.86,64999.76,64999.66,64999.560000000005,64999.46000000001,64999.36,64999.26,64999.16]",65000.060000000005,"[0.001,0.002,0.003,0.004,0.005,0.006,0.007,0.008,0.009000000000000001,0.01]",0.001,1016,mock,InstrumentType.Spot,613264864,mock,BTC-USDT
2199944884,0,0,1783610796237127996,101,depth,"[65000.27,65000.369999999995,65000.47,65000.57,65000.67,65000.77,65000.869999999995,65000.97,65001.07,65001.17]",65000.27,"[0.001,0.002,0.003,0.004,0.005,0.006,0.007,0.008,0.009000000000000001,0.01]",0.001,"[65000.07,64999.97,64999.869999999995,64999.77,64999.67,64999.57,64999.47,64999.369999999995,64999.27,64999.17]",65000.07,"[0.001,0.002,0.003,0.004,0.005,0.006,0.007,0.008,0.009000000000000001,0.01]",0.001,1017,mock,InstrumentType.Spot,613265280,mock,BTC-USDT
2199944884,0,0,1783610796237428071,101,depth,"[65000.28,65000.38,65000.48,65000.58,65000.68,65000.78,65000.88,65000.98,65001.08,65001.18]",65000.28,"[0.001,0.002,0.003,0.004,0.005,0.006,0.007,0.008,0.009000000000000001,0.01]",0.001,"[65000.08,64999.98,64999.88,64999.78,64999.68,64999.58,64999.48,64999.38,64999.28,64999.18]",65000.08,"[0.001,0.002,0.003,0.004,0.005,0.006,0.007,0.008,0.009000000000000001,0.01]",0.001,1018,mock,InstrumentType.Spot,613265696,mock,BTC-USDT
2199944884,0,0,1783610796237727753,101,depth,"[65000.29,65000.39,65000.490000000005,65000.590000000004,65000.69,65000.79,65000.89,65000.990000000005,65001.090000000004,65001.19]",65000.29,"[0.001,0.002,0.003,0.004,0.005,0.006,0.007,0.008,0.009000000000000001,0.01]",0.001,"[65000.090000000004,64999.990000000005,64999.89,64999.79,64999.69,64999.590000000004,64999.490000000005,64999.39,64999.29,64999.19]",65000.090000000004,"[0.001,0.002,0.003,0.004,0.005,0.006,0.007,0.008,0.009000000000000001,0.01]",0.001,1019,mock,InstrumentType.Spot,613266112,mock,BTC-USDT
2199944884,0,0,1783610796238028242,101,depth,"[65000.299999999996,65000.399999999994,65000.5,65000.6,65000.7,65000.799999999996,65000.899999999994,65001.0,65001.1,65001.2]",65000.299999999996,"[0.001,0.002,0.003,0.004,0.005,0.006,0.007,0.008,0.009000000000000001,0.01]",0.001,"[65000.1,65000.0,64999.899999999994,64999.799999999996,64999.7,64999.6,64999.5,64999.399999999994,64999.299999999996,64999.2]",65000.1,"[0.001,0.002,0.003,0.004,0.005,0.006,0.007,0.008,0.009000000000000001,0.01]",0.001,1020,mock,InstrumentType.Spot,613266528,mock,BTC-USDT
2199944884,0,0,1783610796238327728,101,depth,"[65000.31,65000.409999999996,65000.51,65000.61,65000.71,65000.81,65000.909999999996,65001.01,65001.11,65001.21]",65000.31,"[0.001,0.002,0.003,0.004,0.005,0.006,0.007,0.008,0.009000000000000001,0.01]",0.001,"[65000.11,65000.01,64999.909999999996,64999.81,64999.71,64999.61,64999.51,64999.409999999996,64999.31,64999.21]",65000.11,"[0.001,0.002,0.003,0.004,0.005,0.006,0.007,0.008,0.009000000000000001,0.01]",0.001,1021,mock,InstrumentType.Spot,613266944,mock,BTC-USDT
2199944884,0,0,1783610796238634641,101,depth,"[65000.32,65000.42,65000.520000000004,65000.62,65000.72,65000.82,65000.92,65001.020000000004,65001.12,65001.22]",65000.32,"[0.001,0.002,0.003,0.004,0.005,0.006,0.007,0.008,0.009000000000000001,0.01]",0.001,"[65000.12,65000.020000000004,64999.92,64999.82,64999.72,64999.62,64999.520000000004,64999.42,64999.32,64999.22]",65000.12,"[0.001,0.002,0.003,0.004,0.005,0.006,0.007,0.008,0.009000000000000001,0.01]",0.001,1022,mock,InstrumentType.Spot,613267360,mock,BTC-USDT
2199944884,0,0,1783610796238927949,101,depth,"[65000.33,65000.43,65000.530000000006,65000.630000000005,65000.73,65000.83,65000.93,65001.030000000006,65001.130000000005,65001.23]",65000.33,"[0.001,0.002,0.003,0.004,0.005,0.006,0.007,0.008,0.009000000000000001,0.01]",0.001,"[65000.130000000005,65000.030000000006,64999.93,64999.83,64999.73,64999.630000000005,64999.530000000006,64999.43,64999.33,64999.23]",65000.130000000005,"[0.001,0.002,0.003,0.004,0.005,0.006,0.007,0.008,0.009000000000000001,0.01]",0.001,1023,mock,InstrumentType.Spot,613267776,mock,BTC-USDT
2199944884,0,0,1783610796239227666,101,depth,"[65000.34,65000.439999999995,65000.54,65000.64,65000.74,65000.84,65000.939999999995,65001.04,65001.14,65001.24]",65000.34,"[0.001,0.002,0.003,0.004,0.005,0.006,0.007,0.008,0.009000000000000001,0.01]",0.001,"[65000.14,65000.04,64999.939999999995,64999.84,64999.74,64999.64,64999.54,64999.439999999995,64999.34,64999.24]",65000.14,"[0.001,0.002,0.003,0.004,0.005,0.006,0.007,0.008,0.009000000000000001,0.01]",0.001,1024,mock,InstrumentType.Spot,613268192,mock,BTC-USDT
2199944884,0,0,1783610796239527793,101,depth,"[65000.35,65000.45,65000.55,65000.65,65000.75,65000.85,65000.95,65001.05,65001.15,65001.25]",65000.35,"[0.001,0.002,0.003,0.004,0.005,0.006,0.007,0.008,0.009000000000000001,0.01]",0.001,"[65000.15,65000.05,64999.95,64999.85,64999.75,64999.65,64999.55,64999.45,64999.35,64999.25]",65000.15,"[0.001,0.002,0.003,0.004,0.005,0.006,0.007,0.008,0.009000000000000001,0.01]",0.001,1025,mock,InstrumentType.Spot,613268608,mock,BTC-USDT
2199944884,0,0,1783610796239827707,101,depth,"[65000.36,65000.46,65000.560000000005,65000.66,65000.76,65000.86,65000.96,65001.060000000005,65001.16,65001.26]",65000.36,"[0.001,0.002,0.003,0.004,0.005,0.006,0.007,0.008,0.009000000000000001,0.01]",0.001,"[65000.16,65000.060000000005,64999.96,64999.86,64999.76,64999.66,64999.560000000005,64999.46,64999.36,64999.26]",65000.16,"[0.001,0.002,0.003,0.004,0.005,0.006,0.007,0.008,0.009000000000000001,0.01]",0.001,1026,mock,InstrumentType.Spot,613269136,mock,BTC-USDT
2199944884,0,0,1783610796240127821,101,depth,"[65000.369999999995,65000.469999999994,65000.57,65000.67,65000.77,65000.869999999995,65000.969999999994,65001.07,65001.17,65001.27]",65000.369999999995,"[0.001,0.002,0.003,0.004,0.005,0.006,0.007,0.008,0.009000000000000001,0.01]",0.001,"[65000.17,65000.07,64999.969999999994,64999.869999999995,64999.77,64999.67,64999.57,64999.469999999994,64999.369999999995,64999.27]",65000.17,"[0.001,0.002,0.003,0.004,0.005,0.006,0.007,0.008,0.009000000000000001,0.01]",0.001,1027,mock,InstrumentType.Spot,613269696,mock,BTC-USDT
2199944884,0,0,1783610796240427766,101,depth,"[65000.38,65000.479999999996,65000.58,65000.68,65000.78,65000.88,65000.979999999996,65001.08,65001.18,65001.28]",65000.38,"[0.001,0.002,0.003,0.004,0.005,0.006,0.007,0.008,0.009000000000000001,0.01]",0.001,"[65000.18,65000.08,64999.979999999996,64999.88,64999.78,64999.68,64999.58,64999.479999999996,64999.38,64999.28]",65000.18,"[0.001,0.002,0.003,0.004,0.005,0.006,0.007,0.008,0.009000000000000001,0.01]",0.001,1028,mock,InstrumentType.Spot,613270256,mock,BTC-USDT
2199944884,0,0,1783610796240727792,101,depth,"[65000.39,65000.49,65000.590000000004,65000.69,65000.79,65000.89,65000.99,65001.090000000004,65001.19,65001.29]",65000.39,"[0.001,0.002,0.003,0.004,0.005,0.006,0.007,0.008,0.009000000000000001,0.01]",0.001,"[65000.19,65000.090000000004,64999.99,64999.89,64999.79,64999.69,64999.590000000004,64999.49,64999.39,64999.29]",65000.19,"[0.001,0.002,0.003,0.004,0.005,0.006,0.007,0.008,0.009000000000000001,0.01]",0.001,1029,mock,InstrumentType.Spot,613270816,mock,BTC-USDT
2199944884,0,0,1783610796241029104,101,depth,"[65000.4,65000.5,65000.600000000006,65000.700000000004,65000.8,65000.9,65001.0,65001.100000000006,65001.200000000004,65001.3]",65000.4,"[0.001,0.002,0.003,0.004,0.005,0.006,0.007,0.008,0.009000000000000001,0.01]",0.001,"[65000.200000000004,65000.100000000006,65000.0,64999.9,64999.8,64999.700000000004,64999.600000000006,64999.5,64999.4,64999.3]",65000.200000000004,"[0.001,0.002,0.003,0.004,0.005,0.006,0.007,0.008,0.009000000000000001,0.01]",0.001,1030,mock,InstrumentType.Spot,613271376,mock,BTC-USDT
2199944884,0,0,1783610796241336702,101,depth,"[65000.409999999996,65000.509999999995,65000.61,65000.71,65000.81,65000.909999999996,65001.009999999995,65001.11,65001.21,65001.31]",65000.409999999996,"[0.001,0.002,0.003,0.004,0.005,0.006,0.007,0.008,0.009000000000000001,0.01]",0.001,"[65000.21,65000.11,65000.009999999995,64999.909999999996,64999.81,64999.71,64999.61,64999.509999999995,64999.409999999996,64999.31]",65000.21,"[0.001,0.002,0.003,0.004,0.005,0.006,0.007,0.008,0.009000000000000001,0.01]",0.001,1031,mock,InstrumentType.Spot,613271936,mock,BTC-USDT
2199944884,0,0,1783610796241628364,101,depth,"[65000.42,65000.52,65000.62,65000.72,65000.82,65000.92,65001.02,65001.12,65001.22,65001.32]",65000.42,"[0.001,0.002,0.003,0.004,0.005,0.006,0.007,0.008,0.009000000000000001,0.01]",0.001,"[65000.22,65000.12,65000.02,64999.92,64999.82,64999.72,64999.62,64999.52,64999.42,64999.32]",65000.22,"[0.001,0.002,0.003,0.004,0.005,0.006,0.007,0.008,0.009000000000000001,0.01]",0.001,1032,mock,InstrumentType.Spot,613272496,mock,BTC-USDT
2199944884,0,0,1783610796241928228,101,depth,"[65000.43,65000.53,65000.630000000005,65000.73,65000.83,65000.93,65001.03,65001.130000000005,65001.23,65001.33]",65000.43,"[0.001,0.002,0.003,0.004,0.005,0.006,0.007,0.008,0.009000000000000001,0.01]",0.001,"[65000.23,65000.130000000005,65000.03,64999.93,64999.83,64999.73,64999.630000000005,64999.53,64999.43,64999.33]",65000.23,"[0.001,0.002,0.003,0.004,0.005,0.006,0.007,0.008,0.009000000000000001,0.01]",0.001,1033,mock,InstrumentType.Spot,613273056,mock,BTC-USDT
2199944884,0,0,1783610796242228216,101,depth,"[65000.439999999995,65000.53999999999,65000.64,65000.74,65000.84,65000.939999999995,65001.03999999999,65001.14,65001.24,65001.34]",65000.439999999995,"[0.001,0.002,0.003,0.004,0.005,0.006,0.007,0.008,0.009000000000000001,0.01]",0.001,"[65000.24,65000.14,65000.03999999999,64999.939999999995,64999.84,64999.74,64999.64,64999.53999999999,64999.439999999995,64999.34]",65000.24,"[0.001,0.002,0.003,0.004,0.005,0.006,0.007,0.008,0.009000000000000001,0.01]",0.001,1034,mock,InstrumentType.Spot,613273616,mock,BTC-USDT
2199944884,0,0,1783610796242528082,101,depth,"[65000.45,65000.549999999996,65000.65,65000.75,65000.85,65000.95,65001.049999999996,65001.15,65001.25,65001.35]",65000.45,"[0.001,0.002,0.003,0.004,0.005,0.006,0.007,0.008,0.009000000000000001,0.01]",0.001,"[65000.25,65000.15,65000.049999999996,64999.95,64999.85,64999.75,64999.65,64999.549999999996,64999.45,64999.35]",65000.25,"[0.001,0.002,0.003,0.004,0.005,0.006,0.007,0.008,0.009000000000000001,0.01]",0.001,1035,mock,InstrumentType.Spot,613274176,mock,BTC-USDT
2199944884,0,0,1783610796242828159,101,depth,"[65000.46,65000.56,65000.66,65000.76,65000.86,65000.96,65001.06,65001.16,65001.26,65001.36]",65000.46,"[0.001,0.002,0.003,0.004,0.005,0.006,0.007,0.008,0.009000000000000001,0.01]",0.001,"[65000.26,65000.16,65000.06,64999.96,64999.86,64999.76,64999.66,64999.56,64999.46,64999.36]",65000.26,"[0.001,0.002,0.003,0.004,0.005,0.006,0.007,0.008,0.009000000000000001,0.01]",0.001,1036,mock,InstrumentType.Spot,613274736,mock,BTC-USDT
2199944884,0,0,1783610796243128635,101,depth,"[65000.47,65000.57,65000.670000000006,65000.770000000004,65000.87,65000.97,65001.07,65001.170000000006,65001.270000000004,65001.37]",65000.47,"[0.001,0.002,0.003,0.004,0.005,0.006,0.007,0.008,0.009000000000000001,0.01]",0.001,"[65000.270000000004,65000.170000000006,65000.07,64999.97,64999.87,64999.770000000004,64999.670000000006,64999.57,64999.47,64999.37]",65000.270000000004,"[0.001,0.002,0.003,0.004,0.005,0.006,0.007,0.008,0.009000000000000001,0.01]",0.001,1037,mock,InstrumentType.Spot,613275296,mock,BTC-USDT
2199944884,0,0,1783610796243428428,101,depth,"[65000.479999999996,65000.579999999994,65000.68,65000.78,65000.88,65000.979999999996,65001.079999999994,65001.18,65001.28,65001.38]",65000.479999999996,"[0.001,0.002,0.003,0.004,0.005,0.006,0.007,0.008,0.009000000000000001,0.01]",0.001,"[65000.28,65000.18,65000.079999999994,64999.979999999996,64999.88,64999.78,64999.68,64999.579999999994,64999.479999999996,64999.38]",65000.28,"[0.001,0.002,0.003,0.004,0.005,0.006,0.007,0.008,0.009000000000000001,0.01]",0.001,1038,mock,InstrumentType.Spot,613275856,mock,BTC-USDT
2199944884,0,0,1783610796243727917,101,depth,"[65000.49,65000.59,65000.69,65000.79,65000.89,65000.99,65001.09,65001.19,65001.29,65001.39]",65000.49,"[0.001,0.002,0.003,0.004,0.005,0.006,0.007,0.008,0.009000000000000001,0.01]",0.001,"[65000.29,65000.19,65000.09,64999.99,64999.89,64999.79,64999.69,64999.59,64999.49,64999.39]",65000.29,"[0.001,0.002,0.003,0.004,0.005,0.006,0.007,0.008,0.009000000000000001,0.01]",0.001,1039,mock,InstrumentType.Spot,613276416,mock,BTC-USDT
2199944884,0,0,1783610796244028242,101,depth,"[65000.5,65000.6,65000.700000000004,65000.8,65000.9,65001.0,65001.1,65001.200000000004,65001.3,65001.4]",65000.5,"[0.001,0.002,0.003,0.004,0.005,0.006,0.007,0.008,0.009000000000000001,0.01]",0.001,"[65000.3,65000.200000000004,65000.1,65000.0,64999.9,64999.8,64999.700000000004,64999.6,64999.5,64999.4]",65000.3,"[0.001,0.002,0.003,0.004,0.005,0.006,0.007,0.008,0.009000000000000001,0.01]",0.001,1040,mock,InstrumentType.Spot,613276976,mock,BTC-USDT
2199944884,0,0,1783610796244341125,101,depth,"[65000.51,65000.61,65000.71000000001,65000.810000000005,65000.91,65001.01,65001.11,65001.21000000001,65001.310000000005,65001.41]",65000.51,"[0.001,0.002,0.003,0.004,0.005,0.006,0.007,0.008,0.009000000000000001,0.01]",0.001,"[65000.310000000005,65000.21000000001,65000.11,65000.01,64999.91,64999.810000000005,64999.71000000001,64999.61,64999.51,64999.41]",65000.310000000005,"[0.001,0.002,0.003,0.004,0.005,0.006,0.007,0.008,0.009000000000000001,0.01]",0.001,1041,mock,InstrumentType.Spot,613277536,mock,BTC-USDT
2199944884,0,0,1783610796244628184,101,depth,"[65000.52,65000.619999999995,65000.72,65000.82,65000.92,65001.02,65001.119999999995,65001.22,65001.32,65001.42]",65000.52,"[0.001,0.002,0.003,0.004,0.005,0.006,0.007,0.008,0.009000000000000001,0.01]",0.001,"[65000.32,65000.22,65000.119999999995,65000.02,64999.92,64999.82,64999.72,64999.619999999995,64999.52,64999.42]",65000.32,"[0.001,0.002,0.003,0.004,0.005,0.006,0.007,0.008,0.009000000000000001,0.01]",0.001,1042,mock,InstrumentType.Spot,613278096,mock,BTC-USDT
2199944884,0,0,1783610796244928321,101,depth,"[65000.53,65000.63,65000.73,65000.83,65000.93,65001.03,65001.13,65001.23,65001.33,65001.43]",65000.53,"[0.001,0.002,0.003,0.004,0.005,0.006,0.007,0.008,0.009000000000000001,0.01]",0.001,"[65000.33,65000.23,65000.13,65000.03,64999.93,64999.83,64999.73,64999.63,64999.53,64999.43]",65000.33,"[0.001,0.002,0.003,0.004,0.005,0.006,0.007,0.008,0.009000000000000001,0.01]",0.001,1043,mock,InstrumentType.Spot,613278656,mock,BTC-USDT
2199944884,0,0,1783610796245228181,101,depth,"[65000.54,65000.64,65000.740000000005,65000.840000000004,65000.94,65001.04,65001.14,65001.240000000005,65001.340000000004,65001.44]",65000.54,"[0.001,0.002,0.003,0.004,0.005,0.006,0.007,0.008,0.009000000000000001,0.01]",0.001,"[65000.340000000004,65000.240000000005,65000.14,65000.04,64999.94,64999.840000000004,64999.740000000005,64999.64,64999.54,64999.44]",65000.340000000004,"[0.001,0.002,0.003,0.004,0.005,0.006,0.007,0.008,0.009000000000000001,0.01]",0.001,1044,mock,InstrumentType.Spot,613279216,mock,BTC-USDT
2199944884,0,0,1783610796245528059,101,depth,"[65000.549999999996,65000.649999999994,65000.75,65000.85,65000.95,65001.049999999996,65001.149999999994,65001.25,65001.35,65001.45]",65000.549999999996,"[0.001,0.002,0.003,0.004,0.005,0.006,0.007,0.008,0.009000000000000001,0.01]",0.001,"[65000.35,65000.25,65000.149999999994,65000.049999999996,64999.95,64999.85,64999.75,64999.649999999994,64999.549999999996,64999.45]",65000.35,"[0.001,0.002,0.003,0.004,0.005,0.006,0.007,0.008,0.009000000000000001,0.01]",0.001,1045,mock,InstrumentType.Spot,613279776,mock,BTC-USDT
2199944884,0,0,1783610796245827796,101,depth,"[65000.56,65000.659999999996,65000.76,65000.86,65000.96,65001.06,65001.159999999996,65001.26,65001.36,65001.46]",65000.56,"[0.001,0.002,0.003,0.004,0.005,0.006,0.007,0.008,0.009000000000000001,0.01]",0.001,"[65000.36,65000.26,65000.159999999996,65000.06,64999.96,64999.86,64999.76,64999.659999999996,64999.56,64999.46]",65000.36,"[0.001,0.002,0.003,0.004,0.005,0.006,0.007,0.008,0.009000000000000001,0.01]",0.001,1046,mock,InstrumentType.Spot,613280336,mock,BTC-USDT
2199944884,0,0,1783610796246128000,101,depth,"[65000.57,65000.67,65000.770000000004,65000.87,65000.97,65001.07,65001.17,65001.270000000004,65001.37,65001.47]",65000.57,"[0.001,0.002,0.003,0.004,0.005,0.006,0.007,0.008,0.009000000000000001,0.01]",0.001,"[65000.37,65000.270000000004,65000.17,65000.07,64999.97,64999.87,64999.770000000004,64999.67,64999.57,64999.47]",65000.37,"[0.001,0.002,0.003,0.004,0.005,0.006,0.007,0.008,0.009000000000000001,0.01]",0.001,1047,mock,InstrumentType.Spot,613280896,mock,BTC-USDT
2199944884,0,0,1783610796246428181,101,depth,"[65000.58,65000.68,65000.780000000006,65000.880000000005,65000.98,65001.08,65001.18,65001.280000000006,65001.380000000005,65001.48]",65000.58,"[0.001,0.002,0.003,0.004,0.005,0.006,0.007,0.008,0.009000000000000001,0.01]",0.001,"[65000.380000000005,65000.280000000006,65000.18,65000.08,64999.98,64999.880000000005,64999.780000000006,64999.68,64999.58,64999.48]",65000.380000000005,"[0.001,0.002,0.003,0.004,0.005,0.006,0.007,0.008,0.009000000000000001,0.01]",0.001,1048,mock,InstrumentType.Spot,613281456,mock,BTC-USDT
2199944884,0,0,1783610796246728045,101,depth,"[65000.59,65000.689999999995,65000.79,65000.89,65000.99,65001.09,65001.189999999995,65001.29,65001.39,65001.49]",65000.59,"[0.001,0.002,0.003,0.004,0.005,0.006,0.007,0.008,0.009000000000000001,0.01]",0.001,"[65000.39,65000.29,65000.189999999995,65000.09,64999.99,64999.89,64999.79,64999.689999999995,64999.59,64999.49]",65000.39,"[0.001,0.002,0.003,0.004,0.005,0.006,0.007,0.008,0.009000000000000001,0.01]",0.001,1049,mock,InstrumentType.Spot,613282016,mock,BTC-USDT
2199944884,0,0,1783610796247027883,101,depth,"[65000.6,65000.7,65000.8,65000.9,65001.0,65001.1,65001.2,65001.3,65001.4,65001.5]",65000.6,"[0.001,0.002,0.003,0.004,0.005,0.006,0.007,0.008,0.009000000000000001,0.01]",0.001,"[65000.4,65000.3,65000.2,65000.1,65000.0,64999.9,64999.8,64999.7,64999.6,64999.5]",65000.4,"[0.001,0.002,0.003,0.004,0.005,0.006,0.007,0.008,0.009000000000000001,0.01]",0.001,1050,mock,InstrumentType.Spot,613282576,mock,BTC-USDT
2199944884,0,0,1783610796247346258,101,depth,"[65000.61,65000.71,65000.810000000005,65000.91,65001.01,65001.11,65001.21,65001.310000000005,65001.41,65001.51]",65000.61,"[0.001,0.002,0.003,0.004,0.005,0.006,0.007,0.008,0.009000000000000001,0.01]",0.001,"[65000.41,65000.310000000005,65000.21,65000.11,65000.01,64999.91,64999.810000000005,64999.71,64999.61,64999.51]",65000.41,"[0.001,0.002,0.003,0.004,0.005,0.006,0.007,0.008,0.009000000000000001,0.01]",0.001,1051,mock,InstrumentType.Spot,613283136,mock,BTC-USDT
2199944884,0,0,1783610796247628655,101,depth,"[65000.619999999995,65000.719999999994,65000.82,65000.92,65001.02,65001.119999999995,65001.219999999994,65001.32,65001.42,65001.52]",65000.619999999995,"[0.001,0.002,0.003,0.004,0.005,0.006,0.007,0.008,0.009000000000000001,0.01]",0.001,"[65000.42,65000.32,65000.219999999994,65000.119999999995,65000.02,64999.92,64999.82,64999.719999999994,64999.619999999995,64999.52]",65000.42,"[0.001,0.002,0.003,0.004,0.005,0.006,0.007,0.008,0.009000000000000001,0.01]",0.001,1052,mock,InstrumentType.Spot,613283696,mock,BTC-USDT
2199944884,0,0,1783610796247928024,101,depth,"[65000.63,65000.729999999996,65000.83,65000.93,65001.03,65001.13,65001.229999999996,65001.33,65001.43,65001.53]",65000.63,"[0.001,0.002,0.003,0.004,0.005,0.006,0.007,0.008,0.009000000000000001,0.01]",0.001,"[65000.43,65000.33,65000.229999999996,65000.13,65000.03,64999.93,64999.83,64999.729999999996,64999.63,64999.53]",65000.43,"[0.001,0.002,0.003,0.004,0.005,0.006,0.007,0.008,0.009000000000000001,0.01]",0.001,1053,mock,InstrumentType.Spot,613284256,mock,BTC-USDT
2199944884,0,0,1783610796248228727,101,depth,"[65000.64,65000.74,65000.840000000004,65000.94,65001.04,65001.14,65001.24,65001.340000000004,65001.44,65001.54]",65000.64,"[0.001,0.002,0.003,0.004,0.005,0.006,0.007,0.008,0.009000000000000001,0.01]",0.001,"[65000.44,65000.340000000004,65000.24,65000.14,65000.04,64999.94,64999.840000000004,64999.74,64999.64,64999.54]",65000.44,"[0.001,0.002,0.003,0.004,0.005,0.006,0.007,0.008,0.009000000000000001,0.01]",0.001,1054,mock,InstrumentType.Spot,613284816,mock,BTC-USDT
2199944884,0,0,1783610796248528175,101,depth,"[65000.65,65000.75,65000.850000000006,65000.950000000004,65001.05,65001.15,65001.25,65001.350000000006,65001.450000000004,65001.55]",65000.65,"[0.001,0.002,0.003,0.004,0.005,0.006,0.007,0.008,0.009000000000000001,0.01]",0.001,"[65000.450000000004,65000.350000000006,65000.25,65000.15,65000.05,64999.950000000004,64999.850000000006,64999.75,64999.65,64999.55]",65000.450000000004,"[0.001,0.002,0.003,0.004,0.005,0.006,0.007,0.008,0.009000000000000001,0.01]",0.001,1055,mock,InstrumentType.Spot,613285376,mock,BTC-USDT
2199944884,0,0,1783610796248827943,101,depth,"[65000.659999999996,65000.759999999995,65000.86,65000.96,65001.06,65001.159999999996,65001.259999999995,65001.36,65001.46,65001.56]",65000.659999999996,"[0.001,0.002,0.003,0.004,0.005,0.006,0.007,0.008,0.009000000000000001,0.01]",0.001,"[65000.46,65000.36,65000.259999999995,65000.159999999996,65000.06,64999.96,64999.86,64999.759999999995,64999.659999999996,64999.56]",65000.46,"[0.001,0.002,0.003,0.004,0.005,0.006,0.007,0.008,0.009000000000000001,0.01]",0.001,1056,mock,InstrumentType.Spot,613285936,mock,BTC-USDT
2199944884,0,0,1783610796249127906,101,depth,"[65000.67,65000.77,65000.87,65000.97,65001.07,65001.17,65001.27,65001.37,65001.47,65001.57]",65000.67,"[0.001,0.002,0.003,0.004,0.005,0.006,0.007,0.008,0.009000000000000001,0.01]",0.001,"[65000.47,65000.37,65000.27,65000.17,65000.07,64999.97,64999.87,64999.77,64999.67,64999.57]",65000.47,"[0.001,0.002,0.003,0.004,0.005,0.006,0.007,0.008,0.009000000000000001,0.01]",0.001,1057,mock,InstrumentType.Spot,613286496,mock,BTC-USDT
2199944884,0,0,1783610796249427863,101,depth,"[65000.68,65000.78,65000.880000000005,65000.98,65001.08,65001.18,65001.28,65001.380000000005,65001.48,65001.58]",65000.68,"[0.001,0.002,0.003,0.004,0.005,0.006,0.007,0.008,0.009000000000000001,0.01]",0.001,"[65000.48,65000.380000000005,65000.28,65000.18,65000.08,64999.98,64999.880000000005,64999.78,64999.68,64999.58]",65000.48,"[0.001,0.002,0.003,0.004,0.005,0.006,0.007,0.008,0.009000000000000001,0.01]",0.001,1058,mock,InstrumentType.Spot,613287056,mock,BTC-USDT
2199944884,0,0,1783610796249727890,101,depth,"[65000.689999999995,65000.78999999999,65000.89,65000.99,65001.09,65001.189999999995,65001.28999999999,65001.39,65001.49,65001.59]",65000.689999999995,"[0.001,0.002,0.003,0.004,0.005,0.006,0.007,0.008,0.009000000000000001,0.01]",0.001,"[65000.49,65000.39,65000.28999999999,65000.189999999995,65000.09,64999.99,64999.89,64999.78999999999,64999.689999999995,64999.59]",65000.49,"[0.001,0.002,0.003,0.004,0.005,0.006,0.007,0.008,0.009000000000000001,0.01]",0.001,1059,mock,InstrumentType.Spot,613287616,mock,BTC-USDT
2199944884,0,0,1783610796250072788,101,depth,"[65000.7,65000.799999999996,65000.9,65001.0,65001.1,65001.2,65001.299999999996,65001.4,65001.5,65001.6]",65000.7,"[0.001,0.002,0.003,0.004,0.005,0.006,0.007,0.008,0.009000000000000001,0.01]",0.001,"[65000.5,65000.4,65000.299999999996,65000.2,65000.1,65000.0,64999.9,64999.799999999996,64999.7,64999.6]",65000.5,"[0.001,0.002,0.003,0.004,0.005,0.006,0.007,0.008,0.009000000000000001,0.01]",0.001,1060,mock,InstrumentType.Spot,613288176,mock,BTC-USDT
2199944884,0,0,1783610796250327859,101,depth,"[65000.71,65000.81,65000.91,65001.01,65001.11,65001.21,65001.31,65001.41,65001.51,65001.61]",65000.71,"[0.001,0.002,0.003,0.004,0.005,0.006,0.007,0.008,0.009000000000000001,0.01]",0.001,"[65000.51,65000.41,65000.31,65000.21,65000.11,65000.01,64999.91,64999.81,64999.71,64999.61]",65000.51,"[0.001,0.002,0.003,0.004,0.005,0.006,0.007,0.008,0.009000000000000001,0.01]",0.001,1061,mock,InstrumentType.Spot,613288736,mock,BTC-USDT
2199944884,0,0,1783610796250627713,101,depth,"[65000.72,65000.82,65000.920000000006,65001.020000000004,65001.12,65001.22,65001.32,65001.420000000006,65001.520000000004,65001.62]",65000.72,"[0.001,0.002,0.003,0.004,0.005,0.006,0.007,0.008,0.009000000000000001,0.01]",0.001,"[65000.520000000004,65000.420000000006,65000.32,65000.22,65000.12,65000.020000000004,64999.920000000006,64999.82,64999.72,64999.62]",65000.520000000004,"[0.001,0.002,0.003,0.004,0.005,0.006,0.007,0.008,0.009000000000000001,0.01]",0.001,1062,mock,InstrumentType.Spot,613289296,mock,BTC-USDT
2199944884,0,0,1783610796250927687,101,depth,"[65000.729999999996,65000.829999999994,65000.93,65001.03,65001.13,65001.229999999996,65001.329999999994,65001.43,65001.53,65001.63]",65000.729999999996,"[0.001,0.002,0.003,0.004,0.005,0.006,0.007,0.008,0.009000000000000001,0.01]",0.001,"[65000.53,65000.43,65000.329999999994,65000.229999999996,65000.13,65000.03,64999.93,64999.829999999994,64999.729999999996,64999.63]",65000.53,"[0.001,0.002,0.003,0.004,0.005,0.006,0.007,0.008,0.009000000000000001,0.01]",0.001,1063,mock,InstrumentType.Spot,613289856,mock,BTC-USDT
2199944884,0,0,1783610796251227834,101,depth,"[65000.74,65000.84,65000.94,65001.04,65001.14,65001.24,65001.34,65001.44,65001.54,65001.64]",65000.74,"[0.001,0.002,0.003,0.004,0.005,0.006,0.007,0.008,0.009000000000000001,0.01]",0.001,"[65000.54,65000.44,65000.34,65000.24,65000.14,65000.04,64999.94,64999.84,64999.74,64999.64]",65000.54,"[0.001,0.002,0.003,0.004,0.005,0.006,0.007,0.008,0.009000000000000001,0.01]",0.001,1064,mock,InstrumentType.Spot,613290416,mock,BTC-USDT
2199944884,0,0,1783610796251527666,101,depth,"[65000.75,65000.85,65000.950000000004,65001.05,65001.15,65001.25,65001.35,65001.450000000004,65001.55,65001.65]",65000.75,"[0.001,0.002,0.003,0.004,0.005,0.006,0.007,0.008,0.009000000000000001,0.01]",0.001,"[65000.55,65000.450000000004,65000.35,65000.25,65000.15,65000.05,64999.950000000004,64999.85,64999.75,64999.65]",65000.55,"[0.001,0.002,0.003,0.004,0.005,0.006,0.007,0.008,0.009000000000000001,0.01]",0.001,1065,mock,InstrumentType.Spot,613290976,mock,BTC-USDT
2199944884,0,0,1783610796251827686,101,depth,"[65000.76,65000.86,65000.96000000001,65001.060000000005,65001.16,65001.26,65001.36,65001.46000000001,65001.560000000005,65001.66]",65000.76,"[0.001,0.002,0.003,0.004,0.005,0.006,0.007,0.008,0.009000000000000001,0.01]",0.001,"[65000.560000000005,65000.46000000001,65000.36,65000.26,65000.16,65000.060000000005,64999.96000000001,64999.86,64999.76,64999.66]",65000.560000000005,"[0.001,0.002,0.003,0.004,0.005,0.006,0.007,0.008,0.009000000000000001,0.01]",0.001,1066,mock,InstrumentType.Spot,613291536,mock,BTC-USDT
2199944884,0,0,1783610796252128300,101,depth,"[65000.77,65000.869999999995,65000.97,65001.07,65001.17,65001.27,65001.369999999995,65001.47,65001.57,65001.67]",65000.77,"[0.001,0.002,0.003,0.004,0.005,0.006,0.007,0.008,0.009000000000000001,0.01]",0.001,"[65000.57,65000.47,65000.369999999995,65000.27,65000.17,65000.07,64999.97,64999.869999999995,64999.77,64999.67]",65000.57,"[0.001,0.002,0.003,0.004,0.005,0.006,0.007,0.008,0.009000000000000001,0.01]",0.001,1067,mock,InstrumentType.Spot,613292096,mock,BTC-USDT
2199944884,0,0,1783610796252428012,101,depth,"[65000.78,65000.88,65000.98,65001.08,65001.18,65001.28,65001.38,65001.48,65001.58,65001.68]",65000.78,"[0.001,0.002,0.003,0.004,0.005,0.006,0.007,0.008,0.009000000000000001,0.01]",0.001,"[65000.58,65000.48,65000.38,65000.28,65000.18,65000.08,64999.98,64999.88,64999.78,64999.68]",65000.58,"[0.001,0.002,0.003,0.004,0.005,0.006,0.007,0.008,0.009000000000000001,0.01]",0.001,1068,mock,InstrumentType.Spot,613292656,mock,BTC-USDT
2199944884,0,0,1783610796252727593,101,depth,"[65000.79,65000.89,65000.990000000005,65001.090000000004,65001.19,65001.29,65001.39,65001.490000000005,65001.590000000004,65001.69]",65000.79,"[0.001,0.002,0.003,0.004,0.005,0.006,0.007,0.008,0.009000000000000001,0.01]",0.001,"[65000.590000000004,65000.490000000005,65000.39,65000.29,65000.19,65000.090000000004,64999.990000000005,64999.89,64999.79,64999.69]",65000.590000000004,"[0.001,0.002,0.003,0.004,0.005,0.006,0.007,0.008,0.009000000000000001,0.01]",0.001,1069,mock,InstrumentType.Spot,613293216,mock,BTC-USDT
2199944884,0,0,1783610796253035966,101,depth,"[65000.799999999996,65000.899999999994,65001.0,65001.1,65001.2,65001.299999999996,65001.399999999994,65001.5,65001.6,65001.7]",65000.799999999996,"[0.001,0.002,0.003,0.004,0.005,0.006,0.007,0.008,0.009000000000000001,0.01]",0.001,"[65000.6,65000.5,65000.399999999994,65000.299999999996,65000.2,65000.1,65000.0,64999.899999999994,64999.799999999996,64999.7]",65000.6,"[0.001,0.002,0.003,0.004,0.005,0.006,0.007,0.008,0.009000000000000001,0.01]",0.001,1070,mock,InstrumentType.Spot,613293776,mock,BTC-USDT
2199944884,0,0,1783610796253327717,101,depth,"[65000.81,65000.909999999996,65001.01,65001.11,65001.21,65001.31,65001.409999999996,65001.51,65001.61,65001.71]",65000.81,"[0.001,0.002,0.003,0.004,0.005,0.006,0.007,0.008,0.009000000000000001,0.01]",0.001,"[65000.61,65000.51,65000.409999999996,65000.31,65000.21,65000.11,65000.01,64999.909999999996,64999.81,64999.71]",65000.61,"[0.001,0.002,0.003,0.004,0.005,0.006,0.007,0.008,0.009000000000000001,0.01]",0.001,1071,mock,InstrumentType.Spot,613294336,mock,BTC-USDT
2199944884,0,0,1783610796253627647,101,depth,"[65000.82,65000.92,65001.020000000004,65001.12,65001.22,65001.32,65001.42,65001.520000000004,65001.62,65001.72]",65000.82,"[0.001,0.002,0.003,0.004,0.005,0.006,0.007,0.008,0.009000000000000001,0.01]",0.001,"[65000.62,65000.520000000004,65000.42,65000.32,65000.22,65000.12,65000.020000000004,64999.92,64999.82,64999.72]",65000.62,"[0.001,0.002,0.003,0.004,0.005,0.006,0.007,0.008,0.009000000000000001,0.01]",0.001,1072,mock,InstrumentType.Spot,613294896,mock,BTC-USDT
2199944884,0,0,1783610796253928090,101,depth,"[65000.83,65000.93,65001.030000000006,65001.130000000005,65001.23,65001.33,65001.43,65001.530000000006,65001.630000000005,65001.73]",65000.83,"[0.001,0.002,0.003,0.004,0.005,0.006,0.007,0.008,0.009000000000000001,0.01]",0.001,"[65000.630000000005,65000.530000000006,65000.43,65000.33,65000.23,65000.130000000005,65000.030000000006,64999.93,64999.83,64999.73]",65000.630000000005,"[0.001,0.002,0.003,0.004,0.005,0.006,0.007,0.008,0.009000000000000001,0.01]",0.001,1073,mock,InstrumentType.Spot,613295456,mock,BTC-USDT
2199944884,0,0,1783610796254227821,101,depth,"[65000.84,65000.939999999995,65001.04,65001.14,65001.24,65001.34,65001.439999999995,65001.54,65001.64,65001.74]",65000.84,"[0.001,0.002,0.003,0.004,0.005,0.006,0.007,0.008,0.009000000000000001,0.01]",0.001,"[65000.64,65000.54,65000.439999999995,65000.34,65000.24,65000.14,65000.04,64999.939999999995,64999.84,64999.74]",65000.64,"[0.001,0.002,0.003,0.004,0.005,0.006,0.007,0.008,0.009000000000000001,0.01]",0.001,1074,mock,InstrumentType.Spot,613296016,mock,BTC-USDT
2199944884,0,0,1783610796254527889,101,depth,"[65000.85,65000.95,65001.05,65001.15,65001.25,65001.35,65001.45,65001.55,65001.65,65001.75]",65000.85,"[0.001,0.002,0.003,0.004,0.005,0.006,0.007,0.008,0.009000000000000001,0.01]",0.001,"[65000.65,65000.55,65000.45,65000.35,65000.25,65000.15,65000.05,64999.95,64999.85,64999.75]",65000.65,"[0.001,0.002,0.003,0.004,0.005,0.006,0.007,0.008,0.009000000000000001,0.01]",0.001,1075,mock,InstrumentType.Spot,613296576,mock,BTC-USDT
2199944884,0,0,1783610796254827733,101,depth,"[65000.86,65000.96,65001.060000000005,65001.16,65001.26,65001.36,65001.46,65001.560000000005,65001.66,65001.76]",65000.86,"[0.001,0.002,0.003,0.004,0.005,0.006,0.007,0.008,0.009000000000000001,0.01]",0.001,"[65000.66,65000.560000000005,65000.46,65000.36,65000.26,65000.16,65000.060000000005,64999.96,64999.86,64999.76]",65000.66,"[0.001,0.002,0.003,0.004,0.005,0.006,0.007,0.008,0.009000000000000001,0.01]",0.001,1076,mock,InstrumentType.Spot,613297136,mock,BTC-USDT
2199944884,0,0,1783610796255127726,101,depth,"[65000.869999999995,65000.969999999994,65001.07,65001.17,65001.27,65001.369999999995,65001.469999999994,65001.57,65001.67,65001.77]",65000.869999999995,"[0.001,0.002,0.003,0.004,0.005,0.006,0.007,0.008,0.009000000000000001,0.01]",0.001,"[65000.67,65000.57,65000.469999999994,65000.369999999995,65000.27,65000.17,65000.07,64999.969999999994,64999.869999999995,64999.77]",65000.67,"[0.001,0.002,0.003,0.004,0.005,0.006,0.007,0.008,0.009000000000000001,0.01]",0.001,1077,mock,InstrumentType.Spot,613297696,mock,BTC-USDT
2199944884,0,0,1783610796255427702,101,depth,"[65000.88,65000.979999999996,65001.08,65001.18,65001.28,65001.38,65001.479999999996,65001.58,65001.68,65001.78]",65000.88,"[0.001,0.002,0.003,0.004,0.005,0.006,0.007,0.008,0.009000000000000001,0.01]",0.001,"[65000.68,65000.58,65000.479999999996,65000.38,65000.28,65000.18,65000.08,64999.979999999996,64999.88,64999.78]",65000.68,"[0.001,0.002,0.003,0.004,0.005,0.006,0.007,0.008,0.009000000000000001,0.01]",0.001,1078,mock,InstrumentType.Spot,613298256,mock,BTC-USDT
2199944884,0,0,1783610796255732820,101,depth,"[65000.89,65000.99,65001.090000000004,65001.19,65001.29,65001.39,65001.49,65001.590000000004,65001.69,65001.79]",65000.89,"[0.001,0.002,0.003,0.004,0.005,0.006,0.007,0.008,0.009000000000000001,0.01]",0.001,"[65000.69,65000.590000000004,65000.49,65000.39,65000.29,65000.19,65000.090000000004,64999.99,64999.89,64999.79]",65000.69,"[0.001,0.002,0.003,0.004,0.005,0.006,0.007,0.008,0.009000000000000001,0.01]",0.001,1079,mock,InstrumentType.Spot,613298816,mock,BTC-USDT
2199944884,0,0,1783610796256027968,101,depth,"[65000.9,65001.0,65001.100000000006,65001.200000000004,65001.3,65001.4,65001.5,65001.600000000006,65001.700000000004,65001.8]",65000.9,"[0.001,0.002,0.003,0.004,0.005,0.006,0.007,0.008,0.009000000000000001,0.01]",0.001,"[65000.700000000004,65000.600000000006,65000.5,65000.4,65000.3,65000.200000000004,65000.100000000006,65000.0,64999.9,64999.8]",65000.700000000004,"[0.001,0.002,0.003,0.004,0.005,0.006,0.007,0.008,0.009000000000000001,0.01]",0.001,1080,mock,InstrumentType.Spot,613299376,mock,BTC-USDT
2199944884,0,0,1783610796256327741,101,depth,"[65000.909999999996,65001.009999999995,65001.11,65001.21,65001.31,65001.409999999996,65001.509999999995,65001.61,65001.71,65001.81]",65000.909999999996,"[0.001,0.002,0.003,0.004,0.005,0.006,0.007,0.008,0.009000000000000001,0.01]",0.001,"[65000.71,65000.61,65000.509999999995,65000.409999999996,65000.31,65000.21,65000.11,65000.009999999995,64999.909999999996,64999.81]",65000.71,"[0.001,0.002,0.003,0.004,0.005,0.006,0.007,0.008,0.009000000000000001,0.01]",0.001,1081,mock,InstrumentType.Spot,613299936,mock,BTC-USDT
2199944884,0,0,1783610796256627587,101,depth,"[65000.92,65001.02,65001.12,65001.22,65001.32,65001.42,65001.52,65001.62,65001.72,65001.82]",65000.92,"[0.001,0.002,0.003,0.004,0.005,0.006,0.007,0.008,0.009000000000000001,0.01]",0.001,"[65000.72,65000.62,65000.52,65000.42,65000.32,65000.22,65000.12,65000.02,64999.92,64999.82]",65000.72,"[0.001,0.002,0.003,0.004,0.005,0.006,0.007,0.008,0.009000000000000001,0.01]",0.001,1082,mock,InstrumentType.Spot,613300496,mock,BTC-USDT
2199944884,0,0,1783610796256927492,101,depth,"[65000.93,65001.03,65001.130000000005,65001.23,65001.33,65001.43,65001.53,65001.630000000005,65001.73,65001.83]",65000.93,"[0.001,0.002,0.003,0.004,0.005,0.006,0.007,0.008,0.009000000000000001,0.01]",0.001,"[65000.73,65000.630000000005,65000.53,65000.43,65000.33,65000.23,65000.130000000005,65000.03,64999.93,64999.83]",65000.73,"[0.001,0.002,0.003,0.004,0.005,0.006,0.007,0.008,0.009000000000000001,0.01]",0.001,1083,mock,InstrumentType.Spot,613301056,mock,BTC-USDT
2199944884,0,0,1783610796257227629,101,depth,"[65000.939999999995,65001.03999999999,65001.14,65001.24,65001.34,65001.439999999995,65001.53999999999,65001.64,65001.74,65001.84]",65000.939999999995,"[0.001,0.002,0.003,0.004,0.005,0.006,0.007,0.008,0.009000000000000001,0.01]",0.001,"[65000.74,65000.64,65000.53999999999,65000.439999999995,65000.34,65000.24,65000.14,65000.03999999999,64999.939999999995,64999.84]",65000.74,"[0.001,0.002,0.003,0.004,0.005,0.006,0.007,0.008,0.009000000000000001,0.01]",0.001,1084,mock,InstrumentType.Spot,613301616,mock,BTC-USDT
2199944884,0,0,1783610796257527574,101,depth,"[65000.95,65001.049999999996,65001.15,65001.25,65001.35,65001.45,65001.549999999996,65001.65,65001.75,65001.85]",65000.95,"[0.001,0.002,0.003,0.004,0.005,0.006,0.007,0.008,0.009000000000000001,0.01]",0.001,"[65000.75,65000.65,65000.549999999996,65000.45,65000.35,65000.25,65000.15,65000.049999999996,64999.95,64999.85]",65000.75,"[0.001,0.002,0.003,0.004,0.005,0.006,0.007,0.008,0.009000000000000001,0.01]",0.001,1085,mock,InstrumentType.Spot,613302176,mock,BTC-USDT
2199944884,0,0,1783610796257827671,101,depth,"[65000.96,65001.06,65001.16,65001.26,65001.36,65001.46,65001.56,65001.66,65001.76,65001.86]",65000.96,"[0.001,0.002,0.003,0.004,0.005,0.006,0.007,0.008,0.009000000000000001,0.01]",0.001,"[65000.76,65000.66,65000.56,65000.46,65000.36,65000.26,65000.16,65000.06,64999.96,64999.86]",65000.76,"[0.001,0.002,0.003,0.004,0.005,0.006,0.007,0.008,0.009000000000000001,0.01]",0.001,1086,mock,InstrumentType.Spot,613302736,mock,BTC-USDT
2199944884,0,0,1783610796258127643,101,depth,"[65000.97,65001.07,65001.170000000006,65001.270000000004,65001.37,65001.47,65001.57,65001.670000000006,65001.770000000004,65001.87]",65000.97,"[0.001,0.002,0.003,0.004,0.005,0.006,0.007,0.008,0.009000000000000001,0.01]",0.001,"[65000.770000000004,65000.670000000006,65000.57,65000.47,65000.37,65000.270000000004,65000.170000000006,65000.07,64999.97,64999.87]",65000.770000000004,"[0.001,0.002,0.003,0.004,0.005,0.006,0.007,0.008,0.009000000000000001,0.01]",0.001,1087,mock,InstrumentType.Spot,613303296,mock,BTC-USDT
2199944884,0,0,1783610796258427596,101,depth,"[65000.979999999996,65001.079999999994,65001.18,65001.28,65001.38,65001.479999999996,65001.579999999994,65001.68,65001.78,65001.88]",65000.979999999996,"[0.001,0.002,0.003,0.004,0.005,0.006,0.007,0.008,0.009000000000000001,0.01]",0.001,"[65000.78,65000.68,65000.579999999994,65000.479999999996,65000.38,65000.28,65000.18,65000.079999999994,64999.979999999996,64999.88]",65000.78,"[0.001,0.002,0.003,0.004,0.005,0.006,0.007,0.008,0.009000000000000001,0.01]",0.001,1088,mock,InstrumentType.Spot,613303856,mock,BTC-USDT
2199944884,0,0,1783610796258732290,101,depth,"[65000.99,65001.09,65001.19,65001.29,65001.39,65001.49,65001.59,65001.69,65001.79,65001.89]",65000.99,"[0.001,0.002,0.003,0.004,0.005,0.006,0.007,0.008,0.009000000000000001,0.01]",0.001,"[65000.79,65000.69,65000.59,65000.49,65000.39,65000.29,65000.19,65000.09,64999.99,64999.89]",65000.79,"[0.001,0.002,0.003,0.004,0.005,0.006,0.007,0.008,0.009000000000000001,0.01]",0.001,1089,mock,InstrumentType.Spot,613304416,mock,BTC-USDT
2199944884,0,0,1783610796259027697,101,depth,"[65001.0,65001.1,65001.200000000004,65001.3,65001.4,65001.5,65001.6,65001.700000000004,65001.8,65001.9]",65001.0,"[0.001,0.002,0.003,0.004,0.005,0.006,0.007,0.008,0.009000000000000001,0.01]",0.001,"[65000.8,65000.700000000004,65000.6,65000.5,65000.4,65000.3,65000.200000000004,65000.1,65000.0,64999.9]",65000.8,"[0.001,0.002,0.003,0.004,0.005,0.006,0.007,0.008,0.009000000000000001,0.01]",0.001,1090,mock,InstrumentType.Spot,613304976,mock,BTC-USDT
2199944884,0,0,1783610796259327500,101,depth,"[65001.01,65001.11,65001.21000000001,65001.310000000005,65001.41,65001.51,65001.61,65001.71000000001,65001.810000000005,65001.91]",65001.01,"[0.001,0.002,0.003,0.004,0.005,0.006,0.007,0.008,0.009000000000000001,0.01]",0.001,"[65000.810000000005,65000.71000000001,65000.61,65000.51,65000.41,65000.310000000005,65000.21000000001,65000.11,65000.01,64999.91]",65000.810000000005,"[0.001,0.002,0.003,0.004,0.005,0.006,0.007,0.008,0.009000000000000001,0.01]",0.001,1091,mock,InstrumentType.Spot,613305536,mock,BTC-USDT
2199944884,0,0,1783610796259627726,101,depth,"[65001.02,65001.119999999995,65001.22,65001.32,65001.42,65001.52,65001.619999999995,65001.72,65001.82,65001.92]",65001.02,"[0.001,0.002,0.003,0.004,0.005,0.006,0.007,0.008,0.009000000000000001,0.01]",0.001,"[65000.82,65000.72,65000.619999999995,65000.52,65000.42,65000.32,65000.22,65000.119999999995,65000.02,64999.92]",65000.82,"[0.001,0.002,0.003,0.004,0.005,0.006,0.007,0.008,0.009000000000000001,0.01]",0.001,1092,mock,InstrumentType.Spot,613306096,mock,BTC-USDT
2199944884,0,0,1783610796259927534,101,depth,"[65001.03,65001.13,65001.23,65001.33,65001.43,65001.53,65001.63,65001.73,65001.83,65001.93]",65001.03,"[0.001,0.002,0.003,0.004,0.005,0.006,0.007,0.008,0.009000000000000001,0.01]",0.001,"[65000.83,65000.73,65000.63,65000.53,65000.43,65000.33,65000.23,65000.13,65000.03,64999.93]",65000.83,"[0.001,0.002,0.003,0.004,0.005,0.006,0.007,0.008,0.009000000000000001,0.01]",0.001,1093,mock,InstrumentType.Spot,613306656,mock,BTC-USDT
2199944884,0,0,1783610796260227696,101,depth,"[65001.04,65001.14,65001.240000000005,65001.340000000004,65001.44,65001.54,65001.64,65001.740000000005,65001.840000000004,65001.94]",65001.04,"[0.001,0.002,0.003,0.004,0.005,0.006,0.007,0.008,0.009000000000000001,0.01]",0.001,"[65000.840000000004,65000.740000000005,65000.64,65000.54,65000.44,65000.340000000004,65000.240000000005,65000.14,65000.04,64999.94]",65000.840000000004,"[0.001,0.002,0.003,0.004,0.005,0.006,0.007,0.008,0.009000000000000001,0.01]",0.001,1094,mock,InstrumentType.Spot,613307216,mock,BTC-USDT
2199944884,0,0,1783610796260527496,101,depth,"[65001.049999999996,65001.149999999994,65001.25,65001.35,65001.45,65001.549999999996,65001.649999999994,65001.75,65001.85,65001.95]",65001.049999999996,"[0.001,0.002,0.003,0.004,0.005,0.006,0.007,0.008,0.009000000000000001,0.01]",0.001,"[65000.85,65000.75,65000.649999999994,65000.549999999996,65000.45,65000.35,65000.25,65000.149999999994,65000.049999999996,64999.95]",65000.85,"[0.001,0.002,0.003,0.004,0.005,0.006,0.007,0.008,0.009000000000000001,0.01]",0.001,1095,mock,InstrumentType.Spot,613307776,mock,BTC-USDT
2199944884,0,0,1783610796260827800,101,depth,"[65001.06,65001.159999999996,65001.26,65001.36,65001.46,65001.56,65001.659999999996,65001.76,65001.86,65001.96]",65001.06,"[0.001,0.002,0.003,0.004,0.005,0.006,0.007,0.008,0.009000000000000001,0.01]",0.001,"[65000.86,65000.76,65000.659999999996,65000.56,65000.46,65000.36,65000.26,65000.159999999996,65000.06,64999.96]",65000.86,"[0.001,0.002,0.003,0.004,0.005,0.006,0.007,0.008,0.009000000000000001,0.01]",0.001,1096,mock,InstrumentType.Spot,613308336,mock,BTC-USDT
2199944884,0,0,1783610796261127571,101,depth,"[65001.07,65001.17,65001.270000000004,65001.37,65001.47,65001.57,65001.67,65001.770000000004,65001.87,65001.97]",65001.07,"[0.001,0.002,0.003,0.004,0.005,0.006,0.007,0.008,0.009000000000000001,0.01]",0.001,"[65000.87,65000.770000000004,65000.67,65000.57,65000.47,65000.37,65000.270000000004,65000.17,65000.07,64999.97]",65000.87,"[0.001,0.002,0.003,0.004,0.005,0.006,0.007,0.008,0.009000000000000001,0.01]",0.001,1097,mock,InstrumentType.Spot,613308896,mock,BTC-USDT
2199944884,0,0,1783610796261432731,101,depth,"[65001.08,65001.18,65001.280000000006,65001.380000000005,65001.48,65001.58,65001.68,65001.780000000006,65001.880000000005,65001.98]",65001.08,"[0.001,0.002,0.003,0.004,0.005,0.006,0.007,0.008,0.009000000000000001,0.01]",0.001,"[65000.880000000005,65000.780000000006,65000.68,65000.58,65000.48,65000.380000000005,65000.280000000006,65000.18,65000.08,64999.98]",65000.880000000005,"[0.001,0.002,0.003,0.004,0.005,0.006,0.007,0.008,0.009000000000000001,0.01]",0.001,1098,mock,InstrumentType.Spot,613309456,mock,BTC-USDT
2199944884,0,0,1783610796261727691,101,depth,"[65001.09,65001.189999999995,65001.29,65001.39,65001.49,65001.59,65001.689999999995,65001.79,65001.89,65001.99]",65001.09,"[0.001,0.002,0.003,0.004,0.005,0.006,0.007,0.008,0.009000000000000001,0.01]",0.001,"[65000.89,65000.79,65000.689999999995,65000.59,65000.49,65000.39,65000.29,65000.189999999995,65000.09,64999.99]",65000.89,"[0.001,0.002,0.003,0.004,0.005,0.006,0.007,0.008,0.009000000000000001,0.01]",0.001,1099,mock,InstrumentType.Spot,613310016,mock,BTC-USDT
2199944884,0,0,1783610796262027697,101,depth,"[65000.1,65000.2,65000.3,65000.4,65000.5,65000.6,65000.7,65000.8,65000.9,65001.0]",65000.1,"[0.001,0.002,0.003,0.004,0.005,0.006,0.007,0.008,0.009000000000000001,0.01]",0.001,"[64999.9,64999.8,64999.7,64999.6,64999.5,64999.4,64999.3,64999.2,64999.1,64999.0]",64999.9,"[0.001,0.002,0.003,0.004,0.005,0.006,0.007,0.008,0.009000000000000001,0.01]",0.001,1100,mock,InstrumentType.Spot,613310576,mock,BTC-USDT
2199944884,0,0,1783610796262327886,101,depth,"[65000.11,65000.21,65000.310000000005,65000.41,65000.51,65000.61,65000.71,65000.810000000005,65000.91,65001.01]",65000.11,"[0.001,0.002,0.003,0.004,0.005,0.006,0.007,0.008,0.009000000000000001,0.01]",0.001,"[64999.91,64999.810000000005,64999.71,64999.61,64999.51,64999.41,64999.310000000005,64999.21,64999.11,64999.01]",64999.91,"[0.001,0.002,0.003,0.004,0.005,0.006,0.007,0.008,0.009000000000000001,0.01]",0.001,1101,mock,InstrumentType.Spot,613311136,mock,BTC-USDT
2199944884,0,0,1783610796262628265,101,depth,"[65000.119999999995,65000.219999999994,65000.32,65000.42,65000.52,65000.619999999995,65000.719999999994,65000.82,65000.92,65001.02]",65000.119999999995,"[0.001,0.002,0.003,0.004,0.005,0.006,0.007,0.008,0.009000000000000001,0.01]",0.001,"[64999.92,64999.82,64999.719999999994,64999.619999999995,64999.52,64999.42,64999.32,64999.219999999994,64999.119999999995,64999.02]",64999.92,"[0.001,0.002,0.003,0.004,0.005,0.006,0.007,0.008,0.009000000000000001,0.01]",0.001,1102,mock,InstrumentType.Spot,613244400,mock,BTC-USDT
2199944884,0,0,1783610796262927797,101,depth,"[65000.13,65000.229999999996,65000.33,65000.43,65000.53,65000.63,65000.729999999996,65000.83,65000.93,65001.03]",65000.13,"[0.001,0.002,0.003,0.004,0.005,0.006,0.007,0.008,0.009000000000000001,0.01]",0.001,"[64999.93,64999.83,64999.729999999996,64999.63,64999.53,64999.43,64999.33,64999.229999999996,64999.13,64999.03]",64999.93,"[0.001,0.002,0.003,0.004,0.005,0.006,0.007,0.008,0.009000000000000001,0.01]",0.001,1103,mock,InstrumentType.Spot,613244960,mock,BTC-USDT
2199944884,0,0,1783610796263230891,101,depth,"[65000.14,65000.24,65000.340000000004,65000.44,65000.54,65000.64,65000.74,65000.840000000004,65000.94,65001.04]",65000.14,"[0.001,0.002,0.003,0.004,0.005,0.006,0.007,0.008,0.009000000000000001,0.01]",0.001,"[64999.94,64999.840000000004,64999.74,64999.64,64999.54,64999.44,64999.340000000004,64999.24,64999.14,64999.04]",64999.94,"[0.001,0.002,0.003,0.004,0.005,0.006,0.007,0.008,0.009000000000000001,0.01]",0.001,1104,mock,InstrumentType.Spot,613245520,mock,BTC-USDT
2199944884,0,0,1783610796263529076,101,depth,"[65000.15,65000.25,65000.350000000006,65000.450000000004,65000.55,65000.65,65000.75,65000.850000000006,65000.950000000004,65001.05]",65000.15,"[0.001,0.002,0.003,0.004,0.005,0.006,0.007,0.008,0.009000000000000001,0.01]",0.001,"[64999.950000000004,64999.850000000006,64999.75,64999.65,64999.55,64999.450000000004,64999.350000000006,64999.25,64999.15,64999.05]",64999.950000000004,"[0.001,0.002,0.003,0.004,0.005,0.006,0.007,0.008,0.009000000000000001,0.01]",0.001,1105,mock,InstrumentType.Spot,613246080,mock,BTC-USDT
2199944884,0,0,1783610796263828437,101,depth,"[65000.159999999996,65000.259999999995,65000.36,65000.46,65000.56,65000.659999999996,65000.759999999995,65000.86,65000.96,65001.06]",65000.159999999996,"[0.001,0.002,0.003,0.004,0.005,0.006,0.007,0.008,0.009000000000000001,0.01]",0.001,"[64999.96,64999.86,64999.759999999995,64999.659999999996,64999.56,64999.46,64999.36,64999.259999999995,64999.159999999996,64999.06]",64999.96,"[0.001,0.002,0.003,0.004,0.005,0.006,0.007,0.008,0.009000000000000001,0.01]",0.001,1106,mock,InstrumentType.Spot,613246640,mock,BTC-USDT
2199944884,0,0,1783610796264127966,101,depth,"[65000.17,65000.27,65000.37,65000.47,65000.57,65000.67,65000.77,65000.87,65000.97,65001.07]",65000.17,"[0.001,0.002,0.003,0.004,0.005,0.006,0.007,0.008,0.009000000000000001,0.01]",0.001,"[64999.97,64999.87,64999.77,64999.67,64999.57,64999.47,64999.37,64999.27,64999.17,64999.07]",64999.97,"[0.001,0.002,0.003,0.004,0.005,0.006,0.007,0.008,0.009000000000000001,0.01]",0.001,1107,mock,InstrumentType.Spot,613247200,mock,BTC-USDT
2199944884,0,0,1783610796264447831,101,depth,"[65000.18,65000.28,65000.380000000005,65000.48,65000.58,65000.68,65000.78,65000.880000000005,65000.98,65001.08]",65000.18,"[0.001,0.002,0.003,0.004,0.005,0.006,0.007,0.008,0.009000000000000001,0.01]",0.001,"[64999.98,64999.880000000005,64999.78,64999.68,64999.58,64999.48,64999.380000000005,64999.28,64999.18,64999.08]",64999.98,"[0.001,0.002,0.003,0.004,0.005,0.006,0.007,0.008,0.009000000000000001,0.01]",0.001,1108,mock,InstrumentType.Spot,613247760,mock,BTC-USDT
2199944884,0,0,1783610796264729150,101,depth,"[65000.189999999995,65000.28999999999,65000.39,65000.49,65000.59,65000.689999999995,65000.78999999999,65000.89,65000.99,65001.09]",65000.189999999995,"[0.001,0.002,0.003,0.004,0.005,0.006,0.007,0.008,0.009000000000000001,0.01]",0.001,"[64999.99,64999.89,64999.78999999999,64999.689999999995,64999.59,64999.49,64999.39,64999.28999999999,64999.189999999995,64999.09]",64999.99,"[0.001,0.002,0.003,0.004,0.005,0.006,0.007,0.008,0.009000000000000001,0.01]",0.001,1109,mock,InstrumentType.Spot,613248320,mock,BTC-USDT
2199944884,0,0,1783610796265028000,101,depth,"[65000.2,65000.299999999996,65000.4,65000.5,65000.6,65000.7,65000.799999999996,65000.9,65001.0,65001.1]",65000.2,"[0.001,0.002,0.003,0.004,0.005,0.006,0.007,0.008,0.009000000000000001,0.01]",0.001,"[65000.0,64999.9,64999.799999999996,64999.7,64999.6,64999.5,64999.4,64999.299999999996,64999.2,64999.1]",65000.0,"[0.001,0.002,0.003,0.004,0.005,0.006,0.007,0.008,0.009000000000000001,0.01]",0.001,1110,mock,InstrumentType.Spot,613248880,mock,BTC-USDT
2199944884,0,0,1783610796265328120,101,depth,"[65000.21,65000.31,65000.41,65000.51,65000.61,65000.71,65000.81,65000.91,65001.01,65001.11]",65000.21,"[0.001,0.002,0.003,0.004,0.005,0.006,0.007,0.008,0.009000000000000001,0.01]",0.001,"[65000.01,64999.91,64999.81,64999.71,64999.61,64999.51,64999.41,64999.31,64999.21,64999.11]",65000.01,"[0.001,0.002,0.003,0.004,0.005,0.006,0.007,0.008,0.009000000000000001,0.01]",0.001,1111,mock,InstrumentType.Spot,613249440,mock,BTC-USDT
2199944884,0,0,1783610796265627826,101,depth,"[65000.22,65000.32,65000.420000000006,65000.520000000004,65000.62,65000.72,65000.82,65000.920000000006,65001.020000000004,65001.12]",65000.22,"[0.001,0.002,0.003,0.004,0.005,0.006,0.007,0.008,0.009000000000000001,0.01]",0.001,"[65000.020000000004,64999.920000000006,64999.82,64999.72,64999.62,64999.520000000004,64999.420000000006,64999.32,64999.22,64999.12]",65000.020000000004,"[0.001,0.002,0.003,0.004,0.005,0.006,0.007,0.008,0.009000000000000001,0.01]",0.001,1112,mock,InstrumentType.Spot,613250000,mock,BTC-USDT
2199944884,0,0,1783610796265927639,101,depth,"[65000.229999999996,65000.329999999994,65000.43,65000.53,65000.63,65000.729999999996,65000.829999999994,65000.93,65001.03,65001.13]",65000.229999999996,"[0.001,0.002,0.003,0.004,0.005,0.006,0.007,0.008,0.009000000000000001,0.01]",0.001,"[65000.03,64999.93,64999.829999999994,64999.729999999996,64999.63,64999.53,64999.43,64999.329999999994,64999.229999999996,64999.13]",65000.03,"[0.001,0.002,0.003,0.004,0.005,0.006,0.007,0.008,0.009000000000000001,0.01]",0.001,1113,mock,InstrumentType.Spot,613250560,mock,BTC-USDT
2199944884,0,0,1783610796266228086,101,depth,"[65000.24,65000.34,65000.44,65000.54,65000.64,65000.74,65000.84,65000.94,65001.04,65001.14]",65000.24,"[0.001,0.002,0.003,0.004,0.005,0.006,0.007,0.008,0.009000000000000001,0.01]",0.001,"[65000.04,64999.94,64999.84,64999.74,64999.64,64999.54,64999.44,64999.34,64999.24,64999.14]",65000.04,"[0.001,0.002,0.003,0.004,0.005,0.006,0.007,0.008,0.009000000000000001,0.01]",0.001,1114,mock,InstrumentType.Spot,613251120,mock,BTC-USDT
2199944884,0,0,1783610796266527899,101,depth,"[65000.25,65000.35,65000.450000000004,65000.55,65000.65,65000.75,65000.85,65000.950000000004,65001.05,65001.15]",65000.25,"[0.001,0.002,0.003,0.004,0.005,0.006,0.007,0.008,0.009000000000000001,0.01]",0.001,"[65000.05,64999.950000000004,64999.85,64999.75,64999.65,64999.55,64999.450000000004,64999.35,64999.25,64999.15]",65000.05,"[0.001,0.002,0.003,0.004,0.005,0.006,0.007,0.008,0.009000000000000001,0.01]",0.001,1115,mock,InstrumentType.Spot,613251680,mock,BTC-USDT
2199944884,0,0,1783610796266828196,101,depth,"[65000.26,65000.36,65000.46000000001,65000.560000000005,65000.66,65000.76,65000.86,65000.96000000001,65001.060000000005,65001.16]",65000.26,"[0.001,0.002,0.003,0.004,0.005,0.006,0.007,0.008,0.009000000000000001,0.01]",0.001,"[65000.060000000005,64999.96000000001,64999.86,64999.76,64999.66,64999.560000000005,64999.46000000001,64999.36,64999.26,64999.16]",65000.060000000005,"[0.001,0.002,0.003,0.004,0.005,0.006,0.007,0.008,0.009000000000000001,0.01]",0.001,1116,mock,InstrumentType.Spot,613252240,mock,BTC-USDT
2199944884,0,0,1783610796267152845,101,depth,"[65000.27,65000.369999999995,65000.47,65000.57,65000.67,65000.77,65000.869999999995,65000.97,65001.07,65001.17]",65000.27,"[0.001,0.002,0.003,0.004,0.005,0.006,0.007,0.008,0.009000000000000001,0.01]",0.001,"[65000.07,64999.97,64999.869999999995,64999.77,64999.67,64999.57,64999.47,64999.369999999995,64999.27,64999.17]",65000.07,"[0.001,0.002,0.003,0.004,0.005,0.006,0.007,0.008,0.009000000000000001,0.01]",0.001,1117,mock,InstrumentType.Spot,613252800,mock,BTC-USDT
2199944884,0,0,1783610796267428742,101,depth,"[65000.28,65000.38,65000.48,65000.58,65000.68,65000.78,65000.88,65000.98,65001.08,65001.18]",65000.28,"[0.001,0.002,0.003,0.004,0.005,0.006,0.007,0.008,0.009000000000000001,0.01]",0.001,"[65000.08,64999.98,64999.88,64999.78,64999.68,64999.58,64999.48,64999.38,64999.28,64999.18]",65000.08,"[0.001,0.002,0.003,0.004,0.005,0.006,0.007,0.008,0.009000000000000001,0.01]",0.001,1118,mock,InstrumentType.Spot,613050160,mock,BTC-USDT
2199944884,0,0,1783610796267728197,101,depth,"[65000.29,65000.39,65000.490000000005,65000.590000000004,65000.69,65000.79,65000.89,65000.990000000005,65001.090000000004,65001.19]",65000.29,"[0.001,0.002,0.003,0.004,0.005,0.006,0.007,0.008,0.009000000000000001,0.01]",0.001,"[65000.090000000004,64999.990000000005,64999.89,64999.79,64999.69,64999.590000000004,64999.490000000005,64999.39,64999.29,64999.19]",65000.090000000004,"[0.001,0.002,0.003,0.004,0.005,0.006,0.007,0.008,0.009000000000000001,0.01]",0.001,1119,mock,InstrumentType.Spot,613050720,mock,BTC-USDT
2199944884,0,0,1783610796268028176,101,depth,"[65000.299999999996,65000.399999999994,65000.5,65000.6,65000.7,65000.799999999996,65000.899999999994,65001.0,65001.1,65001.2]",65000.299999999996,"[0.001,0.002,0.003,0.004,0.005,0.006,0.007,0.008,0.009000000000000001,0.01]",0.001,"[65000.1,65000.0,64999.899999999994,64999.799999999996,64999.7,64999.6,64999.5,64999.399999999994,64999.299999999996,64999.2]",65000.1,"[0.001,0.002,0.003,0.004,0.005,0.006,0.007,0.008,0.009000000000000001,0.01]",0.001,1120,mock,InstrumentType.Spot,613051280,mock,BTC-USDT
2199944884,0,0,1783610796268327878,101,depth,"[65000.31,65000.409999999996,65000.51,65000.61,65000.71,65000.81,65000.909999999996,65001.01,65001.11,65001.21]",65000.31,"[0.001,0.002,0.003,0.004,0.005,0.006,0.007,0.008,0.009000000000000001,0.01]",0.001,"[65000.11,65000.01,64999.909999999996,64999.81,64999.71,64999.61,64999.51,64999.409999999996,64999.31,64999.21]",65000.11,"[0.001,0.002,0.003,0.004,0.005,0.006,0.007,0.008,0.009000000000000001,0.01]",0.001,1121,mock,InstrumentType.Spot,613051840,mock,BTC-USDT
2199944884,0,0,1783610796268628108,101,depth,"[65000.32,65000.42,65000.520000000004,65000.62,65000.72,65000.82,65000.92,65001.020000000004,65001.12,65001.22]",65000.32,"[0.001,0.002,0.003,0.004,0.005,0.006,0.007,0.008,0.009000000000000001,0.01]",0.001,"[65000.12,65000.020000000004,64999.92,64999.82,64999.72,64999.62,64999.520000000004,64999.42,64999.32,64999.22]",65000.12,"[0.001,0.002,0.003,0.004,0.005,0.006,0.007,0.008,0.009000000000000001,0.01]",0.001,1122,mock,InstrumentType.Spot,613052400,mock,BTC-USDT
2199944884,0,0,1783610796268928193,101,depth,"[65000.33,65000.43,65000.530000000006,65000.630000000005,65000.73,65000.83,65000.93,65001.030000000006,65001.130000000005,65001.23]",65000.33,"[0.001,0.002,0.003,0.004,0.005,0.006,0.007,0.008,0.009000000000000001,0.01]",0.001,"[65000.130000000005,65000.030000000006,64999.93,64999.83,64999.73,64999.630000000005,64999.530000000006,64999.43,64999.33,64999.23]",65000.130000000005,"[0.001,0.002,0.003,0.004,0.005,0.006,0.007,0.008,0.009000000000000001,0.01]",0.001,1123,mock,InstrumentType.Spot,613052960,mock,BTC-USDT
2199944884,0,0,1783610796269228849,101,depth,"[65000.34,65000.439999999995,65000.54,65000.64,65000.74,65000.84,65000.939999999995,65001.04,65001.14,65001.24]",65000.34,"[0.001,0.002,0.003,0.004,0.005,0.006,0.007,0.008,0.009000000000000001,0.01]",0.001,"[65000.14,65000.04,64999.939999999995,64999.84,64999.74,64999.64,64999.54,64999.439999999995,64999.34,64999.24]",65000.14,"[0.001,0.002,0.003,0.004,0.005,0.006,0.007,0.008,0.009000000000000001,0.01]",0.001,1124,mock,InstrumentType.Spot,613053520,mock,BTC-USDT
2199944884,0,0,1783610796269528282,101,depth,"[65000.35,65000.45,65000.55,65000.65,65000.75,65000.85,65000.95,65001.05,65001.15,65001.25]",65000.35,"[0.001,0.002,0.003,0.004,0.005,0.006,0.007,0.008,0.009000000000000001,0.01]",0.001,"[65000.15,65000.05,64999.95,64999.85,64999.75,64999.65,64999.55,64999.45,64999.35,64999.25]",65000.15,"[0.001,0.002,0.003,0.004,0.005,0.006,0.007,0.008,0.009000000000000001,0.01]",0.001,1125,mock,InstrumentType.Spot,613054080,mock,BTC-USDT
2199944884,0,0,1783610796269827809,101,depth,"[65000.36,65000.46,65000.560000000005,65000.66,65000.76,65000.86,65000.96,65001.060000000005,65001.16,65001.26]",65000.36,"[0.001,0.002,0.003,0.004,0.005,0.006,0.007,0.008,0.009000000000000001,0.01]",0.001,"[65000.16,65000.060000000005,64999.96,64999.86,64999.76,64999.66,64999.560000000005,64999.46,64999.36,64999.26]",65000.16,"[0.001,0.002,0.003,0.004,0.005,0.006,0.007,0.008,0.009000000000000001,0.01]",0.001,1126,mock,InstrumentType.Spot,613054640,mock,BTC-USDT
2199944884,0,0,1783610796270140190,101,depth,"[65000.369999999995,65000.469999999994,65000.57,65000.67,65000.77,65000.869999999995,65000.969999999994,65001.07,65001.17,65001.27]",65000.369999999995,"[0.001,0.002,0.003,0.004,0.005,0.006,0.007,0.008,0.009000000000000001,0.01]",0.001,"[65000.17,65000.07,64999.969999999994,64999.869999999995,64999.77,64999.67,64999.57,64999.469999999994,64999.369999999995,64999.27]",65000.17,"[0.001,0.002,0.003,0.004,0.005,0.006,0.007,0.008,0.009000000000000001,0.01]",0.001,1127,mock,InstrumentType.Spot,613055200,mock,BTC-USDT
2199944884,0,0,1783610796270427902,101,depth,"[65000.38,65000.479999999996,65000.58,65000.68,65000.78,65000.88,65000.979999999996,65001.08,65001.18,65001.28]",65000.38,"[0.001,0.002,0.003,0.004,0.005,0.006,0.007,0.008,0.009000000000000001,0.01]",0.001,"[65000.18,65000.08,64999.979999999996,64999.88,64999.78,64999.68,64999.58,64999.479999999996,64999.38,64999.28]",65000.18,"[0.001,0.002,0.003,0.004,0.005,0.006,0.007,0.008,0.009000000000000001,0.01]",0.001,1128,mock,InstrumentType.Spot,613055760,mock,BTC-USDT
2199944884,0,0,1783610796270727898,101,depth,"[65000.39,65000.49,65000.590000000004,65000.69,65000.79,65000.89,65000.99,65001.090000000004,65001.19,65001.29]",65000.39,"[0.001,0.002,0.003,0.004,0.005,0.006,0.007,0.008,0.009000000000000001,0.01]",0.001,"[65000.19,65000.090000000004,64999.99,64999.89,64999.79,64999.69,64999.590000000004,64999.49,64999.39,64999.29]",65000.19,"[0.001,0.002,0.003,0.004,0.005,0.006,0.007,0.008,0.009000000000000001,0.01]",0.001,1129,mock,InstrumentType.Spot,613056320,mock,BTC-USDT
2199944884,0,0,1783610796271028039,101,depth,"[65000.4,65000.5,65000.600000000006,65000.700000000004,65000.8,65000.9,65001.0,65001.100000000006,65001.200000000004,65001.3]",65000.4,"[0.001,0.002,0.003,0.004,0.005,0.006,0.007,0.008,0.009000000000000001,0.01]",0.001,"[65000.200000000004,65000.100000000006,65000.0,64999.9,64999.8,64999.700000000004,64999.600000000006,64999.5,64999.4,64999.3]",65000.200000000004,"[0.001,0.002,0.003,0.004,0.005,0.006,0.007,0.008,0.009000000000000001,0.01]",0.001,1130,mock,InstrumentType.Spot,613056880,mock,BTC-USDT
2199944884,0,0,1783610796271328607,101,depth,"[65000.409999999996,65000.509999999995,65000.61,65000.71,65000.81,65000.909999999996,65001.009999999995,65001.11,65001.21,65001.31]",65000.409999999996,"[0.001,0.002,0.003,0.004,0.005,0.006,0.007,0.008,0.009000000000000001,0.01]",0.001,"[65000.21,65000.11,65000.009999999995,64999.909999999996,64999.81,64999.71,64999.61,64999.509999999995,64999.409999999996,64999.31]",65000.21,"[0.001,0.002,0.003,0.004,0.005,0.006,0.007,0.008,0.009000000000000001,0.01]",0.001,1131,mock,InstrumentType.Spot,613057440,mock,BTC-USDT
2199944884,0,0,1783610796271628087,101,depth,"[65000.42,65000.52,65000.62,65000.72,65000.82,65000.92,65001.02,65001.12,65001.22,65001.32]",65000.42,"[0.001,0.002,0.003,0.004,0.005,0.006,0.007,0.008,0.009000000000000001,0.01]",0.001,"[65000.22,65000.12,65000.02,64999.92,64999.82,64999.72,64999.62,64999.52,64999.42,64999.32]",65000.22,"[0.001,0.002,0.003,0.004,0.005,0.006,0.007,0.008,0.009000000000000001,0.01]",0.001,1132,mock,InstrumentType.Spot,613058000,mock,BTC-USDT
2199944884,0,0,1783610796271929221,101,depth,"[65000.43,65000.53,65000.630000000005,65000.73,65000.83,65000.93,65001.03,65001.130000000005,65001.23,65001.33]",65000.43,"[0.001,0.002,0.003,0.004,0.005,0.006,0.007,0.008,0.009000000000000001,0.01]",0.001,"[65000.23,65000.130000000005,65000.03,64999.93,64999.83,64999.73,64999.630000000005,64999.53,64999.43,64999.33]",65000.23,"[0.001,0.002,0.003,0.004,0.005,0.006,0.007,0.008,0.009000000000000001,0.01]",0.001,1133,mock,InstrumentType.Spot,613340528,mock,BTC-USDT
2199944884,0,0,1783610796272228571,101,depth,"[65000.439999999995,65000.53999999999,65000.64,65000.74,65000.84,65000.939999999995,65001.03999999999,65001.14,65001.24,65001.34]",65000.439999999995,"[0.001,0.002,0.003,0.004,0.005,0.006,0.007,0.008,0.009000000000000001,0.01]",0.001,"[65000.24,65000.14,65000.03999999999,64999.939999999995,64999.84,64999.74,64999.64,64999.53999999999,64999.439999999995,64999.34]",65000.24,"[0.001,0.002,0.003,0.004,0.005,0.006,0.007,0.008,0.009000000000000001,0.01]",0.001,1134,mock,InstrumentType.Spot,613340944,mock,BTC-USDT
2199944884,0,0,1783610796272528000,101,depth,"[65000.45,65000.549999999996,65000.65,65000.75,65000.85,65000.95,65001.049999999996,65001.15,65001.25,65001.35]",65000.45,"[0.001,0.002,0.003,0.004,0.005,0.006,0.007,0.008,0.009000000000000001,0.01]",0.001,"[65000.25,65000.15,65000.049999999996,64999.95,64999.85,64999.75,64999.65,64999.549999999996,64999.45,64999.35]",65000.25,"[0.001,0.002,0.003,0.004,0.005,0.006,0.007,0.008,0.009000000000000001,0.01]",0.001,1135,mock,InstrumentType.Spot,613341360,mock,BTC-USDT
2199944884,0,0,1783610796272841504,101,depth,"[65000.46,65000.56,65000.66,65000.76,65000.86,65000.96,65001.06,65001.16,65001.26,65001.36]",65000.46,"[0.001,0.002,0.003,0.004,0.005,0.006,0.007,0.008,0.009000000000000001,0.01]",0.001,"[65000.26,65000.16,65000.06,64999.96,64999.86,64999.76,64999.66,64999.56,64999.46,64999.36]",65000.26,"[0.001,0.002,0.003,0.004,0.005,0.006,0.007,0.008,0.009000000000000001,0.01]",0.001,1136,mock,InstrumentType.Spot,613341888,mock,BTC-USDT
2199944884,0,0,1783610796273128052,101,depth,"[65000.47,65000.57,65000.670000000006,65000.770000000004,65000.87,65000.97,65001.07,65001.170000000006,65001.270000000004,65001.37]",65000.47,"[0.001,0.002,0.003,0.004,0.005,0.006,0.007,0.008,0.009000000000000001,0.01]",0.001,"[65000.270000000004,65000.170000000006,65000.07,64999.97,64999.87,64999.770000000004,64999.670000000006,64999.57,64999.47,64999.37]",65000.270000000004,"[0.001,0.002,0.003,0.004,0.005,0.006,0.007,0.008,0.009000000000000001,0.01]",0.001,1137,mock,InstrumentType.Spot,613342448,mock,BTC-USDT
2199944884,0,0,1783610796273427906,101,depth,"[65000.479999999996,65000.579999999994,65000.68,65000.78,65000.88,65000.979999999996,65001.079999999994,65001.18,65001.28,65001.38]",65000.479999999996,"[0.001,0.002,0.003,0.004,0.005,0.006,0.007,0.008,0.009000000000000001,0.01]",0.001,"[65000.28,65000.18,65000.079999999994,64999.979999999996,64999.88,64999.78,64999.68,64999.579999999994,64999.479999999996,64999.38]",65000.28,"[0.001,0.002,0.003,0.004,0.005,0.006,0.007,0.008,0.009000000000000001,0.01]",0.001,1138,mock,InstrumentType.Spot,613343008,mock,BTC-USDT
2199944884,0,0,1783610796273728161,101,depth,"[65000.49,65000.59,65000.69,65000.79,65000.89,65000.99,65001.09,65001.19,65001.29,65001.39]",65000.49,"[0.001,0.002,0.003,0.004,0.005,0.006,0.007,0.008,0.009000000000000001,0.01]",0.001,"[65000.29,65000.19,65000.09,64999.99,64999.89,64999.79,64999.69,64999.59,64999.49,64999.39]",65000.29,"[0.001,0.002,0.003,0.004,0.005,0.006,0.007,0.008,0.009000000000000001,0.01]",0.001,1139,mock,InstrumentType.Spot,613025328,mock,BTC-USDT
2199944884,0,0,1783610796274027993,101,depth,"[65000.5,65000.6,65000.700000000004,65000.8,65000.9,65001.0,65001.1,65001.200000000004,65001.3,65001.4]",65000.5,"[0.001,0.002,0.003,0.004,0.005,0.006,0.007,0.008,0.009000000000000001,0.01]",0.001,"[65000.3,65000.200000000004,65000.1,65000.0,64999.9,64999.8,64999.700000000004,64999.6,64999.5,64999.4]",65000.3,"[0.001,0.002,0.003,0.004,0.005,0.006,0.007,0.008,0.009000000000000001,0.01]",0.001,1140,mock,InstrumentType.Spot,613025888,mock,BTC-USDT
2199944884,0,0,1783610796274328525,101,depth,"[65000.51,65000.61,65000.71000000001,65000.810000000005,65000.91,65001.01,65001.11,65001.21000000001,65001.310000000005,65001.41]",65000.51,"[0.001,0.002,0.003,0.004,0.005,0.006,0.007,0.008,0.009000000000000001,0.01]",0.001,"[65000.310000000005,65000.21000000001,65000.11,65000.01,64999.91,64999.810000000005,64999.71000000001,64999.61,64999.51,64999.41]",65000.310000000005,"[0.001,0.002,0.003,0.004,0.005,0.006,0.007,0.008,0.009000000000000001,0.01]",0.001,1141,mock,InstrumentType.Spot,613026448,mock,BTC-USDT
2199944884,0,0,1783610796274629188,101,depth,"[65000.52,65000.619999999995,65000.72,65000.82,65000.92,65001.02,65001.119999999995,65001.22,65001.32,65001.42]",65000.52,"[0.001,0.002,0.003,0.004,0.005,0.006,0.007,0.008,0.009000000000000001,0.01]",0.001,"[65000.32,65000.22,65000.119999999995,65000.02,64999.92,64999.82,64999.72,64999.619999999995,64999.52,64999.42]",65000.32,"[0.001,0.002,0.003,0.004,0.005,0.006,0.007,0.008,0.009000000000000001,0.01]",0.001,1142,mock,InstrumentType.Spot,613027008,mock,BTC-USDT
2199944884,0,0,1783610796274928610,101,depth,"[65000.53,65000.63,65000.73,65000.83,65000.93,65001.03,65001.13,65001.23,65001.33,65001.43]",65000.53,"[0.001,0.002,0.003,0.004,0.005,0.006,0.007,0.008,0.009000000000000001,0.01]",0.001,"[65000.33,65000.23,65000.13,65000.03,64999.93,64999.83,64999.73,64999.63,64999.53,64999.43]",65000.33,"[0.001,0.002,0.003,0.004,0.005,0.006,0.007,0.008,0.009000000000000001,0.01]",0.001,1143,mock,InstrumentType.Spot,613027568,mock,BTC-USDT
2199944884,0,0,1783610796275228156,101,depth,"[65000.54,65000.64,65000.740000000005,65000.840000000004,65000.94,65001.04,65001.14,65001.240000000005,65001.340000000004,65001.44]",65000.54,"[0.001,0.002,0.003,0.004,0.005,0.006,0.007,0.008,0.009000000000000001,0.01]",0.001,"[65000.340000000004,65000.240000000005,65000.14,65000.04,64999.94,64999.840000000004,64999.740000000005,64999.64,64999.54,64999.44]",65000.340000000004,"[0.001,0.002,0.003,0.004,0.005,0.006,0.007,0.008,0.009000000000000001,0.01]",0.001,1144,mock,InstrumentType.Spot,613028128,mock,BTC-USDT
2199944884,0,0,1783610796275528091,101,depth,"[65000.549999999996,65000.649999999994,65000.75,65000.85,65000.95,65001.049999999996,65001.149999999994,65001.25,65001.35,65001.45]",65000.549999999996,"[0.001,0.002,0.003,0.004,0.005,0.006,0.007,0.008,0.009000000000000001,0.01]",0.001,"[65000.35,65000.25,65000.149999999994,65000.049999999996,64999.95,64999.85,64999.75,64999.649999999994,64999.549999999996,64999.45]",65000.35,"[0.001,0.002,0.003,0.004,0.005,0.006,0.007,0.008,0.009000000000000001,0.01]",0.001,1145,mock,InstrumentType.Spot,613028688,mock,BTC-USDT
2199944884,0,0,1783610796275843268,101,depth,"[65000.56,65000.659999999996,65000.76,65000.86,65000.96,65001.06,65001.159999999996,65001.26,65001.36,65001.46]",65000.56,"[0.001,0.002,0.003,0.004,0.005,0.006,0.007,0.008,0.009000000000000001,0.01]",0.001,"[65000.36,65000.26,65000.159999999996,65000.06,64999.96,64999.86,64999.76,64999.659999999996,64999.56,64999.46]",65000.36,"[0.001,0.002,0.003,0.004,0.005,0.006,0.007,0.008,0.009000000000000001,0.01]",0.001,1146,mock,InstrumentType.Spot,613029248,mock,BTC-USDT
2199944884,0,0,1783610796276128726,101,depth,"[65000.57,65000.67,65000.770000000004,65000.87,65000.97,65001.07,65001.17,65001.270000000004,65001.37,65001.47]",65000.57,"[0.001,0.002,0.003,0.004,0.005,0.006,0.007,0.008,0.009000000000000001,0.01]",0.001,"[65000.37,65000.270000000004,65000.17,65000.07,64999.97,64999.87,64999.770000000004,64999.67,64999.57,64999.47]",65000.37,"[0.001,0.002,0.003,0.004,0.005,0.006,0.007,0.008,0.009000000000000001,0.01]",0.001,1147,mock,InstrumentType.Spot,613029808,mock,BTC-USDT
2199944884,0,0,1783610796276428705,101,depth,"[65000.58,65000.68,65000.780000000006,65000.880000000005,65000.98,65001.08,65001.18,65001.280000000006,65001.380000000005,65001.48]",65000.58,"[0.001,0.002,0.003,0.004,0.005,0.006,0.007,0.008,0.009000000000000001,0.01]",0.001,"[65000.380000000005,65000.280000000006,65000.18,65000.08,64999.98,64999.880000000005,64999.780000000006,64999.68,64999.58,64999.48]",65000.380000000005,"[0.001,0.002,0.003,0.004,0.005,0.006,0.007,0.008,0.009000000000000001,0.01]",0.001,1148,mock,InstrumentType.Spot,613030368,mock,BTC-USDT
2199944884,0,0,1783610796276729217,101,depth,"[65000.59,65000.689999999995,65000.79,65000.89,65000.99,65001.09,65001.189999999995,65001.29,65001.39,65001.49]",65000.59,"[0.001,0.002,0.003,0.004,0.005,0.006,0.007,0.008,0.009000000000000001,0.01]",0.001,"[65000.39,65000.29,65000.189999999995,65000.09,64999.99,64999.89,64999.79,64999.689999999995,64999.59,64999.49]",65000.39,"[0.001,0.002,0.003,0.004,0.005,0.006,0.007,0.008,0.009000000000000001,0.01]",0.001,1149,mock,InstrumentType.Spot,613030928,mock,BTC-USDT
2199944884,0,0,1783610796277029931,101,depth,"[65000.6,65000.7,65000.8,65000.9,65001.0,65001.1,65001.2,65001.3,65001.4,65001.5]",65000.6,"[0.001,0.002,0.003,0.004,0.005,0.006,0.007,0.008,0.009000000000000001,0.01]",0.001,"[65000.4,65000.3,65000.2,65000.1,65000.0,64999.9,64999.8,64999.7,64999.6,64999.5]",65000.4,"[0.001,0.002,0.003,0.004,0.005,0.006,0.007,0.008,0.009000000000000001,0.01]",0.001,1150,mock,InstrumentType.Spot,613031488,mock,BTC-USDT
2199944884,0,0,1783610796277329071,101,depth,"[65000.61,65000.71,65000.810000000005,65000.91,65001.01,65001.11,65001.21,65001.310000000005,65001.41,65001.51]",65000.61,"[0.001,0.002,0.003,0.004,0.005,0.006,0.007,0.008,0.009000000000000001,0.01]",0.001,"[65000.41,65000.310000000005,65000.21,65000.11,65000.01,64999.91,64999.810000000005,64999.71,64999.61,64999.51]",65000.41,"[0.001,0.002,0.003,0.004,0.005,0.006,0.007,0.008,0.009000000000000001,0.01]",0.001,1151,mock,InstrumentType.Spot,613032048,mock,BTC-USDT
2199944884,0,0,1783610796277628913,101,depth,"[65000.619999999995,65000.719999999994,65000.82,65000.92,65001.02,65001.119999999995,65001.219999999994,65001.32,65001.42,65001.52]",65000.619999999995,"[0.001,0.002,0.003,0.004,0.005,0.006,0.007,0.008,0.009000000000000001,0.01]",0.001,"[65000.42,65000.32,65000.219999999994,65000.119999999995,65000.02,64999.92,64999.82,64999.719999999994,64999.619999999995,64999.52]",65000.42,"[0.001,0.002,0.003,0.004,0.005,0.006,0.007,0.008,0.009000000000000001,0.01]",0.001,1152,mock,InstrumentType.Spot,613032608,mock,BTC-USDT
2199944884,0,0,1783610796277928749,101,depth,"[65000.63,65000.729999999996,65000.83,65000.93,65001.03,65001.13,65001.229999999996,65001.33,65001.43,65001.53]",65000.63,"[0.001,0.002,0.003,0.004,0.005,0.006,0.007,0.008,0.009000000000000001,0.01]",0.001,"[65000.43,65000.33,65000.229999999996,65000.13,65000.03,64999.93,64999.83,64999.729999999996,64999.63,64999.53]",65000.43,"[0.001,0.002,0.003,0.004,0.005,0.006,0.007,0.008,0.009000000000000001,0.01]",0.001,1153,mock,InstrumentType.Spot,613033168,mock,BTC-USDT
2199944884,0,0,1783610796278228820,101,depth,"[65000.64,65000.74,65000.840000000004,65000.94,65001.04,65001.14,65001.24,65001.340000000004,65001.44,65001.54]",65000.64,"[0.001,0.002,0.003,0.004,0.005,0.006,0.007,0.008,0.009000000000000001,0.01]",0.001,"[65000.44,65000.340000000004,65000.24,65000.14,65000.04,64999.94,64999.840000000004,64999.74,64999.64,64999.54]",65000.44,"[0.001,0.002,0.003,0.004,0.005,0.006,0.007,0.008,0.009000000000000001,0.01]",0.001,1154,mock,InstrumentType.Spot,613033728,mock,BTC-USDT
2199944884,0,0,1783610796278528740,101,depth,"[65000.65,65000.75,65000.850000000006,65000.950000000004,65001.05,65001.15,65001.25,65001.350000000006,65001.450000000004,65001.55]",65000.65,"[0.001,0.002,0.003,0.004,0.005,0.006,0.007,0.008,0.009000000000000001,0.01]",0.001,"[65000.450000000004,65000.350000000006,65000.25,65000.15,65000.05,64999.950000000004,64999.850000000006,64999.75,64999.65,64999.55]",65000.450000000004,"[0.001,0.002,0.003,0.004,0.005,0.006,0.007,0.008,0.009000000000000001,0.01]",0.001,1155,mock,InstrumentType.Spot,613034288,mock,BTC-USDT
2199944884,0,0,1783610796278842092,101,depth,"[65000.659999999996,65000.759999999995,65000.86,65000.96,65001.06,65001.159999999996,65001.259999999995,65001.36,65001.46,65001.56]",65000.659999999996,"[0.001,0.002,0.003,0.004,0.005,0.006,0.007,0.008,0.009000000000000001,0.01]",0.001,"[65000.46,65000.36,65000.259999999995,65000.159999999996,65000.06,64999.96,64999.86,64999.759999999995,64999.659999999996,64999.56]",65000.46,"[0.001,0.002,0.003,0.004,0.005,0.006,0.007,0.008,0.009000000000000001,0.01]",0.001,1156,mock,InstrumentType.Spot,613034848,mock,BTC-USDT
2199944884,0,0,1783610796279128682,101,depth,"[65000.67,65000.77,65000.87,65000.97,65001.07,65001.17,65001.27,65001.37,65001.47,65001.57]",65000.67,"[0.001,0.002,0.003,0.004,0.005,0.006,0.007,0.008,0.009000000000000001,0.01]",0.001,"[65000.47,65000.37,65000.27,65000.17,65000.07,64999.97,64999.87,64999.77,64999.67,64999.57]",65000.47,"[0.001,0.002,0.003,0.004,0.005,0.006,0.007,0.008,0.009000000000000001,0.01]",0.001,1157,mock,InstrumentType.Spot,613035408,mock,BTC-USDT
2199944884,0,0,1783610796279428452,101,depth,"[65000.68,65000.78,65000.880000000005,65000.98,65001.08,65001.18,65001.28,65001.380000000005,65001.48,65001.58]",65000.68,"[0.001,0.002,0.003,0.004,0.005,0.006,0.007,0.008,0.009000000000000001,0.01]",0.001,"[65000.48,65000.380000000005,65000.28,65000.18,65000.08,64999.98,64999.880000000005,64999.78,64999.68,64999.58]",65000.48,"[0.001,0.002,0.003,0.004,0.005,0.006,0.007,0.008,0.009000000000000001,0.01]",0.001,1158,mock,InstrumentType.Spot,613035968,mock,BTC-USDT
2199944884,0,0,1783610796279728216,101,depth,"[65000.689999999995,65000.78999999999,65000.89,65000.99,65001.09,65001.189999999995,65001.28999999999,65001.39,65001.49,65001.59]",65000.689999999995,"[0.001,0.002,0.003,0.004,0.005,0.006,0.007,0.008,0.009000000000000001,0.01]",0.001,"[65000.49,65000.39,65000.28999999999,65000.189999999995,65000.09,64999.99,64999.89,64999.78999999999,64999.689999999995,64999.59]",65000.49,"[0.001,0.002,0.003,0.004,0.005,0.006,0.007,0.008,0.009000000000000001,0.01]",0.001,1159,mock,InstrumentType.Spot,613036528,mock,BTC-USDT
2199944884,0,0,1783610796280028053,101,depth,"[65000.7,65000.799999999996,65000.9,65001.0,65001.1,65001.2,65001.299999999996,65001.4,65001.5,65001.6]",65000.7,"[0.001,0.002,0.003,0.004,0.005,0.006,0.007,0.008,0.009000000000000001,0.01]",0.001,"[65000.5,65000.4,65000.299999999996,65000.2,65000.1,65000.0,64999.9,64999.799999999996,64999.7,64999.6]",65000.5,"[0.001,0.002,0.003,0.004,0.005,0.006,0.007,0.008,0.009000000000000001,0.01]",0.001,1160,mock,InstrumentType.Spot,613037088,mock,BTC-USDT
2199944884,0,0,1783610796280328078,101,depth,"[65000.71,65000.81,65000.91,65001.01,65001.11,65001.21,65001.31,65001.41,65001.51,65001.61]",65000.71,"[0.001,0.002,0.003,0.004,0.005,0.006,0.007,0.008,0.009000000000000001,0.01]",0.001,"[65000.51,65000.41,65000.31,65000.21,65000.11,65000.01,64999.91,64999.81,64999.71,64999.61]",65000.51,"[0.001,0.002,0.003,0.004,0.005,0.006,0.007,0.008,0.009000000000000001,0.01]",0.001,1161,mock,InstrumentType.Spot,613037648,mock,BTC-USDT
2199944884,0,0,1783610796280628102,101,depth,"[65000.72,65000.82,65000.920000000006,65001.020000000004,65001.12,65001.22,65001.32,65001.420000000006,65001.520000000004,65001.62]",65000.72,"[0.001,0.002,0.003,0.004,0.005,0.006,0.007,0.008,0.009000000000000001,0.01]",0.001,"[65000.520000000004,65000.420000000006,65000.32,65000.22,65000.12,65000.020000000004,64999.920000000006,64999.82,64999.72,64999.62]",65000.520000000004,"[0.001,0.002,0.003,0.004,0.005,0.006,0.007,0.008,0.009000000000000001,0.01]",0.001,1162,mock,InstrumentType.Spot,613038208,mock,BTC-USDT
2199944884,0,0,1783610796280928068,101,depth,"[65000.729999999996,65000.829999999994,65000.93,65001.03,65001.13,65001.229999999996,65001.329999999994,65001.43,65001.53,65001.63]",65000.729999999996,"[0.001,0.002,0.003,0.004,0.005,0.006,0.007,0.008,0.009000000000000001,0.01]",0.001,"[65000.53,65000.43,65000.329999999994,65000.229999999996,65000.13,65000.03,64999.93,64999.829999999994,64999.729999999996,64999.63]",65000.53,"[0.001,0.002,0.003,0.004,0.005,0.006,0.007,0.008,0.009000000000000001,0.01]",0.001,1163,mock,InstrumentType.Spot,613038768,mock,BTC-USDT
2199944884,0,0,1783610796281228199,101,depth,"[65000.74,65000.84,65000.94,65001.04,65001.14,65001.24,65001.34,65001.44,65001.54,65001.64]",65000.74,"[0.001,0.002,0.003,0.004,0.005,0.006,0.007,0.008,0.009000000000000001,0.01]",0.001,"[65000.54,65000.44,65000.34,65000.24,65000.14,65000.04,64999.94,64999.84,64999.74,64999.64]",65000.54,"[0.001,0.002,0.003,0.004,0.005,0.006,0.007,0.008,0.009000000000000001,0.01]",0.001,1164,mock,InstrumentType.Spot,613039328,mock,BTC-USDT
2199944884,0,0,1783610796281534781,101,depth,"[65000.75,65000.85,65000.950000000004,65001.05,65001.15,65001.25,65001.35,65001.450000000004,65001.55,65001.65]",65000.75,"[0.001,0.002,0.003,0.004,0.005,0.006,0.007,0.008,0.009000000000000001,0.01]",0.001,"[65000.55,65000.450000000004,65000.35,65000.25,65000.15,65000.05,64999.950000000004,64999.85,64999.75,64999.65]",65000.55,"[0.001,0.002,0.003,0.004,0.005,0.006,0.007,0.008,0.009000000000000001,0.01]",0.001,1165,mock,InstrumentType.Spot,613039888,mock,BTC-USDT
2199944884,0,0,1783610796281827957,101,depth,"[65000.76,65000.86,65000.96000000001,65001.060000000005,65001.16,65001.26,65001.36,65001.46000000001,65001.560000000005,65001.66]",65000.76,"[0.001,0.002,0.003,0.004,0.005,0.006,0.007,0.008,0.009000000000000001,0.01]",0.001,"[65000.560000000005,65000.46000000001,65000.36,65000.26,65000.16,65000.060000000005,64999.96000000001,64999.86,64999.76,64999.66]",65000.560000000005,"[0.001,0.002,0.003,0.004,0.005,0.006,0.007,0.008,0.009000000000000001,0.01]",0.001,1166,mock,InstrumentType.Spot,613040448,mock,BTC-USDT
2199944884,0,0,1783610796282128031,101,depth,"[65000.77,65000.869999999995,65000.97,65001.07,65001.17,65001.27,65001.369999999995,65001.47,65001.57,65001.67]",65000.77,"[0.001,0.002,0.003,0.004,0.005,0.006,0.007,0.008,0.009000000000000001,0.01]",0.001,"[65000.57,65000.47,65000.369999999995,65000.27,65000.17,65000.07,64999.97,64999.869999999995,64999.77,64999.67]",65000.57,"[0.001,0.002,0.003,0.004,0.005,0.006,0.007,0.008,0.009000000000000001,0.01]",0.001,1167,mock,InstrumentType.Spot,613041008,mock,BTC-USDT
2199944884,0,0,1783610796282428073,101,depth,"[65000.78,65000.88,65000.98,65001.08,65001.18,65001.28,65001.38,65001.48,65001.58,65001.68]",65000.78,"[0.001,0.002,0.003,0.004,0.005,0.006,0.007,0.008,0.009000000000000001,0.01]",0.001,"[65000.58,65000.48,65000.38,65000.28,65000.18,65000.08,64999.98,64999.88,64999.78,64999.68]",65000.58,"[0.001,0.002,0.003,0.004,0.005,0.006,0.007,0.008,0.009000000000000001,0.01]",0.001,1168,mock,InstrumentType.Spot,613041568,mock,BTC-USDT
2199944884,0,0,1783610796282727935,101,depth,"[65000.79,65000.89,65000.990000000005,65001.090000000004,65001.19,65001.29,65001.39,65001.490000000005,65001.590000000004,65001.69]",65000.79,"[0.001,0.002,0.003,0.004,0.005,0.006,0.007,0.008,0.009000000000000001,0.01]",0.001,"[65000.590000000004,65000.490000000005,65000.39,65000.29,65000.19,65000.090000000004,64999.990000000005,64999.89,64999.79,64999.69]",65000.590000000004,"[0.001,0.002,0.003,0.004,0.005,0.006,0.007,0.008,0.009000000000000001,0.01]",0.001,1169,mock,InstrumentType.Spot,613042128,mock,BTC-USDT
2199944884,0,0,1783610796283027862,101,depth,"[65000.799999999996,65000.899999999994,65001.0,65001.1,65001.2,65001.299999999996,65001.399999999994,65001.5,65001.6,65001.7]",65000.799999999996,"[0.001,0.002,0.003,0.004,0.005,0.006,0.007,0.008,0.009000000000000001,0.01]",0.001,"[65000.6,65000.5,65000.399999999994,65000.299999999996,65000.2,65000.1,65000.0,64999.899999999994,64999.799999999996,64999.7]",65000.6,"[0.001,0.002,0.003,0.004,0.005,0.006,0.007,0.008,0.009000000000000001,0.01]",0.001,1170,mock,InstrumentType.Spot,613042688,mock,BTC-USDT
2199944884,0,0,1783610796283327776,101,depth,"[65000.81,65000.909999999996,65001.01,65001.11,65001.21,65001.31,65001.409999999996,65001.51,65001.61,65001.71]",65000.81,"[0.001,0.002,0.003,0.004,0.005,0.006,0.007,0.008,0.009000000000000001,0.01]",0.001,"[65000.61,65000.51,65000.409999999996,65000.31,65000.21,65000.11,65000.01,64999.909999999996,64999.81,64999.71]",65000.61,"[0.001,0.002,0.003,0.004,0.005,0.006,0.007,0.008,0.009000000000000001,0.01]",0.001,1171,mock,InstrumentType.Spot,613043248,mock,BTC-USDT
2199944884,0,0,1783610796283627977,101,depth,"[65000.82,65000.92,65001.020000000004,65001.12,65001.22,65001.32,65001.42,65001.520000000004,65001.62,65001.72]",65000.82,"[0.001,0.002,0.003,0.004,0.005,0.006,0.007,0.008,0.009000000000000001,0.01]",0.001,"[65000.62,65000.520000000004,65000.42,65000.32,65000.22,65000.12,65000.020000000004,64999.92,64999.82,64999.72]",65000.62,"[0.001,0.002,0.003,0.004,0.005,0.006,0.007,0.008,0.009000000000000001,0.01]",0.001,1172,mock,InstrumentType.Spot,613384272,mock,BTC-USDT
2199944884,0,0,1783610796283927759,101,depth,"[65000.83,65000.93,65001.030000000006,65001.130000000005,65001.23,65001.33,65001.43,65001.530000000006,65001.630000000005,65001.73]",65000.83,"[0.001,0.002,0.003,0.004,0.005,0.006,0.007,0.008,0.009000000000000001,0.01]",0.001,"[65000.630000000005,65000.530000000006,65000.43,65000.33,65000.23,65000.130000000005,65000.030000000006,64999.93,64999.83,64999.73]",65000.630000000005,"[0.001,0.002,0.003,0.004,0.005,0.006,0.007,0.008,0.009000000000000001,0.01]",0.001,1173,mock,InstrumentType.Spot,613384688,mock,BTC-USDT
2199944884,0,0,1783610796284227929,101,depth,"[65000.84,65000.939999999995,65001.04,65001.14,65001.24,65001.34,65001.439999999995,65001.54,65001.64,65001.74]",65000.84,"[0.001,0.002,0.003,0.004,0.005,0.006,0.007,0.008,0.009000000000000001,0.01]",0.001,"[65000.64,65000.54,65000.439999999995,65000.34,65000.24,65000.14,65000.04,64999.939999999995,64999.84,64999.74]",65000.64,"[0.001,0.002,0.003,0.004,0.005,0.006,0.007,0.008,0.009000000000000001,0.01]",0.001,1174,mock,InstrumentType.Spot,613385104,mock,BTC-USDT
2199944884,0,0,1783610796284533473,101,depth,"[65000.85,65000.95,65001.05,65001.15,65001.25,65001.35,65001.45,65001.55,65001.65,65001.75]",65000.85,"[0.001,0.002,0.003,0.004,0.005,0.006,0.007,0.008,0.009000000000000001,0.01]",0.001,"[65000.65,65000.55,65000.45,65000.35,65000.25,65000.15,65000.05,64999.95,64999.85,64999.75]",65000.65,"[0.001,0.002,0.003,0.004,0.005,0.006,0.007,0.008,0.009000000000000001,0.01]",0.001,1175,mock,InstrumentType.Spot,613385568,mock,BTC-USDT
2199944884,0,0,1783610796284828041,101,depth,"[65000.86,65000.96,65001.060000000005,65001.16,65001.26,65001.36,65001.46,65001.560000000005,65001.66,65001.76]",65000.86,"[0.001,0.002,0.003,0.004,0.005,0.006,0.007,0.008,0.009000000000000001,0.01]",0.001,"[65000.66,65000.560000000005,65000.46,65000.36,65000.26,65000.16,65000.060000000005,64999.96,64999.86,64999.76]",65000.66,"[0.001,0.002,0.003,0.004,0.005,0.006,0.007,0.008,0.009000000000000001,0.01]",0.001,1176,mock,InstrumentType.Spot,613386128,mock,BTC-USDT
2199944884,0,0,1783610796285127908,101,depth,"[65000.869999999995,65000.969999999994,65001.07,65001.17,65001.27,65001.369999999995,65001.469999999994,65001.57,65001.67,65001.77]",65000.869999999995,"[0.001,0.002,0.003,0.004,0.005,0.006,0.007,0.008,0.009000000000000001,0.01]",0.001,"[65000.67,65000.57,65000.469999999994,65000.369999999995,65000.27,65000.17,65000.07,64999.969999999994,64999.869999999995,64999.77]",65000.67,"[0.001,0.002,0.003,0.004,0.005,0.006,0.007,0.008,0.009000000000000001,0.01]",0.001,1177,mock,InstrumentType.Spot,613386688,mock,BTC-USDT
2199944884,0,0,1783610796285428419,101,depth,"[65000.88,65000.979999999996,65001.08,65001.18,65001.28,65001.38,65001.479999999996,65001.58,65001.68,65001.78]",65000.88,"[0.001,0.002,0.003,0.004,0.005,0.006,0.007,0.008,0.009000000000000001,0.01]",0.001,"[65000.68,65000.58,65000.479999999996,65000.38,65000.28,65000.18,65000.08,64999.979999999996,64999.88,64999.78]",65000.68,"[0.001,0.002,0.003,0.004,0.005,0.006,0.007,0.008,0.009000000000000001,0.01]",0.001,1178,mock,InstrumentType.Spot,613387248,mock,BTC-USDT
2199944884,0,0,1783610796285731233,101,depth,"[65000.89,65000.99,65001.090000000004,65001.19,65001.29,65001.39,65001.49,65001.590000000004,65001.69,65001.79]",65000.89,"[0.001,0.002,0.003,0.004,0.005,0.006,0.007,0.008,0.009000000000000001,0.01]",0.001,"[65000.69,65000.590000000004,65000.49,65000.39,65000.29,65000.19,65000.090000000004,64999.99,64999.89,64999.79]",65000.69,"[0.001,0.002,0.003,0.004,0.005,0.006,0.007,0.008,0.009000000000000001,0.01]",0.001,1179,mock,InstrumentType.Spot,613387808,mock,BTC-USDT
2199944884,0,0,1783610796286028555,101,depth,"[65000.9,65001.0,65001.100000000006,65001.200000000004,65001.3,65001.4,65001.5,65001.600000000006,65001.700000000004,65001.8]",65000.9,"[0.001,0.002,0.003,0.004,0.005,0.006,0.007,0.008,0.009000000000000001,0.01]",0.001,"[65000.700000000004,65000.600000000006,65000.5,65000.4,65000.3,65000.200000000004,65000.100000000006,65000.0,64999.9,64999.8]",65000.700000000004,"[0.001,0.002,0.003,0.004,0.005,0.006,0.007,0.008,0.009000000000000001,0.01]",0.001,1180,mock,InstrumentType.Spot,613388368,mock,BTC-USDT
2199944884,0,0,1783610796286328085,101,depth,"[65000.909999999996,65001.009999999995,65001.11,65001.21,65001.31,65001.409999999996,65001.509999999995,65001.61,65001.71,65001.81]",65000.909999999996,"[0.001,0.002,0.003,0.004,0.005,0.006,0.007,0.008,0.009000000000000001,0.01]",0.001,"[65000.71,65000.61,65000.509999999995,65000.409999999996,65000.31,65000.21,65000.11,65000.009999999995,64999.909999999996,64999.81]",65000.71,"[0.001,0.002,0.003,0.004,0.005,0.006,0.007,0.008,0.009000000000000001,0.01]",0.001,1181,mock,InstrumentType.Spot,613388928,mock,BTC-USDT
2199944884,0,0,1783610796286627876,101,depth,"[65000.92,65001.02,65001.12,65001.22,65001.32,65001.42,65001.52,65001.62,65001.72,65001.82]",65000.92,"[0.001,0.002,0.003,0.004,0.005,0.006,0.007,0.008,0.009000000000000001,0.01]",0.001,"[65000.72,65000.62,65000.52,65000.42,65000.32,65000.22,65000.12,65000.02,64999.92,64999.82]",65000.72,"[0.001,0.002,0.003,0.004,0.005,0.006,0.007,0.008,0.009000000000000001,0.01]",0.001,1182,mock,InstrumentType.Spot,613389488,mock,BTC-USDT
2199944884,0,0,1783610796286927905,101,depth,"[65000.93,65001.03,65001.130000000005,65001.23,65001.33,65001.43,65001.53,65001.630000000005,65001.73,65001.83]",65000.93,"[0.001,0.002,0.003,0.004,0.005,0.006,0.007,0.008,0.009000000000000001,0.01]",0.001,"[65000.73,65000.630000000005,65000.53,65000.43,65000.33,65000.23,65000.130000000005,65000.03,64999.93,64999.83]",65000.73,"[0.001,0.002,0.003,0.004,0.005,0.006,0.007,0.008,0.009000000000000001,0.01]",0.001,1183,mock,InstrumentType.Spot,613390048,mock,BTC-USDT
2199944884,0,0,1783610796287239641,101,depth,"[65000.939999999995,65001.03999999999,65001.14,65001.24,65001.34,65001.439999999995,65001.53999999999,65001.64,65001.74,65001.84]",65000.939999999995,"[0.001,0.002,0.003,0.004,0.005,0.006,0.007,0.008,0.009000000000000001,0.01]",0.001,"[65000.74,65000.64,65000.53999999999,65000.439999999995,65000.34,65000.24,65000.14,65000.03999999999,64999.939999999995,64999.84]",65000.74,"[0.001,0.002,0.003,0.004,0.005,0.006,0.007,0.008,0.009000000000000001,0.01]",0.001,1184,mock,InstrumentType.Spot,613390608,mock,BTC-USDT
2199944884,0,0,1783610796287527998,101,depth,"[65000.95,65001.049999999996,65001.15,65001.25,65001.35,65001.45,65001.549999999996,65001.65,65001.75,65001.85]",65000.95,"[0.001,0.002,0.003,0.004,0.005,0.006,0.007,0.008,0.009000000000000001,0.01]",0.001,"[65000.75,65000.65,65000.549999999996,65000.45,65000.35,65000.25,65000.15,65000.049999999996,64999.95,64999.85]",65000.75,"[0.001,0.002,0.003,0.004,0.005,0.006,0.007,0.008,0.009000000000000001,0.01]",0.001,1185,mock,InstrumentType.Spot,613391168,mock,BTC-USDT
2199944884,0,0,1783610796287828043,101,depth,"[65000.96,65001.06,65001.16,65001.26,65001.36,65001.46,65001.56,65001.66,65001.76,65001.86]",65000.96,"[0.001,0.002,0.003,0.004,0.005,0.006,0.007,0.008,0.009000000000000001,0.01]",0.001,"[65000.76,65000.66,65000.56,65000.46,65000.36,65000.26,65000.16,65000.06,64999.96,64999.86]",65000.76,"[0.001,0.002,0.003,0.004,0.005,0.006,0.007,0.008,0.009000000000000001,0.01]",0.001,1186,mock,InstrumentType.Spot,613391728,mock,BTC-USDT
2199944884,0,0,1783610796288128268,101,depth,"[65000.97,65001.07,65001.170000000006,65001.270000000004,65001.37,65001.47,65001.57,65001.670000000006,65001.770000000004,65001.87]",65000.97,"[0.001,0.002,0.003,0.004,0.005,0.006,0.007,0.008,0.009000000000000001,0.01]",0.001,"[65000.770000000004,65000.670000000006,65000.57,65000.47,65000.37,65000.270000000004,65000.170000000006,65000.07,64999.97,64999.87]",65000.770000000004,"[0.001,0.002,0.003,0.004,0.005,0.006,0.007,0.008,0.009000000000000001,0.01]",0.001,1187,mock,InstrumentType.Spot,613392288,mock,BTC-USDT
2199944884,0,0,1783610796288428150,101,depth,"[65000.979999999996,65001.079999999994,65001.18,65001.28,65001.38,65001.479999999996,65001.579999999994,65001.68,65001.78,65001.88]",65000.979999999996,"[0.001,0.002,0.003,0.004,0.005,0.006,0.007,0.008,0.009000000000000001,0.01]",0.001,"[65000.78,65000.68,65000.579999999994,65000.479999999996,65000.38,65000.28,65000.18,65000.079999999994,64999.979999999996,64999.88]",65000.78,"[0.001,0.002,0.003,0.004,0.005,0.006,0.007,0.008,0.009000000000000001,0.01]",0.001,1188,mock,InstrumentType.Spot,613392848,mock,BTC-USDT
2199944884,0,0,1783610796288728153,101,depth,"[65000.99,65001.09,65001.19,65001.29,65001.39,65001.49,65001.59,65001.69,65001.79,65001.89]",65000.99,"[0.001,0.002,0.003,0.004,0.005,0.006,0.007,0.008,0.009000000000000001,0.01]",0.001,"[65000.79,65000.69,65000.59,65000.49,65000.39,65000.29,65000.19,65000.09,64999.99,64999.89]",65000.79,"[0.001,0.002,0.003,0.004,0.005,0.006,0.007,0.008,0.009000000000000001,0.01]",0.001,1189,mock,InstrumentType.Spot,613393408,mock,BTC-USDT
2199944884,0,0,1783610796289028247,101,depth,"[65001.0,65001.1,65001.200000000004,65001.3,65001.4,65001.5,65001.6,65001.700000000004,65001.8,65001.9]",65001.0,"[0.001,0.002,0.003,0.004,0.005,0.006,0.007,0.008,0.009000000000000001,0.01]",0.001,"[65000.8,65000.700000000004,65000.6,65000.5,65000.4,65000.3,65000.200000000004,65000.1,65000.0,64999.9]",65000.8,"[0.001,0.002,0.003,0.004,0.005,0.006,0.007,0.008,0.009000000000000001,0.01]",0.001,1190,mock,InstrumentType.Spot,613393968,mock,BTC-USDT
2199944884,0,0,1783610796289328017,101,depth,"[65001.01,65001.11,65001.21000000001,65001.310000000005,65001.41,65001.51,65001.61,65001.71000000001,65001.810000000005,65001.91]",65001.01,"[0.001,0.002,0.003,0.004,0.005,0.006,0.007,0.008,0.009000000000000001,0.01]",0.001,"[65000.810000000005,65000.71000000001,65000.61,65000.51,65000.41,65000.310000000005,65000.21000000001,65000.11,65000.01,64999.91]",65000.810000000005,"[0.001,0.002,0.003,0.004,0.005,0.006,0.007,0.008,0.009000000000000001,0.01]",0.001,1191,mock,InstrumentType.Spot,613394528,mock,BTC-USDT
2199944884,0,0,1783610796289627934,101,depth,"[65001.02,65001.119999999995,65001.22,65001.32,65001.42,65001.52,65001.619999999995,65001.72,65001.82,65001.92]",65001.02,"[0.001,0.002,0.003,0.004,0.005,0.006,0.007,0.008,0.009000000000000001,0.01]",0.001,"[65000.82,65000.72,65000.619999999995,65000.52,65000.42,65000.32,65000.22,65000.119999999995,65000.02,64999.92]",65000.82,"[0.001,0.002,0.003,0.004,0.005,0.006,0.007,0.008,0.009000000000000001,0.01]",0.001,1192,mock,InstrumentType.Spot,613395088,mock,BTC-USDT
2199944884,0,0,1783610796289927821,101,depth,"[65001.03,65001.13,65001.23,65001.33,65001.43,65001.53,65001.63,65001.73,65001.83,65001.93]",65001.03,"[0.001,0.002,0.003,0.004,0.005,0.006,0.007,0.008,0.009000000000000001,0.01]",0.001,"[65000.83,65000.73,65000.63,65000.53,65000.43,65000.33,65000.23,65000.13,65000.03,64999.93]",65000.83,"[0.001,0.002,0.003,0.004,0.005,0.006,0.007,0.008,0.009000000000000001,0.01]",0.001,1193,mock,InstrumentType.Spot,613395648,mock,BTC-USDT
2199944884,0,0,1783610796290233659,101,depth,"[65001.04,65001.14,65001.240000000005,65001.340000000004,65001.44,65001.54,65001.64,65001.740000000005,65001.840000000004,65001.94]",65001.04,"[0.001,0.002,0.003,0.004,0.005,0.006,0.007,0.008,0.009000000000000001,0.01]",0.001,"[65000.840000000004,65000.740000000005,65000.64,65000.54,65000.44,65000.340000000004,65000.240000000005,65000.14,65000.04,64999.94]",65000.840000000004,"[0.001,0.002,0.003,0.004,0.005,0.006,0.007,0.008,0.009000000000000001,0.01]",0.001,1194,mock,InstrumentType.Spot,613396208,mock,BTC-USDT
2199944884,0,0,1783610796290527974,101,depth,"[65001.049999999996,65001.149999999994,65001.25,65001.35,65001.45,65001.549999999996,65001.649999999994,65001.75,65001.85,65001.95]",65001.049999999996,"[0.001,0.002,0.003,0.004,0.005,0.006,0.007,0.008,0.009000000000000001,0.01]",0.001,"[65000.85,65000.75,65000.649999999994,65000.549999999996,65000.45,65000.35,65000.25,65000.149999999994,65000.049999999996,64999.95]",65000.85,"[0.001,0.002,0.003,0.004,0.005,0.006,0.007,0.008,0.009000000000000001,0.01]",0.001,1195,mock,InstrumentType.Spot,613396768,mock,BTC-USDT
2199944884,0,0,1783610796290827813,101,depth,"[65001.06,65001.159999999996,65001.26,65001.36,65001.46,65001.56,65001.659999999996,65001.76,65001.86,65001.96]",65001.06,"[0.001,0.002,0.003,0.004,0.005,0.006,0.007,0.008,0.009000000000000001,0.01]",0.001,"[65000.86,65000.76,65000.659999999996,65000.56,65000.46,65000.36,65000.26,65000.159999999996,65000.06,64999.96]",65000.86,"[0.001,0.002,0.003,0.004,0.005,0.006,0.007,0.008,0.009000000000000001,0.01]",0.001,1196,mock,InstrumentType.Spot,613397328,mock,BTC-USDT
2199944884,0,0,1783610796291127873,101,depth,"[65001.07,65001.17,65001.270000000004,65001.37,65001.47,65001.57,65001.67,65001.770000000004,65001.87,65001.97]",65001.07,"[0.001,0.002,0.003,0.004,0.005,0.006,0.007,0.008,0.009000000000000001,0.01]",0.001,"[65000.87,65000.770000000004,65000.67,65000.57,65000.47,65000.37,65000.270000000004,65000.17,65000.07,64999.97]",65000.87,"[0.001,0.002,0.003,0.004,0.005,0.006,0.007,0.008,0.009000000000000001,0.01]",0.001,1197,mock,InstrumentType.Spot,613397888,mock,BTC-USDT
2199944884,0,0,1783610796291427878,101,depth,"[65001.08,65001.18,65001.280000000006,65001.380000000005,65001.48,65001.58,65001.68,65001.780000000006,65001.880000000005,65001.98]",65001.08,"[0.001,0.002,0.003,0.004,0.005,0.006,0.007,0.008,0.009000000000000001,0.01]",0.001,"[65000.880000000005,65000.780000000006,65000.68,65000.58,65000.48,65000.380000000005,65000.280000000006,65000.18,65000.08,64999.98]",65000.880000000005,"[0.001,0.002,0.003,0.004,0.005,0.006,0.007,0.008,0.009000000000000001,0.01]",0.001,1198,mock,InstrumentType.Spot,613398448,mock,BTC-USDT
2199944884,0,0,1783610796291727877,101,depth,"[65001.09,65001.189999999995,65001.29,65001.39,65001.49,65001.59,65001.689999999995,65001.79,65001.89,65001.99]",65001.09,"[0.001,0.002,0.003,0.004,0.005,0.006,0.007,0.008,0.009000000000000001,0.01]",0.001,"[65000.89,65000.79,65000.689999999995,65000.59,65000.49,65000.39,65000.29,65000.189999999995,65000.09,64999.99]",65000.89,"[0.001,0.002,0.003,0.004,0.005,0.006,0.007,0.008,0.009000000000000001,0.01]",0.001,1199,mock,InstrumentType.Spot,613399008,mock,BTC-USDT
2199944884,0,0,1783610796292028080,101,depth,"[65000.1,65000.2,65000.3,65000.4,65000.5,65000.6,65000.7,65000.8,65000.9,65001.0]",65000.1,"[0.001,0.002,0.003,0.004,0.005,0.006,0.007,0.008,0.009000000000000001,0.01]",0.001,"[64999.9,64999.8,64999.7,64999.6,64999.5,64999.4,64999.3,64999.2,64999.1,64999.0]",64999.9,"[0.001,0.002,0.003,0.004,0.005,0.006,0.007,0.008,0.009000000000000001,0.01]",0.001,1200,mock,InstrumentType.Spot,613399568,mock,BTC-USDT
2199944884,0,0,1783610796292327881,101,depth,"[65000.11,65000.21,65000.310000000005,65000.41,65000.51,65000.61,65000.71,65000.810000000005,65000.91,65001.01]",65000.11,"[0.001,0.002,0.003,0.004,0.005,0.006,0.007,0.008,0.009000000000000001,0.01]",0.001,"[64999.91,64999.810000000005,64999.71,64999.61,64999.51,64999.41,64999.310000000005,64999.21,64999.11,64999.01]",64999.91,"[0.001,0.002,0.003,0.004,0.005,0.006,0.007,0.008,0.009000000000000001,0.01]",0.001,1201,mock,InstrumentType.Spot,613400128,mock,BTC-USDT
2199944884,0,0,1783610796292627874,101,depth,"[65000.119999999995,65000.219999999994,65000.32,65000.42,65000.52,65000.619999999995,65000.719999999994,65000.82,65000.92,65001.02]",65000.119999999995,"[0.001,0.002,0.003,0.004,0.005,0.006,0.007,0.008,0.009000000000000001,0.01]",0.001,"[64999.92,64999.82,64999.719999999994,64999.619999999995,64999.52,64999.42,64999.32,64999.219999999994,64999.119999999995,64999.02]",64999.92,"[0.001,0.002,0.003,0.004,0.005,0.006,0.007,0.008,0.009000000000000001,0.01]",0.001,1202,mock,InstrumentType.Spot,613400688,mock,BTC-USDT
2199944884,0,0,1783610796292933007,101,depth,"[65000.13,65000.229999999996,65000.33,65000.43,65000.53,65000.63,65000.729999999996,65000.83,65000.93,65001.03]",65000.13,"[0.001,0.002,0.003,0.004,0.005,0.006,0.007,0.008,0.009000000000000001,0.01]",0.001,"[64999.93,64999.83,64999.729999999996,64999.63,64999.53,64999.43,64999.33,64999.229999999996,64999.13,64999.03]",64999.93,"[0.001,0.002,0.003,0.004,0.005,0.006,0.007,0.008,0.009000000000000001,0.01]",0.001,1203,mock,InstrumentType.Spot,613401248,mock,BTC-USDT
2199944884,0,0,1783610796293228028,101,depth,"[65000.14,65000.24,65000.340000000004,65000.44,65000.54,65000.64,65000.74,65000.840000000004,65000.94,65001.04]",65000.14,"[0.001,0.002,0.003,0.004,0.005,0.006,0.007,0.008,0.009000000000000001,0.01]",0.001,"[64999.94,64999.840000000004,64999.74,64999.64,64999.54,64999.44,64999.340000000004,64999.24,64999.14,64999.04]",64999.94,"[0.001,0.002,0.003,0.004,0.005,0.006,0.007,0.008,0.009000000000000001,0.01]",0.001,1204,mock,InstrumentType.Spot,613401808,mock,BTC-USDT
2199944884,0,0,1783610796293527859,101,depth,"[65000.15,65000.25,65000.350000000006,65000.450000000004,65000.55,65000.65,65000.75,65000.850000000006,65000.950000000004,65001.05]",65000.15,"[0.001,0.002,0.003,0.004,0.005,0.006,0.007,0.008,0.009000000000000001,0.01]",0.001,"[64999.950000000004,64999.850000000006,64999.75,64999.65,64999.55,64999.450000000004,64999.350000000006,64999.25,64999.15,64999.05]",64999.950000000004,"[0.001,0.002,0.003,0.004,0.005,0.006,0.007,0.008,0.009000000000000001,0.01]",0.001,1205,mock,InstrumentType.Spot,613402368,mock,BTC-USDT
2199944884,0,0,1783610796293827948,101,depth,"[65000.159999999996,65000.259999999995,65000.36,65000.46,65000.56,65000.659999999996,65000.759999999995,65000.86,65000.96,65001.06]",65000.159999999996,"[0.001,0.002,0.003,0.004,0.005,0.006,0.007,0.008,0.009000000000000001,0.01]",0.001,"[64999.96,64999.86,64999.759999999995,64999.659999999996,64999.56,64999.46,64999.36,64999.259999999995,64999.159999999996,64999.06]",64999.96,"[0.001,0.002,0.003,0.004,0.005,0.006,0.007,0.008,0.009000000000000001,0.01]",0.001,1206,mock,InstrumentType.Spot,613402928,mock,BTC-USDT
2199944884,0,0,1783610796294127875,101,depth,"[65000.17,65000.27,65000.37,65000.47,65000.57,65000.67,65000.77,65000.87,65000.97,65001.07]",65000.17,"[0.001,0.002,0.003,0.004,0.005,0.006,0.007,0.008,0.009000000000000001,0.01]",0.001,"[64999.97,64999.87,64999.77,64999.67,64999.57,64999.47,64999.37,64999.27,64999.17,64999.07]",64999.97,"[0.001,0.002,0.003,0.004,0.005,0.006,0.007,0.008,0.009000000000000001,0.01]",0.001,1207,mock,InstrumentType.Spot,613403488,mock,BTC-USDT
2199944884,0,0,1783610796294428236,101,depth,"[65000.18,65000.28,65000.380000000005,65000.48,65000.58,65000.68,65000.78,65000.880000000005,65000.98,65001.08]",65000.18,"[0.001,0.002,0.003,0.004,0.005,0.006,0.007,0.008,0.009000000000000001,0.01]",0.001,"[64999.98,64999.880000000005,64999.78,64999.68,64999.58,64999.48,64999.380000000005,64999.28,64999.18,64999.08]",64999.98,"[0.001,0.002,0.003,0.004,0.005,0.006,0.007,0.008,0.009000000000000001,0.01]",0.001,1208,mock,InstrumentType.Spot,613404048,mock,BTC-USDT
2199944884,0,0,1783610796294727593,101,depth,"[65000.189999999995,65000.28999999999,65000.39,65000.49,65000.59,65000.689999999995,65000.78999999999,65000.89,65000.99,65001.09]",65000.189999999995,"[0.001,0.002,0.003,0.004,0.005,0.006,0.007,0.008,0.009000000000000001,0.01]",0.001,"[64999.99,64999.89,64999.78999999999,64999.689999999995,64999.59,64999.49,64999.39,64999.28999999999,64999.189999999995,64999.09]",64999.99,"[0.001,0.002,0.003,0.004,0.005,0.006,0.007,0.008,0.009000000000000001,0.01]",0.001,1209,mock,InstrumentType.Spot,613404608,mock,BTC-USDT
2199944884,0,0,1783610796295027598,101,depth,"[65000.2,65000.299999999996,65000.4,65000.5,65000.6,65000.7,65000.799999999996,65000.9,65001.0,65001.1]",65000.2,"[0.001,0.002,0.003,0.004,0.005,0.006,0.007,0.008,0.009000000000000001,0.01]",0.001,"[65000.0,64999.9,64999.799999999996,64999.7,64999.6,64999.5,64999.4,64999.299999999996,64999.2,64999.1]",65000.0,"[0.001,0.002,0.003,0.004,0.005,0.006,0.007,0.008,0.009000000000000001,0.01]",0.001,1210,mock,InstrumentType.Spot,613405168,mock,BTC-USDT
2199944884,0,0,1783610796295327735,101,depth,"[65000.21,65000.31,65000.41,65000.51,65000.61,65000.71,65000.81,65000.91,65001.01,65001.11]",65000.21,"[0.001,0.002,0.003,0.004,0.005,0.006,0.007,0.008,0.009000000000000001,0.01]",0.001,"[65000.01,64999.91,64999.81,64999.71,64999.61,64999.51,64999.41,64999.31,64999.21,64999.11]",65000.01,"[0.001,0.002,0.003,0.004,0.005,0.006,0.007,0.008,0.009000000000000001,0.01]",0.001,1211,mock,InstrumentType.Spot,613405728,mock,BTC-USDT
2199944884,0,0,1783610796295627652,101,depth,"[65000.22,65000.32,65000.420000000006,65000.520000000004,65000.62,65000.72,65000.82,65000.920000000006,65001.020000000004,65001.12]",65000.22,"[0.001,0.002,0.003,0.004,0.005,0.006,0.007,0.008,0.009000000000000001,0.01]",0.001,"[65000.020000000004,64999.920000000006,64999.82,64999.72,64999.62,64999.520000000004,64999.420000000006,64999.32,64999.22,64999.12]",65000.020000000004,"[0.001,0.002,0.003,0.004,0.005,0.006,0.007,0.008,0.009000000000000001,0.01]",0.001,1212,mock,InstrumentType.Spot,613406288,mock,BTC-USDT
2199944884,0,0,1783610796295934280,101,depth,"[65000.229999999996,65000.329999999994,65000.43,65000.53,65000.63,65000.729999999996,65000.829999999994,65000.93,65001.03,65001.13]",65000.229999999996,"[0.001,0.002,0.003,0.004,0.005,0.006,0.007,0.008,0.009000000000000001,0.01]",0.001,"[65000.03,64999.93,64999.829999999994,64999.729999999996,64999.63,64999.53,64999.43,64999.329999999994,64999.229999999996,64999.13]",65000.03,"[0.001,0.002,0.003,0.004,0.005,0.006,0.007,0.008,0.009000000000000001,0.01]",0.001,1213,mock,InstrumentType.Spot,613406848,mock,BTC-USDT
2199944884,0,0,1783610796296228042,101,depth,"[65000.24,65000.34,65000.44,65000.54,65000.64,65000.74,65000.84,65000.94,65001.04,65001.14]",65000.24,"[0.001,0.002,0.003,0.004,0.005,0.006,0.007,0.008,0.009000000000000001,0.01]",0.001,"[65000.04,64999.94,64999.84,64999.74,64999.64,64999.54,64999.44,64999.34,64999.24,64999.14]",65000.04,"[0.001,0.002,0.003,0.004,0.005,0.006,0.007,0.008,0.009000000000000001,0.01]",0.001,1214,mock,InstrumentType.Spot,613407408,mock,BTC-USDT
2199944884,0,0,1783610796296529162,101,depth,"[65000.25,65000.35,65000.450000000004,65000.55,65000.65,65000.75,65000.85,65000.950000000004,65001.05,65001.15]",65000.25,"[0.001,0.002,0.003,0.004,0.005,0.006,0.007,0.008,0.009000000000000001,0.01]",0.001,"[65000.05,64999.950000000004,64999.85,64999.75,64999.65,64999.55,64999.450000000004,64999.35,64999.25,64999.15]",65000.05,"[0.001,0.002,0.003,0.004,0.005,0.006,0.007,0.008,0.009000000000000001,0.01]",0.001,1215,mock,InstrumentType.Spot,613407968,mock,BTC-USDT
2199944884,0,0,1783610796296828526,101,depth,"[65000.26,65000.36,65000.46000000001,65000.560000000005,65000.66,65000.76,65000.86,65000.96000000001,65001.060000000005,65001.16]",65000.26,"[0.001,0.002,0.003,0.004,0.005,0.006,0.007,0.008,0.009000000000000001,0.01]",0.001,"[65000.060000000005,64999.96000000001,64999.86,64999.76,64999.66,64999.560000000005,64999.46000000001,64999.36,64999.26,64999.16]",65000.060000000005,"[0.001,0.002,0.003,0.004,0.005,0.006,0.007,0.008,0.009000000000000001,0.01]",0.001,1216,mock,InstrumentType.Spot,613408528,mock,BTC-USDT
2199944884,0,0,1783610796297127832,101,depth,"[65000.27,65000.369999999995,65000.47,65000.57,65000.67,65000.77,65000.869999999995,65000.97,65001.07,65001.17]",65000.27,"[0.001,0.002,0.003,0.004,0.005,0.006,0.007,0.008,0.009000000000000001,0.01]",0.001,"[65000.07,64999.97,64999.869999999995,64999.77,64999.67,64999.57,64999.47,64999.369999999995,64999.27,64999.17]",65000.07,"[0.001,0.002,0.003,0.004,0.005,0.006,0.007,0.008,0.009000000000000001,0.01]",0.001,1217,mock,InstrumentType.Spot,613409088,mock,BTC-USDT
2199944884,0,0,1783610796297427690,101,depth,"[65000.28,65000.38,65000.48,65000.58,65000.68,65000.78,65000.88,65000.98,65001.08,65001.18]",65000.28,"[0.001,0.002,0.003,0.004,0.005,0.006,0.007,0.008,0.009000000000000001,0.01]",0.001,"[65000.08,64999.98,64999.88,64999.78,64999.68,64999.58,64999.48,64999.38,64999.28,64999.18]",65000.08,"[0.001,0.002,0.003,0.004,0.005,0.006,0.007,0.008,0.009000000000000001,0.01]",0.001,1218,mock,InstrumentType.Spot,613409648,mock,BTC-USDT
2199944884,0,0,1783610796297727685,101,depth,"[65000.29,65000.39,65000.490000000005,65000.590000000004,65000.69,65000.79,65000.89,65000.990000000005,65001.090000000004,65001.19]",65000.29,"[0.001,0.002,0.003,0.004,0.005,0.006,0.007,0.008,0.009000000000000001,0.01]",0.001,"[65000.090000000004,64999.990000000005,64999.89,64999.79,64999.69,64999.590000000004,64999.490000000005,64999.39,64999.29,64999.19]",65000.090000000004,"[0.001,0.002,0.003,0.004,0.005,0.006,0.007,0.008,0.009000000000000001,0.01]",0.001,1219,mock,InstrumentType.Spot,613410208,mock,BTC-USDT
2199944884,0,0,1783610796298028855,101,depth,"[65000.299999999996,65000.399999999994,65000.5,65000.6,65000.7,65000.799999999996,65000.899999999994,65001.0,65001.1,65001.2]",65000.299999999996,"[0.001,0.002,0.003,0.004,0.005,0.006,0.007,0.008,0.009000000000000001,0.01]",0.001,"[65000.1,65000.0,64999.899999999994,64999.799999999996,64999.7,64999.6,64999.5,64999.399999999994,64999.299999999996,64999.2]",65000.1,"[0.001,0.002,0.003,0.004,0.005,0.006,0.007,0.008,0.009000000000000001,0.01]",0.001,1220,mock,InstrumentType.Spot,613410768,mock,BTC-USDT
2199944884,0,0,1783610796298328775,101,depth,"[65000.31,65000.409999999996,65000.51,65000.61,65000.71,65000.81,65000.909999999996,65001.01,65001.11,65001.21]",65000.31,"[0.001,0.002,0.003,0.004,0.005,0.006,0.007,0.008,0.009000000000000001,0.01]",0.001,"[65000.11,65000.01,64999.909999999996,64999.81,64999.71,64999.61,64999.51,64999.409999999996,64999.31,64999.21]",65000.11,"[0.001,0.002,0.003,0.004,0.005,0.006,0.007,0.008,0.009000000000000001,0.01]",0.001,1221,mock,InstrumentType.Spot,613411328,mock,BTC-USDT
2199944884,0,0,1783610796298702052,101,depth,"[65000.32,65000.42,65000.520000000004,65000.62,65000.72,65000.82,65000.92,65001.020000000004,65001.12,65001.22]",65000.32,"[0.001,0.002,0.003,0.004,0.005,0.006,0.007,0.008,0.009000000000000001,0.01]",0.001,"[65000.12,65000.020000000004,64999.92,64999.82,64999.72,64999.62,64999.520000000004,64999.42,64999.32,64999.22]",65000.12,"[0.001,0.002,0.003,0.004,0.005,0.006,0.007,0.008,0.009000000000000001,0.01]",0.001,1222,mock,InstrumentType.Spot,613411888,mock,BTC-USDT
2199944884,0,0,1783610796298928302,101,depth,"[65000.33,65000.43,65000.530000000006,65000.630000000005,65000.73,65000.83,65000.93,65001.030000000006,65001.130000000005,65001.23]",65000.33,"[0.001,0.002,0.003,0.004,0.005,0.006,0.007,0.008,0.009000000000000001,0.01]",0.001,"[65000.130000000005,65000.030000000006,64999.93,64999.83,64999.73,64999.630000000005,64999.530000000006,64999.43,64999.33,64999.23]",65000.130000000005,"[0.001,0.002,0.003,0.004,0.005,0.006,0.007,0.008,0.009000000000000001,0.01]",0.001,1223,mock,InstrumentType.Spot,613412448,mock,BTC-USDT
2199944884,0,0,1783610796299229580,101,depth,"[65000.34,65000.439999999995,65000.54,65000.64,65000.74,65000.84,65000.939999999995,65001.04,65001.14,65001.24]",65000.34,"[0.001,0.002,0.003,0.004,0.005,0.006,0.007,0.008,0.009000000000000001,0.01]",0.001,"[65000.14,65000.04,64999.939999999995,64999.84,64999.74,64999.64,64999.54,64999.439999999995,64999.34,64999.24]",65000.14,"[0.001,0.002,0.003,0.004,0.005,0.006,0.007,0.008,0.009000000000000001,0.01]",0.001,1224,mock,InstrumentType.Spot,613413008,mock,BTC-USDT
2199944884,0,0,1783610796299527997,101,depth,"[65000.35,65000.45,65000.55,65000.65,65000.75,65000.85,65000.95,65001.05,65001.15,65001.25]",65000.35,"[0.001,0.002,0.003,0.004,0.005,0.006,0.007,0.008,0.009000000000000001,0.01]",0.001,"[65000.15,65000.05,64999.95,64999.85,64999.75,64999.65,64999.55,64999.45,64999.35,64999.25]",65000.15,"[0.001,0.002,0.003,0.004,0.005,0.006,0.007,0.008,0.009000000000000001,0.01]",0.001,1225,mock,InstrumentType.Spot,613413568,mock,BTC-USDT
2199944884,0,0,1783610796299827592,101,depth,"[65000.36,65000.46,65000.560000000005,65000.66,65000.76,65000.86,65000.96,65001.060000000005,65001.16,65001.26]",65000.36,"[0.001,0.002,0.003,0.004,0.005,0.006,0.007,0.008,0.009000000000000001,0.01]",0.001,"[65000.16,65000.060000000005,64999.96,64999.86,64999.76,64999.66,64999.560000000005,64999.46,64999.36,64999.26]",65000.16,"[0.001,0.002,0.003,0.004,0.005,0.006,0.007,0.008,0.009000000000000001,0.01]",0.001,1226,mock,InstrumentType.Spot,613414128,mock,BTC-USDT
2199944884,0,0,1783610796300127948,101,depth,"[65000.369999999995,65000.469999999994,65000.57,65000.67,65000.77,65000.869999999995,65000.969999999994,65001.07,65001.17,65001.27]",65000.369999999995,"[0.001,0.002,0.003,0.004,0.005,0.006,0.007,0.008,0.009000000000000001,0.01]",0.001,"[65000.17,65000.07,64999.969999999994,64999.869999999995,64999.77,64999.67,64999.57,64999.469999999994,64999.369999999995,64999.27]",65000.17,"[0.001,0.002,0.003,0.004,0.005,0.006,0.007,0.008,0.009000000000000001,0.01]",0.001,1227,mock,InstrumentType.Spot,613414688,mock,BTC-USDT
2199944884,0,0,1783610796300427705,101,depth,"[65000.38,65000.479999999996,65000.58,65000.68,65000.78,65000.88,65000.979999999996,65001.08,65001.18,65001.28]",65000.38,"[0.001,0.002,0.003,0.004,0.005,0.006,0.007,0.008,0.009000000000000001,0.01]",0.001,"[65000.18,65000.08,64999.979999999996,64999.88,64999.78,64999.68,64999.58,64999.479999999996,64999.38,64999.28]",65000.18,"[0.001,0.002,0.003,0.004,0.005,0.006,0.007,0.008,0.009000000000000001,0.01]",0.001,1228,mock,InstrumentType.Spot,613415248,mock,BTC-USDT
2199944884,0,0,1783610796300728088,101,depth,"[65000.39,65000.49,65000.590000000004,65000.69,65000.79,65000.89,65000.99,65001.090000000004,65001.19,65001.29]",65000.39,"[0.001,0.002,0.003,0.004,0.005,0.006,0.007,0.008,0.009000000000000001,0.01]",0.001,"[65000.19,65000.090000000004,64999.99,64999.89,64999.79,64999.69,64999.590000000004,64999.49,64999.39,64999.29]",65000.19,"[0.001,0.002,0.003,0.004,0.005,0.006,0.007,0.008,0.009000000000000001,0.01]",0.001,1229,mock,InstrumentType.Spot,613415808,mock,BTC-USDT
2199944884,0,0,1783610796301027899,101,depth,"[65000.4,65000.5,65000.600000000006,65000.700000000004,65000.8,65000.9,65001.0,65001.100000000006,65001.200000000004,65001.3]",65000.4,"[0.001,0.002,0.003,0.004,0.005,0.006,0.007,0.008,0.009000000000000001,0.01]",0.001,"[65000.200000000004,65000.100000000006,65000.0,64999.9,64999.8,64999.700000000004,64999.600000000006,64999.5,64999.4,64999.3]",65000.200000000004,"[0.001,0.002,0.003,0.004,0.005,0.006,0.007,0.008,0.009000000000000001,0.01]",0.001,1230,mock,InstrumentType.Spot,613416368,mock,BTC-USDT
2199944884,0,0,1783610796301328611,101,depth,"[65000.409999999996,65000.509999999995,65000.61,65000.71,65000.81,65000.909999999996,65001.009999999995,65001.11,65001.21,65001.31]",65000.409999999996,"[0.001,0.002,0.003,0.004,0.005,0.006,0.007,0.008,0.009000000000000001,0.01]",0.001,"[65000.21,65000.11,65000.009999999995,64999.909999999996,64999.81,64999.71,64999.61,64999.509999999995,64999.409999999996,64999.31]",65000.21,"[0.001,0.002,0.003,0.004,0.005,0.006,0.007,0.008,0.009000000000000001,0.01]",0.001,1231,mock,InstrumentType.Spot,613416928,mock,BTC-USDT
2199944884,0,0,1783610796301644522,101,depth,"[65000.42,65000.52,65000.62,65000.72,65000.82,65000.92,65001.02,65001.12,65001.22,65001.32]",65000.42,"[0.001,0.002,0.003,0.004,0.005,0.006,0.007,0.008,0.009000000000000001,0.01]",0.001,"[65000.22,65000.12,65000.02,64999.92,64999.82,64999.72,64999.62,64999.52,64999.42,64999.32]",65000.22,"[0.001,0.002,0.003,0.004,0.005,0.006,0.007,0.008,0.009000000000000001,0.01]",0.001,1232,mock,InstrumentType.Spot,613417488,mock,BTC-USDT
2199944884,0,0,1783610796301928370,101,depth,"[65000.43,65000.53,65000.630000000005,65000.73,65000.83,65000.93,65001.03,65001.130000000005,65001.23,65001.33]",65000.43,"[0.001,0.002,0.003,0.004,0.005,0.006,0.007,0.008,0.009000000000000001,0.01]",0.001,"[65000.23,65000.130000000005,65000.03,64999.93,64999.83,64999.73,64999.630000000005,64999.53,64999.43,64999.33]",65000.23,"[0.001,0.002,0.003,0.004,0.005,0.006,0.007,0.008,0.009000000000000001,0.01]",0.001,1233,mock,InstrumentType.Spot,613418048,mock,BTC-USDT
2199944884,0,0,1783610796302228228,101,depth,"[65000.439999999995,65000.53999999999,65000.64,65000.74,65000.84,65000.939999999995,65001.03999999999,65001.14,65001.24,65001.34]",65000.439999999995,"[0.001,0.002,0.003,0.004,0.005,0.006,0.007,0.008,0.009000000000000001,0.01]",0.001,"[65000.24,65000.14,65000.03999999999,64999.939999999995,64999.84,64999.74,64999.64,64999.53999999999,64999.439999999995,64999.34]",65000.24,"[0.001,0.002,0.003,0.004,0.005,0.006,0.007,0.008,0.009000000000000001,0.01]",0.001,1234,mock,InstrumentType.Spot,613418608,mock,BTC-USDT
2199944884,0,0,1783610796302528260,101,depth,"[65000.45,65000.549999999996,65000.65,65000.75,65000.85,65000.95,65001.049999999996,65001.15,65001.25,65001.35]",65000.45,"[0.001,0.002,0.003,0.004,0.005,0.006,0.007,0.008,0.009000000000000001,0.01]",0.001,"[65000.25,65000.15,65000.049999999996,64999.95,64999.85,64999.75,64999.65,64999.549999999996,64999.45,64999.35]",65000.25,"[0.001,0.002,0.003,0.004,0.005,0.006,0.007,0.008,0.009000000000000001,0.01]",0.001,1235,mock,InstrumentType.Spot,613419168,mock,BTC-USDT
2199944884,0,0,1783610796302828405,101,depth,"[65000.46,65000.56,65000.66,65000.76,65000.86,65000.96,65001.06,65001.16,65001.26,65001.36]",65000.46,"[0.001,0.002,0.003,0.004,0.005,0.006,0.007,0.008,0.009000000000000001,0.01]",0.001,"[65000.26,65000.16,65000.06,64999.96,64999.86,64999.76,64999.66,64999.56,64999.46,64999.36]",65000.26,"[0.001,0.002,0.003,0.004,0.005,0.006,0.007,0.008,0.009000000000000001,0.01]",0.001,1236,mock,InstrumentType.Spot,613419728,mock,BTC-USDT
2199944884,0,0,1783610796303128523,101,depth,"[65000.47,65000.57,65000.670000000006,65000.770000000004,65000.87,65000.97,65001.07,65001.170000000006,65001.270000000004,65001.37]",65000.47,"[0.001,0.002,0.003,0.004,0.005,0.006,0.007,0.008,0.009000000000000001,0.01]",0.001,"[65000.270000000004,65000.170000000006,65000.07,64999.97,64999.87,64999.770000000004,64999.670000000006,64999.57,64999.47,64999.37]",65000.270000000004,"[0.001,0.002,0.003,0.004,0.005,0.006,0.007,0.008,0.009000000000000001,0.01]",0.001,1237,mock,InstrumentType.Spot,613420288,mock,BTC-USDT
2199944884,0,0,1783610796303428451,101,depth,"[65000.479999999996,65000.579999999994,65000.68,65000.78,65000.88,65000.979999999996,65001.079999999994,65001.18,65001.28,65001.38]",65000.479999999996,"[0.001,0.002,0.003,0.004,0.005,0.006,0.007,0.008,0.009000000000000001,0.01]",0.001,"[65000.28,65000.18,65000.079999999994,64999.979999999996,64999.88,64999.78,64999.68,64999.579999999994,64999.479999999996,64999.38]",65000.28,"[0.001,0.002,0.003,0.004,0.005,0.006,0.007,0.008,0.009000000000000001,0.01]",0.001,1238,mock,InstrumentType.Spot,613420848,mock,BTC-USDT
2199944884,0,0,1783610796303728209,101,depth,"[65000.49,65000.59,65000.69,65000.79,65000.89,65000.99,65001.09,65001.19,65001.29,65001.39]",65000.49,"[0.001,0.002,0.003,0.004,0.005,0.006,0.007,0.008,0.009000000000000001,0.01]",0.001,"[65000.29,65000.19,65000.09,64999.99,64999.89,64999.79,64999.69,64999.59,64999.49,64999.39]",65000.29,"[0.001,0.002,0.003,0.004,0.005,0.006,0.007,0.008,0.009000000000000001,0.01]",0.001,1239,mock,InstrumentType.Spot,613421408,mock,BTC-USDT
2199944884,0,0,1783610796304028120,101,depth,"[65000.5,65000.6,65000.700000000004,65000.8,65000.9,65001.0,65001.1,65001.200000000004,65001.3,65001.4]",65000.5,"[0.001,0.002,0.003,0.004,0.005,0.006,0.007,0.008,0.009000000000000001,0.01]",0.001,"[65000.3,65000.200000000004,65000.1,65000.0,64999.9,64999.8,64999.700000000004,64999.6,64999.5,64999.4]",65000.3,"[0.001,0.002,0.003,0.004,0.005,0.006,0.007,0.008,0.009000000000000001,0.01]",0.001,1240,mock,InstrumentType.Spot,613421968,mock,BTC-USDT
2199944884,0,0,1783610796304336202,101,depth,"[65000.51,65000.61,65000.71000000001,65000.810000000005,65000.91,65001.01,65001.11,65001.21000000001,65001.310000000005,65001.41]",65000.51,"[0.001,0.002,0.003,0.004,0.005,0.006,0.007,0.008,0.009000000000000001,0.01]",0.001,"[65000.310000000005,65000.21000000001,65000.11,65000.01,64999.91,64999.810000000005,64999.71000000001,64999.61,64999.51,64999.41]",65000.310000000005,"[0.001,0.002,0.003,0.004,0.005,0.006,0.007,0.008,0.009000000000000001,0.01]",0.001,1241,mock,InstrumentType.Spot,613422528,mock,BTC-USDT
2199944884,0,0,1783610796304628217,101,depth,"[65000.52,65000.619999999995,65000.72,65000.82,65000.92,65001.02,65001.119999999995,65001.22,65001.32,65001.42]",65000.52,"[0.001,0.002,0.003,0.004,0.005,0.006,0.007,0.008,0.009000000000000001,0.01]",0.001,"[65000.32,65000.22,65000.119999999995,65000.02,64999.92,64999.82,64999.72,64999.619999999995,64999.52,64999.42]",65000.32,"[0.001,0.002,0.003,0.004,0.005,0.006,0.007,0.008,0.009000000000000001,0.01]",0.001,1242,mock,InstrumentType.Spot,613423088,mock,BTC-USDT
2199944884,0,0,1783610796304927875,101,depth,"[65000.53,65000.63,65000.73,65000.83,65000.93,65001.03,65001.13,65001.23,65001.33,65001.43]",65000.53,"[0.001,0.002,0.003,0.004,0.005,0.006,0.007,0.008,0.009000000000000001,0.01]",0.001,"[65000.33,65000.23,65000.13,65000.03,64999.93,64999.83,64999.73,64999.63,64999.53,64999.43]",65000.33,"[0.001,0.002,0.003,0.004,0.005,0.006,0.007,0.008,0.009000000000000001,0.01]",0.001,1243,mock,InstrumentType.Spot,613423648,mock,BTC-USDT
2199944884,0,0,1783610796305227824,101,depth,"[65000.54,65000.64,65000.740000000005,65000.840000000004,65000.94,65001.04,65001.14,65001.240000000005,65001.340000000004,65001.44]",65000.54,"[0.001,0.002,0.003,0.004,0.005,0.006,0.007,0.008,0.009000000000000001,0.01]",0.001,"[65000.340000000004,65000.240000000005,65000.14,65000.04,64999.94,64999.840000000004,64999.740000000005,64999.64,64999.54,64999.44]",65000.340000000004,"[0.001,0.002,0.003,0.004,0.005,0.006,0.007,0.008,0.009000000000000001,0.01]",0.001,1244,mock,InstrumentType.Spot,613424208,mock,BTC-USDT
2199944884,0,0,1783610796305527868,101,depth,"[65000.549999999996,65000.649999999994,65000.75,65000.85,65000.95,65001.049999999996,65001.149999999994,65001.25,65001.35,65001.45]",65000.549999999996,"[0.001,0.002,0.003,0.004,0.005,0.006,0.007,0.008,0.009000000000000001,0.01]",0.001,"[65000.35,65000.25,65000.149999999994,65000.049999999996,64999.95,64999.85,64999.75,64999.649999999994,64999.549999999996,64999.45]",65000.35,"[0.001,0.002,0.003,0.004,0.005,0.006,0.007,0.008,0.009000000000000001,0.01]",0.001,1245,mock,InstrumentType.Spot,613424768,mock,BTC-USDT
2199944884,0,0,1783610796305827823,101,depth,"[65000.56,65000.659999999996,65000.76,65000.86,65000.96,65001.06,65001.159999999996,65001.26,65001.36,65001.46]",65000.56,"[0.001,0.002,0.003,0.004,0.005,0.006,0.007,0.008,0.009000000000000001,0.01]",0.001,"[65000.36,65000.26,65000.159999999996,65000.06,64999.96,64999.86,64999.76,64999.659999999996,64999.56,64999.46]",65000.36,"[0.001,0.002,0.003,0.004,0.005,0.006,0.007,0.008,0.009000000000000001,0.01]",0.001,1246,mock,InstrumentType.Spot,613311696,mock,BTC-USDT
2199944884,0,0,1783610796306127946,101,depth,"[65000.57,65000.67,65000.770000000004,65000.87,65000.97,65001.07,65001.17,65001.270000000004,65001.37,65001.47]",65000.57,"[0.001,0.002,0.003,0.004,0.005,0.006,0.007,0.008,0.009000000000000001,0.01]",0.001,"[65000.37,65000.270000000004,65000.17,65000.07,64999.97,64999.87,64999.770000000004,64999.67,64999.57,64999.47]",65000.37,"[0.001,0.002,0.003,0.004,0.005,0.006,0.007,0.008,0.009000000000000001,0.01]",0.001,1247,mock,InstrumentType.Spot,613312256,mock,BTC-USDT
2199944884,0,0,1783610796306427932,101,depth,"[65000.58,65000.68,65000.780000000006,65000.880000000005,65000.98,65001.08,65001.18,65001.280000000006,65001.380000000005,65001.48]",65000.58,"[0.001,0.002,0.003,0.004,0.005,0.006,0.007,0.008,0.009000000000000001,0.01]",0.001,"[65000.380000000005,65000.280000000006,65000.18,65000.08,64999.98,64999.880000000005,64999.780000000006,64999.68,64999.58,64999.48]",65000.380000000005,"[0.001,0.002,0.003,0.004,0.005,0.006,0.007,0.008,0.009000000000000001,0.01]",0.001,1248,mock,InstrumentType.Spot,613312816,mock,BTC-USDT
2199944884,0,0,1783610796306727876,101,depth,"[65000.59,65000.689999999995,65000.79,65000.89,65000.99,65001.09,65001.189999999995,65001.29,65001.39,65001.49]",65000.59,"[0.001,0.002,0.003,0.004,0.005,0.006,0.007,0.008,0.009000000000000001,0.01]",0.001,"[65000.39,65000.29,65000.189999999995,65000.09,64999.99,64999.89,64999.79,64999.689999999995,64999.59,64999.49]",65000.39,"[0.001,0.002,0.003,0.004,0.005,0.006,0.007,0.008,0.009000000000000001,0.01]",0.001,1249,mock,InstrumentType.Spot,613313376,mock,BTC-USDT
2199944884,0,0,1783610796307027881,101,depth,"[65000.6,65000.7,65000.8,65000.9,65001.0,65001.1,65001.2,65001.3,65001.4,65001.5]",65000.6,"[0.001,0.002,0.003,0.004,0.005,0.006,0.007,0.008,0.009000000000000001,0.01]",0.001,"[65000.4,65000.3,65000.2,65000.1,65000.0,64999.9,64999.8,64999.7,64999.6,64999.5]",65000.4,"[0.001,0.002,0.003,0.004,0.005,0.006,0.007,0.008,0.009000000000000001,0.01]",0.001,1250,mock,InstrumentType.Spot,613313936,mock,BTC-USDT
2199944884,0,0,1783610796307333716,101,depth,"[65000.61,65000.71,65000.810000000005,65000.91,65001.01,65001.11,65001.21,65001.310000000005,65001.41,65001.51]",65000.61,"[0.001,0.002,0.003,0.004,0.005,0.006,0.007,0.008,0.009000000000000001,0.01]",0.001,"[65000.41,65000.310000000005,65000.21,65000.11,65000.01,64999.91,64999.810000000005,64999.71,64999.61,64999.51]",65000.41,"[0.001,0.002,0.003,0.004,0.005,0.006,0.007,0.008,0.009000000000000001,0.01]",0.001,1251,mock,InstrumentType.Spot,613314496,mock,BTC-USDT
2199944884,0,0,1783610796307628571,101,depth,"[65000.619999999995,65000.719999999994,65000.82,65000.92,65001.02,65001.119999999995,65001.219999999994,65001.32,65001.42,65001.52]",65000.619999999995,"[0.001,0.002,0.003,0.004,0.005,0.006,0.007,0.008,0.009000000000000001,0.01]",0.001,"[65000.42,65000.32,65000.219999999994,65000.119999999995,65000.02,64999.92,64999.82,64999.719999999994,64999.619999999995,64999.52]",65000.42,"[0.001,0.002,0.003,0.004,0.005,0.006,0.007,0.008,0.009000000000000001,0.01]",0.001,1252,mock,InstrumentType.Spot,613315056,mock,BTC-USDT
2199944884,0,0,1783610796307928520,101,depth,"[65000.63,65000.729999999996,65000.83,65000.93,65001.03,65001.13,65001.229999999996,65001.33,65001.43,65001.53]",65000.63,"[0.001,0.002,0.003,0.004,0.005,0.006,0.007,0.008,0.009000000000000001,0.01]",0.001,"[65000.43,65000.33,65000.229999999996,65000.13,65000.03,64999.93,64999.83,64999.729999999996,64999.63,64999.53]",65000.43,"[0.001,0.002,0.003,0.004,0.005,0.006,0.007,0.008,0.009000000000000001,0.01]",0.001,1253,mock,InstrumentType.Spot,613315616,mock,BTC-USDT
2199944884,0,0,1783610796308228225,101,depth,"[65000.64,65000.74,65000.840000000004,65000.94,65001.04,65001.14,65001.24,65001.340000000004,65001.44,65001.54]",65000.64,"[0.001,0.002,0.003,0.004,0.005,0.006,0.007,0.008,0.009000000000000001,0.01]",0.001,"[65000.44,65000.340000000004,65000.24,65000.14,65000.04,64999.94,64999.840000000004,64999.74,64999.64,64999.54]",65000.44,"[0.001,0.002,0.003,0.004,0.005,0.006,0.007,0.008,0.009000000000000001,0.01]",0.001,1254,mock,InstrumentType.Spot,613316176,mock,BTC-USDT
2199944884,0,0,1783610796308528085,101,depth,"[65000.65,65000.75,65000.850000000006,65000.950000000004,65001.05,65001.15,65001.25,65001.350000000006,65001.450000000004,65001.55]",65000.65,"[0.001,0.002,0.003,0.004,0.005,0.006,0.007,0.008,0.009000000000000001,0.01]",0.001,"[65000.450000000004,65000.350000000006,65000.25,65000.15,65000.05,64999.950000000004,64999.850000000006,64999.75,64999.65,64999.55]",65000.450000000004,"[0.001,0.002,0.003,0.004,0.005,0.006,0.007,0.008,0.009000000000000001,0.01]",0.001,1255,mock,InstrumentType.Spot,613316736,mock,BTC-USDT
2199944884,0,0,1783610796308827925,101,depth,"[65000.659999999996,65000.759999999995,65000.86,65000.96,65001.06,65001.159999999996,65001.259999999995,65001.36,65001.46,65001.56]",65000.659999999996,"[0.001,0.002,0.003,0.004,0.005,0.006,0.007,0.008,0.009000000000000001,0.01]",0.001,"[65000.46,65000.36,65000.259999999995,65000.159999999996,65000.06,64999.96,64999.86,64999.759999999995,64999.659999999996,64999.56]",65000.46,"[0.001,0.002,0.003,0.004,0.005,0.006,0.007,0.008,0.009000000000000001,0.01]",0.001,1256,mock,InstrumentType.Spot,613317296,mock,BTC-USDT
2199944884,0,0,1783610796309128116,101,depth,"[65000.67,65000.77,65000.87,65000.97,65001.07,65001.17,65001.27,65001.37,65001.47,65001.57]",65000.67,"[0.001,0.002,0.003,0.004,0.005,0.006,0.007,0.008,0.009000000000000001,0.01]",0.001,"[65000.47,65000.37,65000.27,65000.17,65000.07,64999.97,64999.87,64999.77,64999.67,64999.57]",65000.47,"[0.001,0.002,0.003,0.004,0.005,0.006,0.007,0.008,0.009000000000000001,0.01]",0.001,1257,mock,InstrumentType.Spot,613317856,mock,BTC-USDT
2199944884,0,0,1783610796309430097,101,depth,"[65000.68,65000.78,65000.880000000005,65000.98,65001.08,65001.18,65001.28,65001.380000000005,65001.48,65001.58]",65000.68,"[0.001,0.002,0.003,0.004,0.005,0.006,0.007,0.008,0.009000000000000001,0.01]",0.001,"[65000.48,65000.380000000005,65000.28,65000.18,65000.08,64999.98,64999.880000000005,64999.78,64999.68,64999.58]",65000.48,"[0.001,0.002,0.003,0.004,0.005,0.006,0.007,0.008,0.009000000000000001,0.01]",0.001,1258,mock,InstrumentType.Spot,613318416,mock,BTC-USDT
2199944884,0,0,1783610796309729244,101,depth,"[65000.689999999995,65000.78999999999,65000.89,65000.99,65001.09,65001.189999999995,65001.28999999999,65001.39,65001.49,65001.59]",65000.689999999995,"[0.001,0.002,0.003,0.004,0.005,0.006,0.007,0.008,0.009000000000000001,0.01]",0.001,"[65000.49,65000.39,65000.28999999999,65000.189999999995,65000.09,64999.99,64999.89,64999.78999999999,64999.689999999995,64999.59]",65000.49,"[0.001,0.002,0.003,0.004,0.005,0.006,0.007,0.008,0.009000000000000001,0.01]",0.001,1259,mock,InstrumentType.Spot,613318976,mock,BTC-USDT
2199944884,0,0,1783610796310028398,101,depth,"[65000.7,65000.799999999996,65000.9,65001.0,65001.1,65001.2,65001.299999999996,65001.4,65001.5,65001.6]",65000.7,"[0.001,0.002,0.003,0.004,0.005,0.006,0.007,0.008,0.009000000000000001,0.01]",0.001,"[65000.5,65000.4,65000.299999999996,65000.2,65000.1,65000.0,64999.9,64999.799999999996,64999.7,64999.6]",65000.5,"[0.001,0.002,0.003,0.004,0.005,0.006,0.007,0.008,0.009000000000000001,0.01]",0.001,1260,mock,InstrumentType.Spot,613319536,mock,BTC-USDT
2199944884,0,0,1783610796310338914,101,depth,"[65000.71,65000.81,65000.91,65001.01,65001.11,65001.21,65001.31,65001.41,65001.51,65001.61]",65000.71,"[0.001,0.002,0.003,0.004,0.005,0.006,0.007,0.008,0.009000000000000001,0.01]",0.001,"[65000.51,65000.41,65000.31,65000.21,65000.11,65000.01,64999.91,64999.81,64999.71,64999.61]",65000.51,"[0.001,0.002,0.003,0.004,0.005,0.006,0.007,0.008,0.009000000000000001,0.01]",0.001,1261,mock,InstrumentType.Spot,613320096,mock,BTC-USDT
2199944884,0,0,1783610796310628167,101,depth,"[65000.72,65000.82,65000.920000000006,65001.020000000004,65001.12,65001.22,65001.32,65001.420000000006,65001.520000000004,65001.62]",65000.72,"[0.001,0.002,0.003,0.004,0.005,0.006,0.007,0.008,0.009000000000000001,0.01]",0.001,"[65000.520000000004,65000.420000000006,65000.32,65000.22,65000.12,65000.020000000004,64999.920000000006,64999.82,64999.72,64999.62]",65000.520000000004,"[0.001,0.002,0.003,0.004,0.005,0.006,0.007,0.008,0.009000000000000001,0.01]",0.001,1262,mock,InstrumentType.Spot,613320656,mock,BTC-USDT
2199944884,0,0,1783610796310928104,101,depth,"[65000.729999999996,65000.829999999994,65000.93,65001.03,65001.13,65001.229999999996,65001.329999999994,65001.43,65001.53,65001.63]",65000.729999999996,"[0.001,0.002,0.003,0.004,0.005,0.006,0.007,0.008,0.009000000000000001,0.01]",0.001,"[65000.53,65000.43,65000.329999999994,65000.229999999996,65000.13,65000.03,64999.93,64999.829999999994,64999.729999999996,64999.63]",65000.53,"[0.001,0.002,0.003,0.004,0.005,0.006,0.007,0.008,0.009000000000000001,0.01]",0.001,1263,mock,InstrumentType.Spot,613321216,mock,BTC-USDT
2199944884,0,0,1783610796311228973,101,depth,"[65000.74,65000.84,65000.94,65001.04,65001.14,65001.24,65001.34,65001.44,65001.54,65001.64]",65000.74,"[0.001,0.002,0.003,0.004,0.005,0.006,0.007,0.008,0.009000000000000001,0.01]",0.001,"[65000.54,65000.44,65000.34,65000.24,65000.14,65000.04,64999.94,64999.84,64999.74,64999.64]",65000.54,"[0.001,0.002,0.003,0.004,0.005,0.006,0.007,0.008,0.009000000000000001,0.01]",0.001,1264,mock,InstrumentType.Spot,613436688,mock,BTC-USDT
2199944884,0,0,1783610796311528079,101,depth,"[65000.75,65000.85,65000.950000000004,65001.05,65001.15,65001.25,65001.35,65001.450000000004,65001.55,65001.65]",65000.75,"[0.001,0.002,0.003,0.004,0.005,0.006,0.007,0.008,0.009000000000000001,0.01]",0.001,"[65000.55,65000.450000000004,65000.35,65000.25,65000.15,65000.05,64999.950000000004,64999.85,64999.75,64999.65]",65000.55,"[0.001,0.002,0.003,0.004,0.005,0.006,0.007,0.008,0.009000000000000001,0.01]",0.001,1265,mock,InstrumentType.Spot,613437248,mock,BTC-USDT
2199944884,0,0,1783610796311827946,101,depth,"[65000.76,65000.86,65000.96000000001,65001.060000000005,65001.16,65001.26,65001.36,65001.46000000001,65001.560000000005,65001.66]",65000.76,"[0.001,0.002,0.003,0.004,0.005,0.006,0.007,0.008,0.009000000000000001,0.01]",0.001,"[65000.560000000005,65000.46000000001,65000.36,65000.26,65000.16,65000.060000000005,64999.96000000001,64999.86,64999.76,64999.66]",65000.560000000005,"[0.001,0.002,0.003,0.004,0.005,0.006,0.007,0.008,0.009000000000000001,0.01]",0.001,1266,mock,InstrumentType.Spot,613437808,mock,BTC-USDT
2199944884,0,0,1783610796312127823,101,depth,"[65000.77,65000.869999999995,65000.97,65001.07,65001.17,65001.27,65001.369999999995,65001.47,65001.57,65001.67]",65000.77,"[0.001,0.002,0.003,0.004,0.005,0.006,0.007,0.008,0.009000000000000001,0.01]",0.001,"[65000.57,65000.47,65000.369999999995,65000.27,65000.17,65000.07,64999.97,64999.869999999995,64999.77,64999.67]",65000.57,"[0.001,0.002,0.003,0.004,0.005,0.006,0.007,0.008,0.009000000000000001,0.01]",0.001,1267,mock,InstrumentType.Spot,613438368,mock,BTC-USDT
2199944884,0,0,1783610796312427938,101,depth,"[65000.78,65000.88,65000.98,65001.08,65001.18,65001.28,65001.38,65001.48,65001.58,65001.68]",65000.78,"[0.001,0.002,0.003,0.004,0.005,0.006,0.007,0.008,0.009000000000000001,0.01]",0.001,"[65000.58,65000.48,65000.38,65000.28,65000.18,65000.08,64999.98,64999.88,64999.78,64999.68]",65000.58,"[0.001,0.002,0.003,0.004,0.005,0.006,0.007,0.008,0.009000000000000001,0.01]",0.001,1268,mock,InstrumentType.Spot,613438928,mock,BTC-USDT
2199944884,0,0,1783610796312727834,101,depth,"[65000.79,65000.89,65000.990000000005,65001.090000000004,65001.19,65001.29,65001.39,65001.490000000005,65001.590000000004,65001.69]",65000.79,"[0.001,0.002,0.003,0.004,0.005,0.006,0.007,0.008,0.009000000000000001,0.01]",0.001,"[65000.590000000004,65000.490000000005,65000.39,65000.29,65000.19,65000.090000000004,64999.990000000005,64999.89,64999.79,64999.69]",65000.590000000004,"[0.001,0.002,0.003,0.004,0.005,0.006,0.007,0.008,0.009000000000000001,0.01]",0.001,1269,mock,InstrumentType.Spot,613439488,mock,BTC-USDT
2199944884,0,0,1783610796313036673,101,depth,"[65000.799999999996,65000.899999999994,65001.0,65001.1,65001.2,65001.299999999996,65001.399999999994,65001.5,65001.6,65001.7]",65000.799999999996,"[0.001,0.002,0.003,0.004,0.005,0.006,0.007,0.008,0.009000000000000001,0.01]",0.001,"[65000.6,65000.5,65000.399999999994,65000.299999999996,65000.2,65000.1,65000.0,64999.899999999994,64999.799999999996,64999.7]",65000.6,"[0.001,0.002,0.003,0.004,0.005,0.006,0.007,0.008,0.009000000000000001,0.01]",0.001,1270,mock,InstrumentType.Spot,613440048,mock,BTC-USDT
2199944884,0,0,1783610796313327987,101,depth,"[65000.81,65000.909999999996,65001.01,65001.11,65001.21,65001.31,65001.409999999996,65001.51,65001.61,65001.71]",65000.81,"[0.001,0.002,0.003,0.004,0.005,0.006,0.007,0.008,0.009000000000000001,0.01]",0.001,"[65000.61,65000.51,65000.409999999996,65000.31,65000.21,65000.11,65000.01,64999.909999999996,64999.81,64999.71]",65000.61,"[0.001,0.002,0.003,0.004,0.005,0.006,0.007,0.008,0.009000000000000001,0.01]",0.001,1271,mock,InstrumentType.Spot,613440608,mock,BTC-USDT
2199944884,0,0,1783610796313627900,101,depth,"[65000.82,65000.92,65001.020000000004,65001.12,65001.22,65001.32,65001.42,65001.520000000004,65001.62,65001.72]",65000.82,"[0.001,0.002,0.003,0.004,0.005,0.006,0.007,0.008,0.009000000000000001,0.01]",0.001,"[65000.62,65000.520000000004,65000.42,65000.32,65000.22,65000.12,65000.020000000004,64999.92,64999.82,64999.72]",65000.62,"[0.001,0.002,0.003,0.004,0.005,0.006,0.007,0.008,0.009000000000000001,0.01]",0.001,1272,mock,InstrumentType.Spot,613441168,mock,BTC-USDT
2199944884,0,0,1783610796313927834,101,depth,"[65000.83,65000.93,65001.030000000006,65001.130000000005,65001.23,65001.33,65001.43,65001.530000000006,65001.630000000005,65001.73]",65000.83,"[0.001,0.002,0.003,0.004,0.005,0.006,0.007,0.008,0.009000000000000001,0.01]",0.001,"[65000.630000000005,65000.530000000006,65000.43,65000.33,65000.23,65000.130000000005,65000.030000000006,64999.93,64999.83,64999.73]",65000.630000000005,"[0.001,0.002,0.003,0.004,0.005,0.006,0.007,0.008,0.009000000000000001,0.01]",0.001,1273,mock,InstrumentType.Spot,613441728,mock,BTC-USDT
2199944884,0,0,1783610796314227901,101,depth,"[65000.84,65000.939999999995,65001.04,65001.14,65001.24,65001.34,65001.439999999995,65001.54,65001.64,65001.74]",65000.84,"[0.001,0.002,0.003,0.004,0.005,0.006,0.007,0.008,0.009000000000000001,0.01]",0.001,"[65000.64,65000.54,65000.439999999995,65000.34,65000.24,65000.14,65000.04,64999.939999999995,64999.84,64999.74]",65000.64,"[0.001,0.002,0.003,0.004,0.005,0.006,0.007,0.008,0.009000000000000001,0.01]",0.001,1274,mock,InstrumentType.Spot,613442288,mock,BTC-USDT
2199944884,0,0,1783610796314527930,101,depth,"[65000.85,65000.95,65001.05,65001.15,65001.25,65001.35,65001.45,65001.55,65001.65,65001.75]",65000.85,"[0.001,0.002,0.003,0.004,0.005,0.006,0.007,0.008,0.009000000000000001,0.01]",0.001,"[65000.65,65000.55,65000.45,65000.35,65000.25,65000.15,65000.05,64999.95,64999.85,64999.75]",65000.65,"[0.001,0.002,0.003,0.004,0.005,0.006,0.007,0.008,0.009000000000000001,0.01]",0.001,1275,mock,InstrumentType.Spot,613442848,mock,BTC-USDT
2199944884,0,0,1783610796314827916,101,depth,"[65000.86,65000.96,65001.060000000005,65001.16,65001.26,65001.36,65001.46,65001.560000000005,65001.66,65001.76]",65000.86,"[0.001,0.002,0.003,0.004,0.005,0.006,0.007,0.008,0.009000000000000001,0.01]",0.001,"[65000.66,65000.560000000005,65000.46,65000.36,65000.26,65000.16,65000.060000000005,64999.96,64999.86,64999.76]",65000.66,"[0.001,0.002,0.003,0.004,0.005,0.006,0.007,0.008,0.009000000000000001,0.01]",0.001,1276,mock,InstrumentType.Spot,613443408,mock,BTC-USDT
2199944884,0,0,1783610796315127859,101,depth,"[65000.869999999995,65000.969999999994,65001.07,65001.17,65001.27,65001.369999999995,65001.469999999994,65001.57,65001.67,65001.77]",65000.869999999995,"[0.001,0.002,0.003,0.004,0.005,0.006,0.007,0.008,0.009000000000000001,0.01]",0.001,"[65000.67,65000.57,65000.469999999994,65000.369999999995,65000.27,65000.17,65000.07,64999.969999999994,64999.869999999995,64999.77]",65000.67,"[0.001,0.002,0.003,0.004,0.005,0.006,0.007,0.008,0.009000000000000001,0.01]",0.001,1277,mock,InstrumentType.Spot,613443968,mock,BTC-USDT
2199944884,0,0,1783610796315427863,101,depth,"[65000.88,65000.979999999996,65001.08,65001.18,65001.28,65001.38,65001.479999999996,65001.58,65001.68,65001.78]",65000.88,"[0.001,0.002,0.003,0.004,0.005,0.006,0.007,0.008,0.009000000000000001,0.01]",0.001,"[65000.68,65000.58,65000.479999999996,65000.38,65000.28,65000.18,65000.08,64999.979999999996,64999.88,64999.78]",65000.68,"[0.001,0.002,0.003,0.004,0.005,0.006,0.007,0.008,0.009000000000000001,0.01]",0.001,1278,mock,InstrumentType.Spot,613444528,mock,BTC-USDT
2199944884,0,0,1783610796315727885,101,depth,"[65000.89,65000.99,65001.090000000004,65001.19,65001.29,65001.39,65001.49,65001.590000000004,65001.69,65001.79]",65000.89,"[0.001,0.002,0.003,0.004,0.005,0.006,0.007,0.008,0.009000000000000001,0.01]",0.001,"[65000.69,65000.590000000004,65000.49,65000.39,65000.29,65000.19,65000.090000000004,64999.99,64999.89,64999.79]",65000.69,"[0.001,0.002,0.003,0.004,0.005,0.006,0.007,0.008,0.009000000000000001,0.01]",0.001,1279,mock,InstrumentType.Spot,613445088,mock,BTC-USDT
2199944884,0,0,1783610796316033792,101,depth,"[65000.9,65001.0,65001.100000000006,65001.200000000004,65001.3,65001.4,65001.5,65001.600000000006,65001.700000000004,65001.8]",65000.9,"[0.001,0.002,0.003,0.004,0.005,0.006,0.007,0.008,0.009000000000000001,0.01]",0.001,"[65000.700000000004,65000.600000000006,65000.5,65000.4,65000.3,65000.200000000004,65000.100000000006,65000.0,64999.9,64999.8]",65000.700000000004,"[0.001,0.002,0.003,0.004,0.005,0.006,0.007,0.008,0.009000000000000001,0.01]",0.001,1280,mock,InstrumentType.Spot,613445648,mock,BTC-USDT
2199944884,0,0,1783610796316327995,101,depth,"[65000.909999999996,65001.009999999995,65001.11,65001.21,65001.31,65001.409999999996,65001.509999999995,65001.61,65001.71,65001.81]",65000.909999999996,"[0.001,0.002,0.003,0.004,0.005,0.006,0.007,0.008,0.009000000000000001,0.01]",0.001,"[65000.71,65000.61,65000.509999999995,65000.409999999996,65000.31,65000.21,65000.11,65000.009999999995,64999.909999999996,64999.81]",65000.71,"[0.001,0.002,0.003,0.004,0.005,0.006,0.007,0.008,0.009000000000000001,0.01]",0.001,1281,mock,InstrumentType.Spot,613446208,mock,BTC-USDT
2199944884,0,0,1783610796316628487,101,depth,"[65000.92,65001.02,65001.12,65001.22,65001.32,65001.42,65001.52,65001.62,65001.72,65001.82]",65000.92,"[0.001,0.002,0.003,0.004,0.005,0.006,0.007,0.008,0.009000000000000001,0.01]",0.001,"[65000.72,65000.62,65000.52,65000.42,65000.32,65000.22,65000.12,65000.02,64999.92,64999.82]",65000.72,"[0.001,0.002,0.003,0.004,0.005,0.006,0.007,0.008,0.009000000000000001,0.01]",0.001,1282,mock,InstrumentType.Spot,613446768,mock,BTC-USDT
2199944884,0,0,1783610796316958979,101,depth,"[65000.93,65001.03,65001.130000000005,65001.23,65001.33,65001.43,65001.53,65001.630000000005,65001.73,65001.83]",65000.93,"[0.001,0.002,0.003,0.004,0.005,0.006,0.007,0.008,0.009000000000000001,0.01]",0.001,"[65000.73,65000.630000000005,65000.53,65000.43,65000.33,65000.23,65000.130000000005,65000.03,64999.93,64999.83]",65000.73,"[0.001,0.002,0.003,0.004,0.005,0.006,0.007,0.008,0.009000000000000001,0.01]",0.001,1283,mock,InstrumentType.Spot,613447328,mock,BTC-USDT
2199944884,0,0,1783610796317229672,101,depth,"[65000.939999999995,65001.03999999999,65001.14,65001.24,65001.34,65001.439999999995,65001.53999999999,65001.64,65001.74,65001.84]",65000.939999999995,"[0.001,0.002,0.003,0.004,0.005,0.006,0.007,0.008,0.009000000000000001,0.01]",0.001,"[65000.74,65000.64,65000.53999999999,65000.439999999995,65000.34,65000.24,65000.14,65000.03999999999,64999.939999999995,64999.84]",65000.74,"[0.001,0.002,0.003,0.004,0.005,0.006,0.007,0.008,0.009000000000000001,0.01]",0.001,1284,mock,InstrumentType.Spot,613447888,mock,BTC-USDT
2199944884,0,0,1783610796317527913,101,depth,"[65000.95,65001.049999999996,65001.15,65001.25,65001.35,65001.45,65001.549999999996,65001.65,65001.75,65001.85]",65000.95,"[0.001,0.002,0.003,0.004,0.005,0.006,0.007,0.008,0.009000000000000001,0.01]",0.001,"[65000.75,65000.65,65000.549999999996,65000.45,65000.35,65000.25,65000.15,65000.049999999996,64999.95,64999.85]",65000.75,"[0.001,0.002,0.003,0.004,0.005,0.006,0.007,0.008,0.009000000000000001,0.01]",0.001,1285,mock,InstrumentType.Spot,613448448,mock,BTC-USDT
2199944884,0,0,1783610796317827854,101,depth,"[65000.96,65001.06,65001.16,65001.26,65001.36,65001.46,65001.56,65001.66,65001.76,65001.86]",65000.96,"[0.001,0.002,0.003,0.004,0.005,0.006,0.007,0.008,0.009000000000000001,0.01]",0.001,"[65000.76,65000.66,65000.56,65000.46,65000.36,65000.26,65000.16,65000.06,64999.96,64999.86]",65000.76,"[0.001,0.002,0.003,0.004,0.005,0.006,0.007,0.008,0.009000000000000001,0.01]",0.001,1286,mock,InstrumentType.Spot,613449008,mock,BTC-USDT
2199944884,0,0,1783610796318127807,101,depth,"[65000.97,65001.07,65001.170000000006,65001.270000000004,65001.37,65001.47,65001.57,65001.670000000006,65001.770000000004,65001.87]",65000.97,"[0.001,0.002,0.003,0.004,0.005,0.006,0.007,0.008,0.009000000000000001,0.01]",0.001,"[65000.770000000004,65000.670000000006,65000.57,65000.47,65000.37,65000.270000000004,65000.170000000006,65000.07,64999.97,64999.87]",65000.770000000004,"[0.001,0.002,0.003,0.004,0.005,0.006,0.007,0.008,0.009000000000000001,0.01]",0.001,1287,mock,InstrumentType.Spot,613449568,mock,BTC-USDT
2199944884,0,0,1783610796318429354,101,depth,"[65000.979999999996,65001.079999999994,65001.18,65001.28,65001.38,65001.479999999996,65001.579999999994,65001.68,65001.78,65001.88]",65000.979999999996,"[0.001,0.002,0.003,0.004,0.005,0.006,0.007,0.008,0.009000000000000001,0.01]",0.001,"[65000.78,65000.68,65000.579999999994,65000.479999999996,65000.38,65000.28,65000.18,65000.079999999994,64999.979999999996,64999.88]",65000.78,"[0.001,0.002,0.003,0.004,0.005,0.006,0.007,0.008,0.009000000000000001,0.01]",0.001,1288,mock,InstrumentType.Spot,613450128,mock,BTC-USDT
2199944884,0,0,1783610796318743521,101,depth,"[65000.99,65001.09,65001.19,65001.29,65001.39,65001.49,65001.59,65001.69,65001.79,65001.89]",65000.99,"[0.001,0.002,0.003,0.004,0.005,0.006,0.007,0.008,0.009000000000000001,0.01]",0.001,"[65000.79,65000.69,65000.59,65000.49,65000.39,65000.29,65000.19,65000.09,64999.99,64999.89]",65000.79,"[0.001,0.002,0.003,0.004,0.005,0.006,0.007,0.008,0.009000000000000001,0.01]",0.001,1289,mock,InstrumentType.Spot,613450688,mock,BTC-USDT
2199944884,0,0,1783610796319028252,101,depth,"[65001.0,65001.1,65001.200000000004,65001.3,65001.4,65001.5,65001.6,65001.700000000004,65001.8,65001.9]",65001.0,"[0.001,0.002,0.003,0.004,0.005,0.006,0.007,0.008,0.009000000000000001,0.01]",0.001,"[65000.8,65000.700000000004,65000.6,65000.5,65000.4,65000.3,65000.200000000004,65000.1,65000.0,64999.9]",65000.8,"[0.001,0.002,0.003,0.004,0.005,0.006,0.007,0.008,0.009000000000000001,0.01]",0.001,1290,mock,InstrumentType.Spot,613451248,mock,BTC-USDT
2199944884,0,0,1783610796319327998,101,depth,"[65001.01,65001.11,65001.21000000001,65001.310000000005,65001.41,65001.51,65001.61,65001.71000000001,65001.810000000005,65001.91]",65001.01,"[0.001,0.002,0.003,0.004,0.005,0.006,0.007,0.008,0.009000000000000001,0.01]",0.001,"[65000.810000000005,65000.71000000001,65000.61,65000.51,65000.41,65000.310000000005,65000.21000000001,65000.11,65000.01,64999.91]",65000.810000000005,"[0.001,0.002,0.003,0.004,0.005,0.006,0.007,0.008,0.009000000000000001,0.01]",0.001,1291,mock,InstrumentType.Spot,613451808,mock,BTC-USDT
2199944884,0,0,1783610796319628041,101,depth,"[65001.02,65001.119999999995,65001.22,65001.32,65001.42,65001.52,65001.619999999995,65001.72,65001.82,65001.92]",65001.02,"[0.001,0.002,0.003,0.004,0.005,0.006,0.007,0.008,0.009000000000000001,0.01]",0.001,"[65000.82,65000.72,65000.619999999995,65000.52,65000.42,65000.32,65000.22,65000.119999999995,65000.02,64999.92]",65000.82,"[0.001,0.002,0.003,0.004,0.005,0.006,0.007,0.008,0.009000000000000001,0.01]",0.001,1292,mock,InstrumentType.Spot,613452368,mock,BTC-USDT
2199944884,0,0,1783610796319927823,101,depth,"[65001.03,65001.13,65001.23,65001.33,65001.43,65001.53,65001.63,65001.73,65001.83,65001.93]",65001.03,"[0.001,0.002,0.003,0.004,0.005,0.006,0.007,0.008,0.009000000000000001,0.01]",0.001,"[65000.83,65000.73,65000.63,65000.53,65000.43,65000.33,65000.23,65000.13,65000.03,64999.93]",65000.83,"[0.001,0.002,0.003,0.004,0.005,0.006,0.007,0.008,0.009000000000000001,0.01]",0.001,1293,mock,InstrumentType.Spot,613452928,mock,BTC-USDT
2199944884,0,0,1783610796320228041,101,depth,"[65001.04,65001.14,65001.240000000005,65001.340000000004,65001.44,65001.54,65001.64,65001.740000000005,65001.840000000004,65001.94]",65001.04,"[0.001,0.002,0.003,0.004,0.005,0.006,0.007,0.008,0.009000000000000001,0.01]",0.001,"[65000.840000000004,65000.740000000005,65000.64,65000.54,65000.44,65000.340000000004,65000.240000000005,65000.14,65000.04,64999.94]",65000.840000000004,"[0.001,0.002,0.003,0.004,0.005,0.006,0.007,0.008,0.009000000000000001,0.01]",0.001,1294,mock,InstrumentType.Spot,613453488,mock,BTC-USDT
2199944884,0,0,1783610796320528021,101,depth,"[65001.049999999996,65001.149999999994,65001.25,65001.35,65001.45,65001.549999999996,65001.649999999994,65001.75,65001.85,65001.95]",65001.049999999996,"[0.001,0.002,0.003,0.004,0.005,0.006,0.007,0.008,0.009000000000000001,0.01]",0.001,"[65000.85,65000.75,65000.649999999994,65000.549999999996,65000.45,65000.35,65000.25,65000.149999999994,65000.049999999996,64999.95]",65000.85,"[0.001,0.002,0.003,0.004,0.005,0.006,0.007,0.008,0.009000000000000001,0.01]",0.001,1295,mock,InstrumentType.Spot,613454048,mock,BTC-USDT
2199944884,0,0,1783610796320828010,101,depth,"[65001.06,65001.159999999996,65001.26,65001.36,65001.46,65001.56,65001.659999999996,65001.76,65001.86,65001.96]",65001.06,"[0.001,0.002,0.003,0.004,0.005,0.006,0.007,0.008,0.009000000000000001,0.01]",0.001,"[65000.86,65000.76,65000.659999999996,65000.56,65000.46,65000.36,65000.26,65000.159999999996,65000.06,64999.96]",65000.86,"[0.001,0.002,0.003,0.004,0.005,0.006,0.007,0.008,0.009000000000000001,0.01]",0.001,1296,mock,InstrumentType.Spot,613454608,mock,BTC-USDT
2199944884,0,0,1783610796321127987,101,depth,"[65001.07,65001.17,65001.270000000004,65001.37,65001.47,65001.57,65001.67,65001.770000000004,65001.87,65001.97]",65001.07,"[0.001,0.002,0.003,0.004,0.005,0.006,0.007,0.008,0.009000000000000001,0.01]",0.001,"[65000.87,65000.770000000004,65000.67,65000.57,65000.47,65000.37,65000.270000000004,65000.17,65000.07,64999.97]",65000.87,"[0.001,0.002,0.003,0.004,0.005,0.006,0.007,0.008,0.009000000000000001,0.01]",0.001,1297,mock,InstrumentType.Spot,613455168,mock,BTC-USDT
2199944884,0,0,1783610796321427888,101,depth,"[65001.08,65001.18,65001.280000000006,65001.380000000005,65001.48,65001.58,65001.68,65001.780000000006,65001.880000000005,65001.98]",65001.08,"[0.001,0.002,0.003,0.004,0.005,0.006,0.007,0.008,0.009000000000000001,0.01]",0.001,"[65000.880000000005,65000.780000000006,65000.68,65000.58,65000.48,65000.380000000005,65000.280000000006,65000.18,65000.08,64999.98]",65000.880000000005,"[0.001,0.002,0.003,0.004,0.005,0.006,0.007,0.008,0.009000000000000001,0.01]",0.001,1298,mock,InstrumentType.Spot,613455728,mock,BTC-USDT
2199944884,0,0,1783610796321734376,101,depth,"[65001.09,65001.189999999995,65001.29,65001.39,65001.49,65001.59,65001.689999999995,65001.79,65001.89,65001.99]",65001.09,"[0.001,0.002,0.003,0.004,0.005,0.006,0.007,0.008,0.009000000000000001,0.01]",0.001,"[65000.89,65000.79,65000.689999999995,65000.59,65000.49,65000.39,65000.29,65000.189999999995,65000.09,64999.99]",65000.89,"[0.001,0.002,0.003,0.004,0.005,0.006,0.007,0.008,0.009000000000000001,0.01]",0.001,1299,mock,InstrumentType.Spot,613456288,mock,BTC-USDT
2199944884,0,0,1783610796322028137,101,depth,"[65000.1,65000.2,65000.3,65000.4,65000.5,65000.6,65000.7,65000.8,65000.9,65001.0]",65000.1,"[0.001,0.002,0.003,0.004,0.005,0.006,0.007,0.008,0.009000000000000001,0.01]",0.001,"[64999.9,64999.8,64999.7,64999.6,64999.5,64999.4,64999.3,64999.2,64999.1,64999.0]",64999.9,"[0.001,0.002,0.003,0.004,0.005,0.006,0.007,0.008,0.009000000000000001,0.01]",0.001,1300,mock,InstrumentType.Spot,613456848,mock,BTC-USDT
2199944884,0,0,1783610796322327892,101,depth,"[65000.11,65000.21,65000.310000000005,65000.41,65000.51,65000.61,65000.71,65000.810000000005,65000.91,65001.01]",65000.11,"[0.001,0.002,0.003,0.004,0.005,0.006,0.007,0.008,0.009000000000000001,0.01]",0.001,"[64999.91,64999.810000000005,64999.71,64999.61,64999.51,64999.41,64999.310000000005,64999.21,64999.11,64999.01]",64999.91,"[0.001,0.002,0.003,0.004,0.005,0.006,0.007,0.008,0.009000000000000001,0.01]",0.001,1301,mock,InstrumentType.Spot,613457408,mock,BTC-USDT
2199944884,0,0,1783610796322627929,101,depth,"[65000.119999999995,65000.219999999994,65000.32,65000.42,65000.52,65000.619999999995,65000.719999999994,65000.82,65000.92,65001.02]",65000.119999999995,"[0.001,0.002,0.003,0.004,0.005,0.006,0.007,0.008,0.009000000000000001,0.01]",0.001,"[64999.92,64999.82,64999.719999999994,64999.619999999995,64999.52,64999.42,64999.32,64999.219999999994,64999.119999999995,64999.02]",64999.92,"[0.001,0.002,0.003,0.004,0.005,0.006,0.007,0.008,0.009000000000000001,0.01]",0.001,1302,mock,InstrumentType.Spot,613457968,mock,BTC-USDT
2199944884,0,0,1783610796322927776,101,depth,"[65000.13,65000.229999999996,65000.33,65000.43,65000.53,65000.63,65000.729999999996,65000.83,65000.93,65001.03]",65000.13,"[0.001,0.002,0.003,0.004,0.005,0.006,0.007,0.008,0.009000000000000001,0.01]",0.001,"[64999.93,64999.83,64999.729999999996,64999.63,64999.53,64999.43,64999.33,64999.229999999996,64999.13,64999.03]",64999.93,"[0.001,0.002,0.003,0.004,0.005,0.006,0.007,0.008,0.009000000000000001,0.01]",0.001,1303,mock,InstrumentType.Spot,613458528,mock,BTC-USDT
2199944884,0,0,1783610796323227980,101,depth,"[65000.14,65000.24,65000.340000000004,65000.44,65000.54,65000.64,65000.74,65000.840000000004,65000.94,65001.04]",65000.14,"[0.001,0.002,0.003,0.004,0.005,0.006,0.007,0.008,0.009000000000000001,0.01]",0.001,"[64999.94,64999.840000000004,64999.74,64999.64,64999.54,64999.44,64999.340000000004,64999.24,64999.14,64999.04]",64999.94,"[0.001,0.002,0.003,0.004,0.005,0.006,0.007,0.008,0.009000000000000001,0.01]",0.001,1304,mock,InstrumentType.Spot,613459088,mock,BTC-USDT
2199944884,0,0,1783610796323527817,101,depth,"[65000.15,65000.25,65000.350000000006,65000.450000000004,65000.55,65000.65,65000.75,65000.850000000006,65000.950000000004,65001.05]",65000.15,"[0.001,0.002,0.003,0.004,0.005,0.006,0.007,0.008,0.009000000000000001,0.01]",0.001,"[64999.950000000004,64999.850000000006,64999.75,64999.65,64999.55,64999.450000000004,64999.350000000006,64999.25,64999.15,64999.05]",64999.950000000004,"[0.001,0.002,0.003,0.004,0.005,0.006,0.007,0.008,0.009000000000000001,0.01]",0.001,1305,mock,InstrumentType.Spot,613459648,mock,BTC-USDT
2199944884,0,0,1783610796323827789,101,depth,"[65000.159999999996,65000.259999999995,65000.36,65000.46,65000.56,65000.659999999996,65000.759999999995,65000.86,65000.96,65001.06]",65000.159999999996,"[0.001,0.002,0.003,0.004,0.005,0.006,0.007,0.008,0.009000000000000001,0.01]",0.001,"[64999.96,64999.86,64999.759999999995,64999.659999999996,64999.56,64999.46,64999.36,64999.259999999995,64999.159999999996,64999.06]",64999.96,"[0.001,0.002,0.003,0.004,0.005,0.006,0.007,0.008,0.009000000000000001,0.01]",0.001,1306,mock,InstrumentType.Spot,613460208,mock,BTC-USDT
2199944884,0,0,1783610796324127815,101,depth,"[65000.17,65000.27,65000.37,65000.47,65000.57,65000.67,65000.77,65000.87,65000.97,65001.07]",65000.17,"[0.001,0.002,0.003,0.004,0.005,0.006,0.007,0.008,0.009000000000000001,0.01]",0.001,"[64999.97,64999.87,64999.77,64999.67,64999.57,64999.47,64999.37,64999.27,64999.17,64999.07]",64999.97,"[0.001,0.002,0.003,0.004,0.005,0.006,0.007,0.008,0.009000000000000001,0.01]",0.001,1307,mock,InstrumentType.Spot,613460768,mock,BTC-USDT
2199944884,0,0,1783610796324432835,101,depth,"[65000.18,65000.28,65000.380000000005,65000.48,65000.58,65000.68,65000.78,65000.880000000005,65000.98,65001.08]",65000.18,"[0.001,0.002,0.003,0.004,0.005,0.006,0.007,0.008,0.009000000000000001,0.01]",0.001,"[64999.98,64999.880000000005,64999.78,64999.68,64999.58,64999.48,64999.380000000005,64999.28,64999.18,64999.08]",64999.98,"[0.001,0.002,0.003,0.004,0.005,0.006,0.007,0.008,0.009000000000000001,0.01]",0.001,1308,mock,InstrumentType.Spot,613461328,mock,BTC-USDT
2199944884,0,0,1783610796324727982,101,depth,"[65000.189999999995,65000.28999999999,65000.39,65000.49,65000.59,65000.689999999995,65000.78999999999,65000.89,65000.99,65001.09]",65000.189999999995,"[0.001,0.002,0.003,0.004,0.005,0.006,0.007,0.008,0.009000000000000001,0.01]",0.001,"[64999.99,64999.89,64999.78999999999,64999.689999999995,64999.59,64999.49,64999.39,64999.28999999999,64999.189999999995,64999.09]",64999.99,"[0.001,0.002,0.003,0.004,0.005,0.006,0.007,0.008,0.009000000000000001,0.01]",0.001,1309,mock,InstrumentType.Spot,613461888,mock,BTC-USDT
2199944884,0,0,1783610796325027900,101,depth,"[65000.2,65000.299999999996,65000.4,65000.5,65000.6,65000.7,65000.799999999996,65000.9,65001.0,65001.1]",65000.2,"[0.001,0.002,0.003,0.004,0.005,0.006,0.007,0.008,0.009000000000000001,0.01]",0.001,"[65000.0,64999.9,64999.799999999996,64999.7,64999.6,64999.5,64999.4,64999.299999999996,64999.2,64999.1]",65000.0,"[0.001,0.002,0.003,0.004,0.005,0.006,0.007,0.008,0.009000000000000001,0.01]",0.001,1310,mock,InstrumentType.Spot,613462448,mock,BTC-USDT
2199944884,0,0,1783610796325327836,101,depth,"[65000.21,65000.31,65000.41,65000.51,65000.61,65000.71,65000.81,65000.91,65001.01,65001.11]",65000.21,"[0.001,0.002,0.003,0.004,0.005,0.006,0.007,0.008,0.009000000000000001,0.01]",0.001,"[65000.01,64999.91,64999.81,64999.71,64999.61,64999.51,64999.41,64999.31,64999.21,64999.11]",65000.01,"[0.001,0.002,0.003,0.004,0.005,0.006,0.007,0.008,0.009000000000000001,0.01]",0.001,1311,mock,InstrumentType.Spot,613463008,mock,BTC-USDT
2199944884,0,0,1783610796325627663,101,depth,"[65000.22,65000.32,65000.420000000006,65000.520000000004,65000.62,65000.72,65000.82,65000.920000000006,65001.020000000004,65001.12]",65000.22,"[0.001,0.002,0.003,0.004,0.005,0.006,0.007,0.008,0.009000000000000001,0.01]",0.001,"[65000.020000000004,64999.920000000006,64999.82,64999.72,64999.62,64999.520000000004,64999.420000000006,64999.32,64999.22,64999.12]",65000.020000000004,"[0.001,0.002,0.003,0.004,0.005,0.006,0.007,0.008,0.009000000000000001,0.01]",0.001,1312,mock,InstrumentType.Spot,613463568,mock,BTC-USDT
2199944884,0,0,1783610796325927716,101,depth,"[65000.229999999996,65000.329999999994,65000.43,65000.53,65000.63,65000.729999999996,65000.829999999994,65000.93,65001.03,65001.13]",65000.229999999996,"[0.001,0.002,0.003,0.004,0.005,0.006,0.007,0.008,0.009000000000000001,0.01]",0.001,"[65000.03,64999.93,64999.829999999994,64999.729999999996,64999.63,64999.53,64999.43,64999.329999999994,64999.229999999996,64999.13]",65000.03,"[0.001,0.002,0.003,0.004,0.005,0.006,0.007,0.008,0.009000000000000001,0.01]",0.001,1313,mock,InstrumentType.Spot,613464128,mock,BTC-USDT
2199944884,0,0,1783610796326227638,101,depth,"[65000.24,65000.34,65000.44,65000.54,65000.64,65000.74,65000.84,65000.94,65001.04,65001.14]",65000.24,"[0.001,0.002,0.003,0.004,0.005,0.006,0.007,0.008,0.009000000000000001,0.01]",0.001,"[65000.04,64999.94,64999.84,64999.74,64999.64,64999.54,64999.44,64999.34,64999.24,64999.14]",65000.04,"[0.001,0.002,0.003,0.004,0.005,0.006,0.007,0.008,0.009000000000000001,0.01]",0.001,1314,mock,InstrumentType.Spot,613464688,mock,BTC-USDT
2199944884,0,0,1783610796326527591,101,depth,"[65000.25,65000.35,65000.450000000004,65000.55,65000.65,65000.75,65000.85,65000.950000000004,65001.05,65001.15]",65000.25,"[0.001,0.002,0.003,0.004,0.005,0.006,0.007,0.008,0.009000000000000001,0.01]",0.001,"[65000.05,64999.950000000004,64999.85,64999.75,64999.65,64999.55,64999.450000000004,64999.35,64999.25,64999.15]",65000.05,"[0.001,0.002,0.003,0.004,0.005,0.006,0.007,0.008,0.009000000000000001,0.01]",0.001,1315,mock,InstrumentType.Spot,613465248,mock,BTC-USDT
2199944884,0,0,1783610796326827552,101,depth,"[65000.26,65000.36,65000.46000000001,65000.560000000005,65000.66,65000.76,65000.86,65000.96000000001,65001.060000000005,65001.16]",65000.26,"[0.001,0.002,0.003,0.004,0.005,0.006,0.007,0.008,0.009000000000000001,0.01]",0.001,"[65000.060000000005,64999.96000000001,64999.86,64999.76,64999.66,64999.560000000005,64999.46000000001,64999.36,64999.26,64999.16]",65000.060000000005,"[0.001,0.002,0.003,0.004,0.005,0.006,0.007,0.008,0.009000000000000001,0.01]",0.001,1316,mock,InstrumentType.Spot,613465808,mock,BTC-USDT
2199944884,0,0,1783610796327127715,101,depth,"[65000.27,65000.369999999995,65000.47,65000.57,65000.67,65000.77,65000.869999999995,65000.97,65001.07,65001.17]",65000.27,"[0.001,0.002,0.003,0.004,0.005,0.006,0.007,0.008,0.009000000000000001,0.01]",0.001,"[65000.07,64999.97,64999.869999999995,64999.77,64999.67,64999.57,64999.47,64999.369999999995,64999.27,64999.17]",65000.07,"[0.001,0.002,0.003,0.004,0.005,0.006,0.007,0.008,0.009000000000000001,0.01]",0.001,1317,mock,InstrumentType.Spot,613466368,mock,BTC-USDT
2199944884,0,0,1783610796327432958,101,depth,"[65000.28,65000.38,65000.48,65000.58,65000.68,65000.78,65000.88,65000.98,65001.08,65001.18]",65000.28,"[0.001,0.002,0.003,0.004,0.005,0.006,0.007,0.008,0.009000000000000001,0.01]",0.001,"[65000.08,64999.98,64999.88,64999.78,64999.68,64999.58,64999.48,64999.38,64999.28,64999.18]",65000.08,"[0.001,0.002,0.003,0.004,0.005,0.006,0.007,0.008,0.009000000000000001,0.01]",0.001,1318,mock,InstrumentType.Spot,613466928,mock,BTC-USDT
2199944884,0,0,1783610796327727705,101,depth,"[65000.29,65000.39,65000.490000000005,65000.590000000004,65000.69,65000.79,65000.89,65000.990000000005,65001.090000000004,65001.19]",65000.29,"[0.001,0.002,0.003,0.004,0.005,0.006,0.007,0.008,0.009000000000000001,0.01]",0.001,"[65000.090000000004,64999.990000000005,64999.89,64999.79,64999.69,64999.590000000004,64999.490000000005,64999.39,64999.29,64999.19]",65000.090000000004,"[0.001,0.002,0.003,0.004,0.005,0.006,0.007,0.008,0.009000000000000001,0.01]",0.001,1319,mock,InstrumentType.Spot,613467488,mock,BTC-USDT
2199944884,0,0,1783610796328027710,101,depth,"[65000.299999999996,65000.399999999994,65000.5,65000.6,65000.7,65000.799999999996,65000.899999999994,65001.0,65001.1,65001.2]",65000.299999999996,"[0.001,0.002,0.003,0.004,0.005,0.006,0.007,0.008,0.009000000000000001,0.01]",0.001,"[65000.1,65000.0,64999.899999999994,64999.799999999996,64999.7,64999.6,64999.5,64999.399999999994,64999.299999999996,64999.2]",65000.1,"[0.001,0.002,0.003,0.004,0.005,0.006,0.007,0.008,0.009000000000000001,0.01]",0.001,1320,mock,InstrumentType.Spot,613468048,mock,BTC-USDT
2199944884,0,0,1783610796328327581,101,depth,"[65000.31,65000.409999999996,65000.51,65000.61,65000.71,65000.81,65000.909999999996,65001.01,65001.11,65001.21]",65000.31,"[0.001,0.002,0.003,0.004,0.005,0.006,0.007,0.008,0.009000000000000001,0.01]",0.001,"[65000.11,65000.01,64999.909999999996,64999.81,64999.71,64999.61,64999.51,64999.409999999996,64999.31,64999.21]",65000.11,"[0.001,0.002,0.003,0.004,0.005,0.006,0.007,0.008,0.009000000000000001,0.01]",0.001,1321,mock,InstrumentType.Spot,613468608,mock,BTC-USDT
2199944884,0,0,1783610796328627576,101,depth,"[65000.32,65000.42,65000.520000000004,65000.62,65000.72,65000.82,65000.92,65001.020000000004,65001.12,65001.22]",65000.32,"[0.001,0.002,0.003,0.004,0.005,0.006,0.007,0.008,0.009000000000000001,0.01]",0.001,"[65000.12,65000.020000000004,64999.92,64999.82,64999.72,64999.62,64999.520000000004,64999.42,64999.32,64999.22]",65000.12,"[0.001,0.002,0.003,0.004,0.005,0.006,0.007,0.008,0.009000000000000001,0.01]",0.001,1322,mock,InstrumentType.Spot,613469168,mock,BTC-USDT
2199944884,0,0,1783610796328927736,101,depth,"[65000.33,65000.43,65000.530000000006,65000.630000000005,65000.73,65000.83,65000.93,65001.030000000006,65001.130000000005,65001.23]",65000.33,"[0.001,0.002,0.003,0.004,0.005,0.006,0.007,0.008,0.009000000000000001,0.01]",0.001,"[65000.130000000005,65000.030000000006,64999.93,64999.83,64999.73,64999.630000000005,64999.530000000006,64999.43,64999.33,64999.23]",65000.130000000005,"[0.001,0.002,0.003,0.004,0.005,0.006,0.007,0.008,0.009000000000000001,0.01]",0.001,1323,mock,InstrumentType.Spot,613469728,mock,BTC-USDT
2199944884,0,0,1783610796329227506,101,depth,"[65000.34,65000.439999999995,65000.54,65000.64,65000.74,65000.84,65000.939999999995,65001.04,65001.14,65001.24]",65000.34,"[0.001,0.002,0.003,0.004,0.005,0.006,0.007,0.008,0.009000000000000001,0.01]",0.001,"[65000.14,65000.04,64999.939999999995,64999.84,64999.74,64999.64,64999.54,64999.439999999995,64999.34,64999.24]",65000.14,"[0.001,0.002,0.003,0.004,0.005,0.006,0.007,0.008,0.009000000000000001,0.01]",0.001,1324,mock,InstrumentType.Spot,613470288,mock,BTC-USDT
2199944884,0,0,1783610796329527476,101,depth,"[65000.35,65000.45,65000.55,65000.65,65000.75,65000.85,65000.95,65001.05,65001.15,65001.25]",65000.35,"[0.001,0.002,0.003,0.004,0.005,0.006,0.007,0.008,0.009000000000000001,0.01]",0.001,"[65000.15,65000.05,64999.95,64999.85,64999.75,64999.65,64999.55,64999.45,64999.35,64999.25]",65000.15,"[0.001,0.002,0.003,0.004,0.005,0.006,0.007,0.008,0.009000000000000001,0.01]",0.001,1325,mock,InstrumentType.Spot,613470848,mock,BTC-USDT
2199944884,0,0,1783610796329827816,101,depth,"[65000.36,65000.46,65000.560000000005,65000.66,65000.76,65000.86,65000.96,65001.060000000005,65001.16,65001.26]",65000.36,"[0.001,0.002,0.003,0.004,0.005,0.006,0.007,0.008,0.009000000000000001,0.01]",0.001,"[65000.16,65000.060000000005,64999.96,64999.86,64999.76,64999.66,64999.560000000005,64999.46,64999.36,64999.26]",65000.16,"[0.001,0.002,0.003,0.004,0.005,0.006,0.007,0.008,0.009000000000000001,0.01]",0.001,1326,mock,InstrumentType.Spot,613471408,mock,BTC-USDT
2199944884,0,0,1783610796330133793,101,depth,"[65000.369999999995,65000.469999999994,65000.57,65000.67,65000.77,65000.869999999995,65000.969999999994,65001.07,65001.17,65001.27]",65000.369999999995,"[0.001,0.002,0.003,0.004,0.005,0.006,0.007,0.008,0.009000000000000001,0.01]",0.001,"[65000.17,65000.07,64999.969999999994,64999.869999999995,64999.77,64999.67,64999.57,64999.469999999994,64999.369999999995,64999.27]",65000.17,"[0.001,0.002,0.003,0.004,0.005,0.006,0.007,0.008,0.009000000000000001,0.01]",0.001,1327,mock,InstrumentType.Spot,613471968,mock,BTC-USDT
2199944884,0,0,1783610796330427715,101,depth,"[65000.38,65000.479999999996,65000.58,65000.68,65000.78,65000.88,65000.979999999996,65001.08,65001.18,65001.28]",65000.38,"[0.001,0.002,0.003,0.004,0.005,0.006,0.007,0.008,0.009000000000000001,0.01]",0.001,"[65000.18,65000.08,64999.979999999996,64999.88,64999.78,64999.68,64999.58,64999.479999999996,64999.38,64999.28]",65000.18,"[0.001,0.002,0.003,0.004,0.005,0.006,0.007,0.008,0.009000000000000001,0.01]",0.001,1328,mock,InstrumentType.Spot,613472528,mock,BTC-USDT
2199944884,0,0,1783610796330727652,101,depth,"[65000.39,65000.49,65000.590000000004,65000.69,65000.79,65000.89,65000.99,65001.090000000004,65001.19,65001.29]",65000.39,"[0.001,0.002,0.003,0.004,0.005,0.006,0.007,0.008,0.009000000000000001,0.01]",0.001,"[65000.19,65000.090000000004,64999.99,64999.89,64999.79,64999.69,64999.590000000004,64999.49,64999.39,64999.29]",65000.19,"[0.001,0.002,0.003,0.004,0.005,0.006,0.007,0.008,0.009000000000000001,0.01]",0.001,1329,mock,InstrumentType.Spot,613473088,mock,BTC-USDT
2199944884,0,0,1783610796331027955,101,depth,"[65000.4,65000.5,65000.600000000006,65000.700000000004,65000.8,65000.9,65001.0,65001.100000000006,65001.200000000004,65001.3]",65000.4,"[0.001,0.002,0.003,0.004,0.005,0.006,0.007,0.008,0.009000000000000001,0.01]",0.001,"[65000.200000000004,65000.100000000006,65000.0,64999.9,64999.8,64999.700000000004,64999.600000000006,64999.5,64999.4,64999.3]",65000.200000000004,"[0.001,0.002,0.003,0.004,0.005,0.006,0.007,0.008,0.009000000000000001,0.01]",0.001,1330,mock,InstrumentType.Spot,613473648,mock,BTC-USDT
2199944884,0,0,1783610796331327865,101,depth,"[65000.409999999996,65000.509999999995,65000.61,65000.71,65000.81,65000.909999999996,65001.009999999995,65001.11,65001.21,65001.31]",65000.409999999996,"[0.001,0.002,0.003,0.004,0.005,0.006,0.007,0.008,0.009000000000000001,0.01]",0.001,"[65000.21,65000.11,65000.009999999995,64999.909999999996,64999.81,64999.71,64999.61,64999.509999999995,64999.409999999996,64999.31]",65000.21,"[0.001,0.002,0.003,0.004,0.005,0.006,0.007,0.008,0.009000000000000001,0.01]",0.001,1331,mock,InstrumentType.Spot,613474208,mock,BTC-USDT
2199944884,0,0,1783610796331627505,101,depth,"[65000.42,65000.52,65000.62,65000.72,65000.82,65000.92,65001.02,65001.12,65001.22,65001.32]",65000.42,"[0.001,0.002,0.003,0.004,0.005,0.006,0.007,0.008,0.009000000000000001,0.01]",0.001,"[65000.22,65000.12,65000.02,64999.92,64999.82,64999.72,64999.62,64999.52,64999.42,64999.32]",65000.22,"[0.001,0.002,0.003,0.004,0.005,0.006,0.007,0.008,0.009000000000000001,0.01]",0.001,1332,mock,InstrumentType.Spot,613474768,mock,BTC-USDT
2199944884,0,0,1783610796331927659,101,depth,"[65000.43,65000.53,65000.630000000005,65000.73,65000.83,65000.93,65001.03,65001.130000000005,65001.23,65001.33]",65000.43,"[0.001,0.002,0.003,0.004,0.005,0.006,0.007,0.008,0.009000000000000001,0.01]",0.001,"[65000.23,65000.130000000005,65000.03,64999.93,64999.83,64999.73,64999.630000000005,64999.53,64999.43,64999.33]",65000.23,"[0.001,0.002,0.003,0.004,0.005,0.006,0.007,0.008,0.009000000000000001,0.01]",0.001,1333,mock,InstrumentType.Spot,613475328,mock,BTC-USDT
2199944884,0,0,1783610796332227620,101,depth,"[65000.439999999995,65000.53999999999,65000.64,65000.74,65000.84,65000.939999999995,65001.03999999999,65001.14,65001.24,65001.34]",65000.439999999995,"[0.001,0.002,0.003,0.004,0.005,0.006,0.007,0.008,0.009000000000000001,0.01]",0.001,"[65000.24,65000.14,65000.03999999999,64999.939999999995,64999.84,64999.74,64999.64,64999.53999999999,64999.439999999995,64999.34]",65000.24,"[0.001,0.002,0.003,0.004,0.005,0.006,0.007,0.008,0.009000000000000001,0.01]",0.001,1334,mock,InstrumentType.Spot,613475888,mock,BTC-USDT
2199944884,0,0,1783610796332527613,101,depth,"[65000.45,65000.549999999996,65000.65,65000.75,65000.85,65000.95,65001.049999999996,65001.15,65001.25,65001.35]",65000.45,"[0.001,0.002,0.003,0.004,0.005,0.006,0.007,0.008,0.009000000000000001,0.01]",0.001,"[65000.25,65000.15,65000.049999999996,64999.95,64999.85,64999.75,64999.65,64999.549999999996,64999.45,64999.35]",65000.25,"[0.001,0.002,0.003,0.004,0.005,0.006,0.007,0.008,0.009000000000000001,0.01]",0.001,1335,mock,InstrumentType.Spot,613476448,mock,BTC-USDT
2199944884,0,0,1783610796332827708,101,depth,"[65000.46,65000.56,65000.66,65000.76,65000.86,65000.96,65001.06,65001.16,65001.26,65001.36]",65000.46,"[0.001,0.002,0.003,0.004,0.005,0.006,0.007,0.008,0.009000000000000001,0.01]",0.001,"[65000.26,65000.16,65000.06,64999.96,64999.86,64999.76,64999.66,64999.56,64999.46,64999.36]",65000.26,"[0.001,0.002,0.003,0.004,0.005,0.006,0.007,0.008,0.009000000000000001,0.01]",0.001,1336,mock,InstrumentType.Spot,613477008,mock,BTC-USDT
2199944884,0,0,1783610796333136807,101,depth,"[65000.47,65000.57,65000.670000000006,65000.770000000004,65000.87,65000.97,65001.07,65001.170000000006,65001.270000000004,65001.37]",65000.47,"[0.001,0.002,0.003,0.004,0.005,0.006,0.007,0.008,0.009000000000000001,0.01]",0.001,"[65000.270000000004,65000.170000000006,65000.07,64999.97,64999.87,64999.770000000004,64999.670000000006,64999.57,64999.47,64999.37]",65000.270000000004,"[0.001,0.002,0.003,0.004,0.005,0.006,0.007,0.008,0.009000000000000001,0.01]",0.001,1337,mock,InstrumentType.Spot,613477568,mock,BTC-USDT
2199944884,0,0,1783610796333428091,101,depth,"[65000.479999999996,65000.579999999994,65000.68,65000.78,65000.88,65000.979999999996,65001.079999999994,65001.18,65001.28,65001.38]",65000.479999999996,"[0.001,0.002,0.003,0.004,0.005,0.006,0.007,0.008,0.009000000000000001,0.01]",0.001,"[65000.28,65000.18,65000.079999999994,64999.979999999996,64999.88,64999.78,64999.68,64999.579999999994,64999.479999999996,64999.38]",65000.28,"[0.001,0.002,0.003,0.004,0.005,0.006,0.007,0.008,0.009000000000000001,0.01]",0.001,1338,mock,InstrumentType.Spot,613478128,mock,BTC-USDT
2199944884,0,0,1783610796333727845,101,depth,"[65000.49,65000.59,65000.69,65000.79,65000.89,65000.99,65001.09,65001.19,65001.29,65001.39]",65000.49,"[0.001,0.002,0.003,0.004,0.005,0.006,0.007,0.008,0.009000000000000001,0.01]",0.001,"[65000.29,65000.19,65000.09,64999.99,64999.89,64999.79,64999.69,64999.59,64999.49,64999.39]",65000.29,"[0.001,0.002,0.003,0.004,0.005,0.006,0.007,0.008,0.009000000000000001,0.01]",0.001,1339,mock,InstrumentType.Spot,613478688,mock,BTC-USDT
2199944884,0,0,1783610796334028278,101,depth,"[65000.5,65000.6,65000.700000000004,65000.8,65000.9,65001.0,65001.1,65001.200000000004,65001.3,65001.4]",65000.5,"[0.001,0.002,0.003,0.004,0.005,0.006,0.007,0.008,0.009000000000000001,0.01]",0.001,"[65000.3,65000.200000000004,65000.1,65000.0,64999.9,64999.8,64999.700000000004,64999.6,64999.5,64999.4]",65000.3,"[0.001,0.002,0.003,0.004,0.005,0.006,0.007,0.008,0.009000000000000001,0.01]",0.001,1340,mock,InstrumentType.Spot,613479248,mock,BTC-USDT
2199944884,0,0,1783610796334327996,101,depth,"[65000.51,65000.61,65000.71000000001,65000.810000000005,65000.91,65001.01,65001.11,65001.21000000001,65001.310000000005,65001.41]",65000.51,"[0.001,0.002,0.003,0.004,0.005,0.006,0.007,0.008,0.009000000000000001,0.01]",0.001,"[65000.310000000005,65000.21000000001,65000.11,65000.01,64999.91,64999.810000000005,64999.71000000001,64999.61,64999.51,64999.41]",65000.310000000005,"[0.001,0.002,0.003,0.004,0.005,0.006,0.007,0.008,0.009000000000000001,0.01]",0.001,1341,mock,InstrumentType.Spot,613479808,mock,BTC-USDT
2199944884,0,0,1783610796334628185,101,depth,"[65000.52,65000.619999999995,65000.72,65000.82,65000.92,65001.02,65001.119999999995,65001.22,65001.32,65001.42]",65000.52,"[0.001,0.002,0.003,0.004,0.005,0.006,0.007,0.008,0.009000000000000001,0.01]",0.001,"[65000.32,65000.22,65000.119999999995,65000.02,64999.92,64999.82,64999.72,64999.619999999995,64999.52,64999.42]",65000.32,"[0.001,0.002,0.003,0.004,0.005,0.006,0.007,0.008,0.009000000000000001,0.01]",0.001,1342,mock,InstrumentType.Spot,613480368,mock,BTC-USDT
2199944884,0,0,1783610796334928182,101,depth,"[65000.53,65000.63,65000.73,65000.83,65000.93,65001.03,65001.13,65001.23,65001.33,65001.43]",65000.53,"[0.001,0.002,0.003,0.004,0.005,0.006,0.007,0.008,0.009000000000000001,0.01]",0.001,"[65000.33,65000.23,65000.13,65000.03,64999.93,64999.83,64999.73,64999.63,64999.53,64999.43]",65000.33,"[0.001,0.002,0.003,0.004,0.005,0.006,0.007,0.008,0.009000000000000001,0.01]",0.001,1343,mock,InstrumentType.Spot,613480928,mock,BTC-USDT
2199944884,0,0,1783610796335228308,101,depth,"[65000.54,65000.64,65000.740000000005,65000.840000000004,65000.94,65001.04,65001.14,65001.240000000005,65001.340000000004,65001.44]",65000.54,"[0.001,0.002,0.003,0.004,0.005,0.006,0.007,0.008,0.009000000000000001,0.01]",0.001,"[65000.340000000004,65000.240000000005,65000.14,65000.04,64999.94,64999.840000000004,64999.740000000005,64999.64,64999.54,64999.44]",65000.340000000004,"[0.001,0.002,0.003,0.004,0.005,0.006,0.007,0.008,0.009000000000000001,0.01]",0.001,1344,mock,InstrumentType.Spot,613481488,mock,BTC-USDT
2199944884,0,0,1783610796335528178,101,depth,"[65000.549999999996,65000.649999999994,65000.75,65000.85,65000.95,65001.049999999996,65001.149999999994,65001.25,65001.35,65001.45]",65000.549999999996,"[0.001,0.002,0.003,0.004,0.005,0.006,0.007,0.008,0.009000000000000001,0.01]",0.001,"[65000.35,65000.25,65000.149999999994,65000.049999999996,64999.95,64999.85,64999.75,64999.649999999994,64999.549999999996,64999.45]",65000.35,"[0.001,0.002,0.003,0.004,0.005,0.006,0.007,0.008,0.009000000000000001,0.01]",0.001,1345,mock,InstrumentType.Spot,613482048,mock,BTC-USDT
2199944884,0,0,1783610796335828262,101,depth,"[65000.56,65000.659999999996,65000.76,65000.86,65000.96,65001.06,65001.159999999996,65001.26,65001.36,65001.46]",65000.56,"[0.001,0.002,0.003,0.004,0.005,0.006,0.007,0.008,0.009000000000000001,0.01]",0.001,"[65000.36,65000.26,65000.159999999996,65000.06,64999.96,64999.86,64999.76,64999.659999999996,64999.56,64999.46]",65000.36,"[0.001,0.002,0.003,0.004,0.005,0.006,0.007,0.008,0.009000000000000001,0.01]",0.001,1346,mock,InstrumentType.Spot,613482608,mock,BTC-USDT
2199944884,0,0,1783610796336140938,101,depth,"[65000.57,65000.67,65000.770000000004,65000.87,65000.97,65001.07,65001.17,65001.270000000004,65001.37,65001.47]",65000.57,"[0.001,0.002,0.003,0.004,0.005,0.006,0.007,0.008,0.009000000000000001,0.01]",0.001,"[65000.37,65000.270000000004,65000.17,65000.07,64999.97,64999.87,64999.770000000004,64999.67,64999.57,64999.47]",65000.37,"[0.001,0.002,0.003,0.004,0.005,0.006,0.007,0.008,0.009000000000000001,0.01]",0.001,1347,mock,InstrumentType.Spot,613483168,mock,BTC-USDT
2199944884,0,0,1783610796336427845,101,depth,"[65000.58,65000.68,65000.780000000006,65000.880000000005,65000.98,65001.08,65001.18,65001.280000000006,65001.380000000005,65001.48]",65000.58,"[0.001,0.002,0.003,0.004,0.005,0.006,0.007,0.008,0.009000000000000001,0.01]",0.001,"[65000.380000000005,65000.280000000006,65000.18,65000.08,64999.98,64999.880000000005,64999.780000000006,64999.68,64999.58,64999.48]",65000.380000000005,"[0.001,0.002,0.003,0.004,0.005,0.006,0.007,0.008,0.009000000000000001,0.01]",0.001,1348,mock,InstrumentType.Spot,613483728,mock,BTC-USDT
2199944884,0,0,1783610796336727954,101,depth,"[65000.59,65000.689999999995,65000.79,65000.89,65000.99,65001.09,65001.189999999995,65001.29,65001.39,65001.49]",65000.59,"[0.001,0.002,0.003,0.004,0.005,0.006,0.007,0.008,0.009000000000000001,0.01]",0.001,"[65000.39,65000.29,65000.189999999995,65000.09,64999.99,64999.89,64999.79,64999.689999999995,64999.59,64999.49]",65000.39,"[0.001,0.002,0.003,0.004,0.005,0.006,0.007,0.008,0.009000000000000001,0.01]",0.001,1349,mock,InstrumentType.Spot,613484288,mock,BTC-USDT
2199944884,0,0,1783610796337027922,101,depth,"[65000.6,65000.7,65000.8,65000.9,65001.0,65001.1,65001.2,65001.3,65001.4,65001.5]",65000.6,"[0.001,0.002,0.003,0.004,0.005,0.006,0.007,0.008,0.009000000000000001,0.01]",0.001,"[65000.4,65000.3,65000.2,65000.1,65000.0,64999.9,64999.8,64999.7,64999.6,64999.5]",65000.4,"[0.001,0.002,0.003,0.004,0.005,0.006,0.007,0.008,0.009000000000000001,0.01]",0.001,1350,mock,InstrumentType.Spot,613484848,mock,BTC-USDT
2199944884,0,0,1783610796337328025,101,depth,"[65000.61,65000.71,65000.810000000005,65000.91,65001.01,65001.11,65001.21,65001.310000000005,65001.41,65001.51]",65000.61,"[0.001,0.002,0.003,0.004,0.005,0.006,0.007,0.008,0.009000000000000001,0.01]",0.001,"[65000.41,65000.310000000005,65000.21,65000.11,65000.01,64999.91,64999.810000000005,64999.71,64999.61,64999.51]",65000.41,"[0.001,0.002,0.003,0.004,0.005,0.006,0.007,0.008,0.009000000000000001,0.01]",0.001,1351,mock,InstrumentType.Spot,613485408,mock,BTC-USDT
2199944884,0,0,1783610796337627878,101,depth,"[65000.619999999995,65000.719999999994,65000.82,65000.92,65001.02,65001.119999999995,65001.219999999994,65001.32,65001.42,65001.52]",65000.619999999995,"[0.001,0.002,0.003,0.004,0.005,0.006,0.007,0.008,0.009000000000000001,0.01]",0.001,"[65000.42,65000.32,65000.219999999994,65000.119999999995,65000.02,64999.92,64999.82,64999.719999999994,64999.619999999995,64999.52]",65000.42,"[0.001,0.002,0.003,0.004,0.005,0.006,0.007,0.008,0.009000000000000001,0.01]",0.001,1352,mock,InstrumentType.Spot,613485968,mock,BTC-USDT
2199944884,0,0,1783610796337927876,101,depth,"[65000.63,65000.729999999996,65000.83,65000.93,65001.03,65001.13,65001.229999999996,65001.33,65001.43,65001.53]",65000.63,"[0.001,0.002,0.003,0.004,0.005,0.006,0.007,0.008,0.009000000000000001,0.01]",0.001,"[65000.43,65000.33,65000.229999999996,65000.13,65000.03,64999.93,64999.83,64999.729999999996,64999.63,64999.53]",65000.43,"[0.001,0.002,0.003,0.004,0.005,0.006,0.007,0.008,0.009000000000000001,0.01]",0.001,1353,mock,InstrumentType.Spot,613486528,mock,BTC-USDT
2199944884,0,0,1783610796338227954,101,depth,"[65000.64,65000.74,65000.840000000004,65000.94,65001.04,65001.14,65001.24,65001.340000000004,65001.44,65001.54]",65000.64,"[0.001,0.002,0.003,0.004,0.005,0.006,0.007,0.008,0.009000000000000001,0.01]",0.001,"[65000.44,65000.340000000004,65000.24,65000.14,65000.04,64999.94,64999.840000000004,64999.74,64999.64,64999.54]",65000.44,"[0.001,0.002,0.003,0.004,0.005,0.006,0.007,0.008,0.009000000000000001,0.01]",0.001,1354,mock,InstrumentType.Spot,613487088,mock,BTC-USDT
2199944884,0,0,1783610796338527836,101,depth,"[65000.65,65000.75,65000.850000000006,65000.950000000004,65001.05,65001.15,65001.25,65001.350000000006,65001.450000000004,65001.55]",65000.65,"[0.001,0.002,0.003,0.004,0.005,0.006,0.007,0.008,0.009000000000000001,0.01]",0.001,"[65000.450000000004,65000.350000000006,65000.25,65000.15,65000.05,64999.950000000004,64999.850000000006,64999.75,64999.65,64999.55]",65000.450000000004,"[0.001,0.002,0.003,0.004,0.005,0.006,0.007,0.008,0.009000000000000001,0.01]",0.001,1355,mock,InstrumentType.Spot,613487648,mock,BTC-USDT
2199944884,0,0,1783610796338833843,101,depth,"[65000.659999999996,65000.759999999995,65000.86,65000.96,65001.06,65001.159999999996,65001.259999999995,65001.36,65001.46,65001.56]",65000.659999999996,"[0.001,0.002,0.003,0.004,0.005,0.006,0.007,0.008,0.009000000000000001,0.01]",0.001,"[65000.46,65000.36,65000.259999999995,65000.159999999996,65000.06,64999.96,64999.86,64999.759999999995,64999.659999999996,64999.56]",65000.46,"[0.001,0.002,0.003,0.004,0.005,0.006,0.007,0.008,0.009000000000000001,0.01]",0.001,1356,mock,InstrumentType.Spot,613488208,mock,BTC-USDT
2199944884,0,0,1783610796339127995,101,depth,"[65000.67,65000.77,65000.87,65000.97,65001.07,65001.17,65001.27,65001.37,65001.47,65001.57]",65000.67,"[0.001,0.002,0.003,0.004,0.005,0.006,0.007,0.008,0.009000000000000001,0.01]",0.001,"[65000.47,65000.37,65000.27,65000.17,65000.07,64999.97,64999.87,64999.77,64999.67,64999.57]",65000.47,"[0.001,0.002,0.003,0.004,0.005,0.006,0.007,0.008,0.009000000000000001,0.01]",0.001,1357,mock,InstrumentType.Spot,613488768,mock,BTC-USDT
2199944884,0,0,1783610796339427824,101,depth,"[65000.68,65000.78,65000.880000000005,65000.98,65001.08,65001.18,65001.28,65001.380000000005,65001.48,65001.58]",65000.68,"[0.001,0.002,0.003,0.004,0.005,0.006,0.007,0.008,0.009000000000000001,0.01]",0.001,"[65000.48,65000.380000000005,65000.28,65000.18,65000.08,64999.98,64999.880000000005,64999.78,64999.68,64999.58]",65000.48,"[0.001,0.002,0.003,0.004,0.005,0.006,0.007,0.008,0.009000000000000001,0.01]",0.001,1358,mock,InstrumentType.Spot,613489328,mock,BTC-USDT
2199944884,0,0,1783610796339728016,101,depth,"[65000.689999999995,65000.78999999999,65000.89,65000.99,65001.09,65001.189999999995,65001.28999999999,65001.39,65001.49,65001.59]",65000.689999999995,"[0.001,0.002,0.003,0.004,0.005,0.006,0.007,0.008,0.009000000000000001,0.01]",0.001,"[65000.49,65000.39,65000.28999999999,65000.189999999995,65000.09,64999.99,64999.89,64999.78999999999,64999.689999999995,64999.59]",65000.49,"[0.001,0.002,0.003,0.004,0.005,0.006,0.007,0.008,0.009000000000000001,0.01]",0.001,1359,mock,InstrumentType.Spot,613489888,mock,BTC-USDT
2199944884,0,0,1783610796340027992,101,depth,"[65000.7,65000.799999999996,65000.9,65001.0,65001.1,65001.2,65001.299999999996,65001.4,65001.5,65001.6]",65000.7,"[0.001,0.002,0.003,0.004,0.005,0.006,0.007,0.008,0.009000000000000001,0.01]",0.001,"[65000.5,65000.4,65000.299999999996,65000.2,65000.1,65000.0,64999.9,64999.799999999996,64999.7,64999.6]",65000.5,"[0.001,0.002,0.003,0.004,0.005,0.006,0.007,0.008,0.009000000000000001,0.01]",0.001,1360,mock,InstrumentType.Spot,613490448,mock,BTC-USDT
2199944884,0,0,1783610796340327871,101,depth,"[65000.71,65000.81,65000.91,65001.01,65001.11,65001.21,65001.31,65001.41,65001.51,65001.61]",65000.71,"[0.001,0.002,0.003,0.004,0.005,0.006,0.007,0.008,0.009000000000000001,0.01]",0.001,"[65000.51,65000.41,65000.31,65000.21,65000.11,65000.01,64999.91,64999.81,64999.71,64999.61]",65000.51,"[0.001,0.002,0.003,0.004,0.005,0.006,0.007,0.008,0.009000000000000001,0.01]",0.001,1361,mock,InstrumentType.Spot,613491008,mock,BTC-USDT
2199944884,0,0,1783610796340627845,101,depth,"[65000.72,65000.82,65000.920000000006,65001.020000000004,65001.12,65001.22,65001.32,65001.420000000006,65001.520000000004,65001.62]",65000.72,"[0.001,0.002,0.003,0.004,0.005,0.006,0.007,0.008,0.009000000000000001,0.01]",0.001,"[65000.520000000004,65000.420000000006,65000.32,65000.22,65000.12,65000.020000000004,64999.920000000006,64999.82,64999.72,64999.62]",65000.520000000004,"[0.001,0.002,0.003,0.004,0.005,0.006,0.007,0.008,0.009000000000000001,0.01]",0.001,1362,mock,InstrumentType.Spot,613491568,mock,BTC-USDT
2199944884,0,0,1783610796340928213,101,depth,"[65000.729999999996,65000.829999999994,65000.93,65001.03,65001.13,65001.229999999996,65001.329999999994,65001.43,65001.53,65001.63]",65000.729999999996,"[0.001,0.002,0.003,0.004,0.005,0.006,0.007,0.008,0.009000000000000001,0.01]",0.001,"[65000.53,65000.43,65000.329999999994,65000.229999999996,65000.13,65000.03,64999.93,64999.829999999994,64999.729999999996,64999.63]",65000.53,"[0.001,0.002,0.003,0.004,0.005,0.006,0.007,0.008,0.009000000000000001,0.01]",0.001,1363,mock,InstrumentType.Spot,613492128,mock,BTC-USDT
2199944884,0,0,1783610796341230617,101,depth,"[65000.74,65000.84,65000.94,65001.04,65001.14,65001.24,65001.34,65001.44,65001.54,65001.64]",65000.74,"[0.001,0.002,0.003,0.004,0.005,0.006,0.007,0.008,0.009000000000000001,0.01]",0.001,"[65000.54,65000.44,65000.34,65000.24,65000.14,65000.04,64999.94,64999.84,64999.74,64999.64]",65000.54,"[0.001,0.002,0.003,0.004,0.005,0.006,0.007,0.008,0.009000000000000001,0.01]",0.001,1364,mock,InstrumentType.Spot,613492688,mock,BTC-USDT
2199944884,0,0,1783610796341528035,101,depth,"[65000.75,65000.85,65000.950000000004,65001.05,65001.15,65001.25,65001.35,65001.450000000004,65001.55,65001.65]",65000.75,"[0.001,0.002,0.003,0.004,0.005,0.006,0.007,0.008,0.009000000000000001,0.01]",0.001,"[65000.55,65000.450000000004,65000.35,65000.25,65000.15,65000.05,64999.950000000004,64999.85,64999.75,64999.65]",65000.55,"[0.001,0.002,0.003,0.004,0.005,0.006,0.007,0.008,0.009000000000000001,0.01]",0.001,1365,mock,InstrumentType.Spot,613493248,mock,BTC-USDT
2199944884,0,0,1783610796341838501,101,depth,"[65000.76,65000.86,65000.96000000001,65001.060000000005,65001.16,65001.26,65001.36,65001.46000000001,65001.560000000005,65001.66]",65000.76,"[0.001,0.002,0.003,0.004,0.005,0.006,0.007,0.008,0.009000000000000001,0.01]",0.001,"[65000.560000000005,65000.46000000001,65000.36,65000.26,65000.16,65000.060000000005,64999.96000000001,64999.86,64999.76,64999.66]",65000.560000000005,"[0.001,0.002,0.003,0.004,0.005,0.006,0.007,0.008,0.009000000000000001,0.01]",0.001,1366,mock,InstrumentType.Spot,613493808,mock,BTC-USDT
2199944884,0,0,1783610796342128112,101,depth,"[65000.77,65000.869999999995,65000.97,65001.07,65001.17,65001.27,65001.369999999995,65001.47,65001.57,65001.67]",65000.77,"[0.001,0.002,0.003,0.004,0.005,0.006,0.007,0.008,0.009000000000000001,0.01]",0.001,"[65000.57,65000.47,65000.369999999995,65000.27,65000.17,65000.07,64999.97,64999.869999999995,64999.77,64999.67]",65000.57,"[0.001,0.002,0.003,0.004,0.005,0.006,0.007,0.008,0.009000000000000001,0.01]",0.001,1367,mock,InstrumentType.Spot,613494368,mock,BTC-USDT
2199944884,0,0,1783610796342427841,101,depth,"[65000.78,65000.88,65000.98,65001.08,65001.18,65001.28,65001.38,65001.48,65001.58,65001.68]",65000.78,"[0.001,0.002,0.003,0.004,0.005,0.006,0.007,0.008,0.009000000000000001,0.01]",0.001,"[65000.58,65000.48,65000.38,65000.28,65000.18,65000.08,64999.98,64999.88,64999.78,64999.68]",65000.58,"[0.001,0.002,0.003,0.004,0.005,0.006,0.007,0.008,0.009000000000000001,0.01]",0.001,1368,mock,InstrumentType.Spot,613494928,mock,BTC-USDT
2199944884,0,0,1783610796342730172,101,depth,"[65000.79,65000.89,65000.990000000005,65001.090000000004,65001.19,65001.29,65001.39,65001.490000000005,65001.590000000004,65001.69]",65000.79,"[0.001,0.002,0.003,0.004,0.005,0.006,0.007,0.008,0.009000000000000001,0.01]",0.001,"[65000.590000000004,65000.490000000005,65000.39,65000.29,65000.19,65000.090000000004,64999.990000000005,64999.89,64999.79,64999.69]",65000.590000000004,"[0.001,0.002,0.003,0.004,0.005,0.006,0.007,0.008,0.009000000000000001,0.01]",0.001,1369,mock,InstrumentType.Spot,613495488,mock,BTC-USDT
2199944884,0,0,1783610796343029508,101,depth,"[65000.799999999996,65000.899999999994,65001.0,65001.1,65001.2,65001.299999999996,65001.399999999994,65001.5,65001.6,65001.7]",65000.799999999996,"[0.001,0.002,0.003,0.004,0.005,0.006,0.007,0.008,0.009000000000000001,0.01]",0.001,"[65000.6,65000.5,65000.399999999994,65000.299999999996,65000.2,65000.1,65000.0,64999.899999999994,64999.799999999996,64999.7]",65000.6,"[0.001,0.002,0.003,0.004,0.005,0.006,0.007,0.008,0.009000000000000001,0.01]",0.001,1370,mock,InstrumentType.Spot,613496048,mock,BTC-USDT
2199944884,0,0,1783610796343328269,101,depth,"[65000.81,65000.909999999996,65001.01,65001.11,65001.21,65001.31,65001.409999999996,65001.51,65001.61,65001.71]",65000.81,"[0.001,0.002,0.003,0.004,0.005,0.006,0.007,0.008,0.009000000000000001,0.01]",0.001,"[65000.61,65000.51,65000.409999999996,65000.31,65000.21,65000.11,65000.01,64999.909999999996,64999.81,64999.71]",65000.61,"[0.001,0.002,0.003,0.004,0.005,0.006,0.007,0.008,0.009000000000000001,0.01]",0.001,1371,mock,InstrumentType.Spot,613496608,mock,BTC-USDT
2199944884,0,0,1783610796343628428,101,depth,"[65000.82,65000.92,65001.020000000004,65001.12,65001.22,65001.32,65001.42,65001.520000000004,65001.62,65001.72]",65000.82,"[0.001,0.002,0.003,0.004,0.005,0.006,0.007,0.008,0.009000000000000001,0.01]",0.001,"[65000.62,65000.520000000004,65000.42,65000.32,65000.22,65000.12,65000.020000000004,64999.92,64999.82,64999.72]",65000.62,"[0.001,0.002,0.003,0.004,0.005,0.006,0.007,0.008,0.009000000000000001,0.01]",0.001,1372,mock,InstrumentType.Spot,613497168,mock,BTC-USDT
2199944884,0,0,1783610796343928467,101,depth,"[65000.83,65000.93,65001.030000000006,65001.130000000005,65001.23,65001.33,65001.43,65001.530000000006,65001.630000000005,65001.73]",65000.83,"[0.001,0.002,0.003,0.004,0.005,0.006,0.007,0.008,0.009000000000000001,0.01]",0.001,"[65000.630000000005,65000.530000000006,65000.43,65000.33,65000.23,65000.130000000005,65000.030000000006,64999.93,64999.83,64999.73]",65000.630000000005,"[0.001,0.002,0.003,0.004,0.005,0.006,0.007,0.008,0.009000000000000001,0.01]",0.001,1373,mock,InstrumentType.Spot,613497728,mock,BTC-USDT
2199944884,0,0,1783610796344228669,101,depth,"[65000.84,65000.939999999995,65001.04,65001.14,65001.24,65001.34,65001.439999999995,65001.54,65001.64,65001.74]",65000.84,"[0.001,0.002,0.003,0.004,0.005,0.006,0.007,0.008,0.009000000000000001,0.01]",0.001,"[65000.64,65000.54,65000.439999999995,65000.34,65000.24,65000.14,65000.04,64999.939999999995,64999.84,64999.74]",65000.64,"[0.001,0.002,0.003,0.004,0.005,0.006,0.007,0.008,0.009000000000000001,0.01]",0.001,1374,mock,InstrumentType.Spot,613498288,mock,BTC-USDT
2199944884,0,0,1783610796344544083,101,depth,"[65000.85,65000.95,65001.05,65001.15,65001.25,65001.35,65001.45,65001.55,65001.65,65001.75]",65000.85,"[0.001,0.002,0.003,0.004,0.005,0.006,0.007,0.008,0.009000000000000001,0.01]",0.001,"[65000.65,65000.55,65000.45,65000.35,65000.25,65000.15,65000.05,64999.95,64999.85,64999.75]",65000.65,"[0.001,0.002,0.003,0.004,0.005,0.006,0.007,0.008,0.009000000000000001,0.01]",0.001,1375,mock,InstrumentType.Spot,613498848,mock,BTC-USDT
2199944884,0,0,1783610796344828532,101,depth,"[65000.86,65000.96,65001.060000000005,65001.16,65001.26,65001.36,65001.46,65001.560000000005,65001.66,65001.76]",65000.86,"[0.001,0.002,0.003,0.004,0.005,0.006,0.007,0.008,0.009000000000000001,0.01]",0.001,"[65000.66,65000.560000000005,65000.46,65000.36,65000.26,65000.16,65000.060000000005,64999.96,64999.86,64999.76]",65000.66,"[0.001,0.002,0.003,0.004,0.005,0.006,0.007,0.008,0.009000000000000001,0.01]",0.001,1376,mock,InstrumentType.Spot,613499408,mock,BTC-USDT
2199944884,0,0,1783610796345128442,101,depth,"[65000.869999999995,65000.969999999994,65001.07,65001.17,65001.27,65001.369999999995,65001.469999999994,65001.57,65001.67,65001.77]",65000.869999999995,"[0.001,0.002,0.003,0.004,0.005,0.006,0.007,0.008,0.009000000000000001,0.01]",0.001,"[65000.67,65000.57,65000.469999999994,65000.369999999995,65000.27,65000.17,65000.07,64999.969999999994,64999.869999999995,64999.77]",65000.67,"[0.001,0.002,0.003,0.004,0.005,0.006,0.007,0.008,0.009000000000000001,0.01]",0.001,1377,mock,InstrumentType.Spot,613499968,mock,BTC-USDT
2199944884,0,0,1783610796345428503,101,depth,"[65000.88,65000.979999999996,65001.08,65001.18,65001.28,65001.38,65001.479999999996,65001.58,65001.68,65001.78]",65000.88,"[0.001,0.002,0.003,0.004,0.005,0.006,0.007,0.008,0.009000000000000001,0.01]",0.001,"[65000.68,65000.58,65000.479999999996,65000.38,65000.28,65000.18,65000.08,64999.979999999996,64999.88,64999.78]",65000.68,"[0.001,0.002,0.003,0.004,0.005,0.006,0.007,0.008,0.009000000000000001,0.01]",0.001,1378,mock,InstrumentType.Spot,613500528,mock,BTC-USDT
2199944884,0,0,1783610796345728179,101,depth,"[65000.89,65000.99,65001.090000000004,65001.19,65001.29,65001.39,65001.49,65001.590000000004,65001.69,65001.79]",65000.89,"[0.001,0.002,0.003,0.004,0.005,0.006,0.007,0.008,0.009000000000000001,0.01]",0.001,"[65000.69,65000.590000000004,65000.49,65000.39,65000.29,65000.19,65000.090000000004,64999.99,64999.89,64999.79]",65000.69,"[0.001,0.002,0.003,0.004,0.005,0.006,0.007,0.008,0.009000000000000001,0.01]",0.001,1379,mock,InstrumentType.Spot,613501088,mock,BTC-USDT
2199944884,0,0,1783610796346028338,101,depth,"[65000.9,65001.0,65001.100000000006,65001.200000000004,65001.3,65001.4,65001.5,65001.600000000006,65001.700000000004,65001.8]",65000.9,"[0.001,0.002,0.003,0.004,0.005,0.006,0.007,0.008,0.009000000000000001,0.01]",0.001,"[65000.700000000004,65000.600000000006,65000.5,65000.4,65000.3,65000.200000000004,65000.100000000006,65000.0,64999.9,64999.8]",65000.700000000004,"[0.001,0.002,0.003,0.004,0.005,0.006,0.007,0.008,0.009000000000000001,0.01]",0.001,1380,mock,InstrumentType.Spot,613501648,mock,BTC-USDT
2199944884,0,0,1783610796346328213,101,depth,"[65000.909999999996,65001.009999999995,65001.11,65001.21,65001.31,65001.409999999996,65001.509999999995,65001.61,65001.71,65001.81]",65000.909999999996,"[0.001,0.002,0.003,0.004,0.005,0.006,0.007,0.008,0.009000000000000001,0.01]",0.001,"[65000.71,65000.61,65000.509999999995,65000.409999999996,65000.31,65000.21,65000.11,65000.009999999995,64999.909999999996,64999.81]",65000.71,"[0.001,0.002,0.003,0.004,0.005,0.006,0.007,0.008,0.009000000000000001,0.01]",0.001,1381,mock,InstrumentType.Spot,613502208,mock,BTC-USDT
2199944884,0,0,1783610796346628128,101,depth,"[65000.92,65001.02,65001.12,65001.22,65001.32,65001.42,65001.52,65001.62,65001.72,65001.82]",65000.92,"[0.001,0.002,0.003,0.004,0.005,0.006,0.007,0.008,0.009000000000000001,0.01]",0.001,"[65000.72,65000.62,65000.52,65000.42,65000.32,65000.22,65000.12,65000.02,64999.92,64999.82]",65000.72,"[0.001,0.002,0.003,0.004,0.005,0.006,0.007,0.008,0.009000000000000001,0.01]",0.001,1382,mock,InstrumentType.Spot,613502768,mock,BTC-USDT
2199944884,0,0,1783610796346927880,101,depth,"[65000.93,65001.03,65001.130000000005,65001.23,65001.33,65001.43,65001.53,65001.630000000005,65001.73,65001.83]",65000.93,"[0.001,0.002,0.003,0.004,0.005,0.006,0.007,0.008,0.009000000000000001,0.01]",0.001,"[65000.73,65000.630000000005,65000.53,65000.43,65000.33,65000.23,65000.130000000005,65000.03,64999.93,64999.83]",65000.73,"[0.001,0.002,0.003,0.004,0.005,0.006,0.007,0.008,0.009000000000000001,0.01]",0.001,1383,mock,InstrumentType.Spot,613503328,mock,BTC-USDT
2199944884,0,0,1783610796347227981,101,depth,"[65000.939999999995,65001.03999999999,65001.14,65001.24,65001.34,65001.439999999995,65001.53999999999,65001.64,65001.74,65001.84]",65000.939999999995,"[0.001,0.002,0.003,0.004,0.005,0.006,0.007,0.008,0.009000000000000001,0.01]",0.001,"[65000.74,65000.64,65000.53999999999,65000.439999999995,65000.34,65000.24,65000.14,65000.03999999999,64999.939999999995,64999.84]",65000.74,"[0.001,0.002,0.003,0.004,0.005,0.006,0.007,0.008,0.009000000000000001,0.01]",0.001,1384,mock,InstrumentType.Spot,613503888,mock,BTC-USDT
2199944884,0,0,1783610796347535190,101,depth,"[65000.95,65001.049999999996,65001.15,65001.25,65001.35,65001.45,65001.549999999996,65001.65,65001.75,65001.85]",65000.95,"[0.001,0.002,0.003,0.004,0.005,0.006,0.007,0.008,0.009000000000000001,0.01]",0.001,"[65000.75,65000.65,65000.549999999996,65000.45,65000.35,65000.25,65000.15,65000.049999999996,64999.95,64999.85]",65000.75,"[0.001,0.002,0.003,0.004,0.005,0.006,0.007,0.008,0.009000000000000001,0.01]",0.001,1385,mock,InstrumentType.Spot,613504448,mock,BTC-USDT
2199944884,0,0,1783610796347828026,101,depth,"[65000.96,65001.06,65001.16,65001.26,65001.36,65001.46,65001.56,65001.66,65001.76,65001.86]",65000.96,"[0.001,0.002,0.003,0.004,0.005,0.006,0.007,0.008,0.009000000000000001,0.01]",0.001,"[65000.76,65000.66,65000.56,65000.46,65000.36,65000.26,65000.16,65000.06,64999.96,64999.86]",65000.76,"[0.001,0.002,0.003,0.004,0.005,0.006,0.007,0.008,0.009000000000000001,0.01]",0.001,1386,mock,InstrumentType.Spot,613505008,mock,BTC-USDT
2199944884,0,0,1783610796348127914,101,depth,"[65000.97,65001.07,65001.170000000006,65001.270000000004,65001.37,65001.47,65001.57,65001.670000000006,65001.770000000004,65001.87]",65000.97,"[0.001,0.002,0.003,0.004,0.005,0.006,0.007,0.008,0.009000000000000001,0.01]",0.001,"[65000.770000000004,65000.670000000006,65000.57,65000.47,65000.37,65000.270000000004,65000.170000000006,65000.07,64999.97,64999.87]",65000.770000000004,"[0.001,0.002,0.003,0.004,0.005,0.006,0.007,0.008,0.009000000000000001,0.01]",0.001,1387,mock,InstrumentType.Spot,613505568,mock,BTC-USDT
2199944884,0,0,1783610796348427852,101,depth,"[65000.979999999996,65001.079999999994,65001.18,65001.28,65001.38,65001.479999999996,65001.579999999994,65001.68,65001.78,65001.88]",65000.979999999996,"[0.001,0.002,0.003,0.004,0.005,0.006,0.007,0.008,0.009000000000000001,0.01]",0.001,"[65000.78,65000.68,65000.579999999994,65000.479999999996,65000.38,65000.28,65000.18,65000.079999999994,64999.979999999996,64999.88]",65000.78,"[0.001,0.002,0.003,0.004,0.005,0.006,0.007,0.008,0.009000000000000001,0.01]",0.001,1388,mock,InstrumentType.Spot,613506128,mock,BTC-USDT
2199944884,0,0,1783610796348727929,101,depth,"[65000.99,65001.09,65001.19,65001.29,65001.39,65001.49,65001.59,65001.69,65001.79,65001.89]",65000.99,"[0.001,0.002,0.003,0.004,0.005,0.006,0.007,0.008,0.009000000000000001,0.01]",0.001,"[65000.79,65000.69,65000.59,65000.49,65000.39,65000.29,65000.19,65000.09,64999.99,64999.89]",65000.79,"[0.001,0.002,0.003,0.004,0.005,0.006,0.007,0.008,0.009000000000000001,0.01]",0.001,1389,mock,InstrumentType.Spot,613506688,mock,BTC-USDT
2199944884,0,0,1783610796349027988,101,depth,"[65001.0,65001.1,65001.200000000004,65001.3,65001.4,65001.5,65001.6,65001.700000000004,65001.8,65001.9]",65001.0,"[0.001,0.002,0.003,0.004,0.005,0.006,0.007,0.008,0.009000000000000001,0.01]",0.001,"[65000.8,65000.700000000004,65000.6,65000.5,65000.4,65000.3,65000.200000000004,65000.1,65000.0,64999.9]",65000.8,"[0.001,0.002,0.003,0.004,0.005,0.006,0.007,0.008,0.009000000000000001,0.01]",0.001,1390,mock,InstrumentType.Spot,613507248,mock,BTC-USDT
2199944884,0,0,1783610796349327907,101,depth,"[65001.01,65001.11,65001.21000000001,65001.310000000005,65001.41,65001.51,65001.61,65001.71000000001,65001.810000000005,65001.91]",65001.01,"[0.001,0.002,0.003,0.004,0.005,0.006,0.007,0.008,0.009000000000000001,0.01]",0.001,"[65000.810000000005,65000.71000000001,65000.61,65000.51,65000.41,65000.310000000005,65000.21000000001,65000.11,65000.01,64999.91]",65000.810000000005,"[0.001,0.002,0.003,0.004,0.005,0.006,0.007,0.008,0.009000000000000001,0.01]",0.001,1391,mock,InstrumentType.Spot,613507808,mock,BTC-USDT
2199944884,0,0,1783610796349627839,101,depth,"[65001.02,65001.119999999995,65001.22,65001.32,65001.42,65001.52,65001.619999999995,65001.72,65001.82,65001.92]",65001.02,"[0.001,0.002,0.003,0.004,0.005,0.006,0.007,0.008,0.009000000000000001,0.01]",0.001,"[65000.82,65000.72,65000.619999999995,65000.52,65000.42,65000.32,65000.22,65000.119999999995,65000.02,64999.92]",65000.82,"[0.001,0.002,0.003,0.004,0.005,0.006,0.007,0.008,0.009000000000000001,0.01]",0.001,1392,mock,InstrumentType.Spot,613508368,mock,BTC-USDT
2199944884,0,0,1783610796349927891,101,depth,"[65001.03,65001.13,65001.23,65001.33,65001.43,65001.53,65001.63,65001.73,65001.83,65001.93]",65001.03,"[0.001,0.002,0.003,0.004,0.005,0.006,0.007,0.008,0.009000000000000001,0.01]",0.001,"[65000.83,65000.73,65000.63,65000.53,65000.43,65000.33,65000.23,65000.13,65000.03,64999.93]",65000.83,"[0.001,0.002,0.003,0.004,0.005,0.006,0.007,0.008,0.009000000000000001,0.01]",0.001,1393,mock,InstrumentType.Spot,613508928,mock,BTC-USDT
2199944884,0,0,1783610796350233186,101,depth,"[65001.04,65001.14,65001.240000000005,65001.340000000004,65001.44,65001.54,65001.64,65001.740000000005,65001.840000000004,65001.94]",65001.04,"[0.001,0.002,0.003,0.004,0.005,0.006,0.007,0.008,0.009000000000000001,0.01]",0.001,"[65000.840000000004,65000.740000000005,65000.64,65000.54,65000.44,65000.340000000004,65000.240000000005,65000.14,65000.04,64999.94]",65000.840000000004,"[0.001,0.002,0.003,0.004,0.005,0.006,0.007,0.008,0.009000000000000001,0.01]",0.001,1394,mock,InstrumentType.Spot,613509488,mock,BTC-USDT
2199944884,0,0,1783610796350527763,101,depth,"[65001.049999999996,65001.149999999994,65001.25,65001.35,65001.45,65001.549999999996,65001.649999999994,65001.75,65001.85,65001.95]",65001.049999999996,"[0.001,0.002,0.003,0.004,0.005,0.006,0.007,0.008,0.009000000000000001,0.01]",0.001,"[65000.85,65000.75,65000.649999999994,65000.549999999996,65000.45,65000.35,65000.25,65000.149999999994,65000.049999999996,64999.95]",65000.85,"[0.001,0.002,0.003,0.004,0.005,0.006,0.007,0.008,0.009000000000000001,0.01]",0.001,1395,mock,InstrumentType.Spot,613510048,mock,BTC-USDT
2199944884,0,0,1783610796350827714,101,depth,"[65001.06,65001.159999999996,65001.26,65001.36,65001.46,65001.56,65001.659999999996,65001.76,65001.86,65001.96]",65001.06,"[0.001,0.002,0.003,0.004,0.005,0.006,0.007,0.008,0.009000000000000001,0.01]",0.001,"[65000.86,65000.76,65000.659999999996,65000.56,65000.46,65000.36,65000.26,65000.159999999996,65000.06,64999.96]",65000.86,"[0.001,0.002,0.003,0.004,0.005,0.006,0.007,0.008,0.009000000000000001,0.01]",0.001,1396,mock,InstrumentType.Spot,613510608,mock,BTC-USDT
2199944884,0,0,1783610796351127680,101,depth,"[65001.07,65001.17,65001.270000000004,65001.37,65001.47,65001.57,65001.67,65001.770000000004,65001.87,65001.97]",65001.07,"[0.001,0.002,0.003,0.004,0.005,0.006,0.007,0.008,0.009000000000000001,0.01]",0.001,"[65000.87,65000.770000000004,65000.67,65000.57,65000.47,65000.37,65000.270000000004,65000.17,65000.07,64999.97]",65000.87,"[0.001,0.002,0.003,0.004,0.005,0.006,0.007,0.008,0.009000000000000001,0.01]",0.001,1397,mock,InstrumentType.Spot,613511168,mock,BTC-USDT
2199944884,0,0,1783610796351427683,101,depth,"[65001.08,65001.18,65001.280000000006,65001.380000000005,65001.48,65001.58,65001.68,65001.780000000006,65001.880000000005,65001.98]",65001.08,"[0.001,0.002,0.003,0.004,0.005,0.006,0.007,0.008,0.009000000000000001,0.01]",0.001,"[65000.880000000005,65000.780000000006,65000.68,65000.58,65000.48,65000.380000000005,65000.280000000006,65000.18,65000.08,64999.98]",65000.880000000005,"[0.001,0.002,0.003,0.004,0.005,0.006,0.007,0.008,0.009000000000000001,0.01]",0.001,1398,mock,InstrumentType.Spot,613511728,mock,BTC-USDT
2199944884,0,0,1783610796351727679,101,depth,"[65001.09,65001.189999999995,65001.29,65001.39,65001.49,65001.59,65001.689999999995,65001.79,65001.89,65001.99]",65001.09,"[0.001,0.002,0.003,0.004,0.005,0.006,0.007,0.008,0.009000000000000001,0.01]",0.001,"[65000.89,65000.79,65000.689999999995,65000.59,65000.49,65000.39,65000.29,65000.189999999995,65000.09,64999.99]",65000.89,"[0.001,0.002,0.003,0.004,0.005,0.006,0.007,0.008,0.009000000000000001,0.01]",0.001,1399,mock,InstrumentType.Spot,613512288,mock,BTC-USDT
2199944884,0,0,1783610796352029749,101,depth,"[65000.1,65000.2,65000.3,65000.4,65000.5,65000.6,65000.7,65000.8,65000.9,65001.0]",65000.1,"[0.001,0.002,0.003,0.004,0.005,0.006,0.007,0.008,0.009000000000000001,0.01]",0.001,"[64999.9,64999.8,64999.7,64999.6,64999.5,64999.4,64999.3,64999.2,64999.1,64999.0]",64999.9,"[0.001,0.002,0.003,0.004,0.005,0.006,0.007,0.008,0.009000000000000001,0.01]",0.001,1400,mock,InstrumentType.Spot,613512848,mock,BTC-USDT
2199944884,0,0,1783610796352327959,101,depth,"[65000.11,65000.21,65000.310000000005,65000.41,65000.51,65000.61,65000.71,65000.810000000005,65000.91,65001.01]",65000.11,"[0.001,0.002,0.003,0.004,0.005,0.006,0.007,0.008,0.009000000000000001,0.01]",0.001,"[64999.91,64999.810000000005,64999.71,64999.61,64999.51,64999.41,64999.310000000005,64999.21,64999.11,64999.01]",64999.91,"[0.001,0.002,0.003,0.004,0.005,0.006,0.007,0.008,0.009000000000000001,0.01]",0.001,1401,mock,InstrumentType.Spot,613513408,mock,BTC-USDT
2199944884,0,0,1783610796352627738,101,depth,"[65000.119999999995,65000.219999999994,65000.32,65000.42,65000.52,65000.619999999995,65000.719999999994,65000.82,65000.92,65001.02]",65000.119999999995,"[0.001,0.002,0.003,0.004,0.005,0.006,0.007,0.008,0.009000000000000001,0.01]",0.001,"[64999.92,64999.82,64999.719999999994,64999.619999999995,64999.52,64999.42,64999.32,64999.219999999994,64999.119999999995,64999.02]",64999.92,"[0.001,0.002,0.003,0.004,0.005,0.006,0.007,0.008,0.009000000000000001,0.01]",0.001,1402,mock,InstrumentType.Spot,613513968,mock,BTC-USDT
2199944884,0,0,1783610796352927731,101,depth,"[65000.13,65000.229999999996,65000.33,65000.43,65000.53,65000.63,65000.729999999996,65000.83,65000.93,65001.03]",65000.13,"[0.001,0.002,0.003,0.004,0.005,0.006,0.007,0.008,0.009000000000000001,0.01]",0.001,"[64999.93,64999.83,64999.729999999996,64999.63,64999.53,64999.43,64999.33,64999.229999999996,64999.13,64999.03]",64999.93,"[0.001,0.002,0.003,0.004,0.005,0.006,0.007,0.008,0.009000000000000001,0.01]",0.001,1403,mock,InstrumentType.Spot,613514528,mock,BTC-USDT
2199944884,0,0,1783610796353234804,101,depth,"[65000.14,65000.24,65000.340000000004,65000.44,65000.54,65000.64,65000.74,65000.840000000004,65000.94,65001.04]",65000.14,"[0.001,0.002,0.003,0.004,0.005,0.006,0.007,0.008,0.009000000000000001,0.01]",0.001,"[64999.94,64999.840000000004,64999.74,64999.64,64999.54,64999.44,64999.340000000004,64999.24,64999.14,64999.04]",64999.94,"[0.001,0.002,0.003,0.004,0.005,0.006,0.007,0.008,0.009000000000000001,0.01]",0.001,1404,mock,InstrumentType.Spot,613515088,mock,BTC-USDT
2199944884,0,0,1783610796353527705,101,depth,"[65000.15,65000.25,65000.350000000006,65000.450000000004,65000.55,65000.65,65000.75,65000.850000000006,65000.950000000004,65001.05]",65000.15,"[0.001,0.002,0.003,0.004,0.005,0.006,0.007,0.008,0.009000000000000001,0.01]",0.001,"[64999.950000000004,64999.850000000006,64999.75,64999.65,64999.55,64999.450000000004,64999.350000000006,64999.25,64999.15,64999.05]",64999.950000000004,"[0.001,0.002,0.003,0.004,0.005,0.006,0.007,0.008,0.009000000000000001,0.01]",0.001,1405,mock,InstrumentType.Spot,613515648,mock,BTC-USDT
2199944884,0,0,1783610796353827594,101,depth,"[65000.159999999996,65000.259999999995,65000.36,65000.46,65000.56,65000.659999999996,65000.759999999995,65000.86,65000.96,65001.06]",65000.159999999996,"[0.001,0.002,0.003,0.004,0.005,0.006,0.007,0.008,0.009000000000000001,0.01]",0.001,"[64999.96,64999.86,64999.759999999995,64999.659999999996,64999.56,64999.46,64999.36,64999.259999999995,64999.159999999996,64999.06]",64999.96,"[0.001,0.002,0.003,0.004,0.005,0.006,0.007,0.008,0.009000000000000001,0.01]",0.001,1406,mock,InstrumentType.Spot,613425328,mock,BTC-USDT
2199944884,0,0,1783610796354127766,101,depth,"[65000.17,65000.27,65000.37,65000.47,65000.57,65000.67,65000.77,65000.87,65000.97,65001.07]",65000.17,"[0.001,0.002,0.003,0.004,0.005,0.006,0.007,0.008,0.009000000000000001,0.01]",0.001,"[64999.97,64999.87,64999.77,64999.67,64999.57,64999.47,64999.37,64999.27,64999.17,64999.07]",64999.97,"[0.001,0.002,0.003,0.004,0.005,0.006,0.007,0.008,0.009000000000000001,0.01]",0.001,1407,mock,InstrumentType.Spot,613425888,mock,BTC-USDT
2199944884,0,0,1783610796354427726,101,depth,"[65000.18,65000.28,65000.380000000005,65000.48,65000.58,65000.68,65000.78,65000.880000000005,65000.98,65001.08]",65000.18,"[0.001,0.002,0.003,0.004,0.005,0.006,0.007,0.008,0.009000000000000001,0.01]",0.001,"[64999.98,64999.880000000005,64999.78,64999.68,64999.58,64999.48,64999.380000000005,64999.28,64999.18,64999.08]",64999.98,"[0.001,0.002,0.003,0.004,0.005,0.006,0.007,0.008,0.009000000000000001,0.01]",0.001,1408,mock,InstrumentType.Spot,613426448,mock,BTC-USDT
2199944884,0,0,1783610796354727638,101,depth,"[65000.189999999995,65000.28999999999,65000.39,65000.49,65000.59,65000.689999999995,65000.78999999999,65000.89,65000.99,65001.09]",65000.189999999995,"[0.001,0.002,0.003,0.004,0.005,0.006,0.007,0.008,0.009000000000000001,0.01]",0.001,"[64999.99,64999.89,64999.78999999999,64999.689999999995,64999.59,64999.49,64999.39,64999.28999999999,64999.189999999995,64999.09]",64999.99,"[0.001,0.002,0.003,0.004,0.005,0.006,0.007,0.008,0.009000000000000001,0.01]",0.001,1409,mock,InstrumentType.Spot,613427008,mock,BTC-USDT
2199944884,0,0,1783610796355027663,101,depth,"[65000.2,65000.299999999996,65000.4,65000.5,65000.6,65000.7,65000.799999999996,65000.9,65001.0,65001.1]",65000.2,"[0.001,0.002,0.003,0.004,0.005,0.006,0.007,0.008,0.009000000000000001,0.01]",0.001,"[65000.0,64999.9,64999.799999999996,64999.7,64999.6,64999.5,64999.4,64999.299999999996,64999.2,64999.1]",65000.0,"[0.001,0.002,0.003,0.004,0.005,0.006,0.007,0.008,0.009000000000000001,0.01]",0.001,1410,mock,InstrumentType.Spot,613427568,mock,BTC-USDT
2199944884,0,0,1783610796355327686,101,depth,"[65000.21,65000.31,65000.41,65000.51,65000.61,65000.71,65000.81,65000.91,65001.01,65001.11]",65000.21,"[0.001,0.002,0.003,0.004,0.005,0.006,0.007,0.008,0.009000000000000001,0.01]",0.001,"[65000.01,64999.91,64999.81,64999.71,64999.61,64999.51,64999.41,64999.31,64999.21,64999.11]",65000.01,"[0.001,0.002,0.003,0.004,0.005,0.006,0.007,0.008,0.009000000000000001,0.01]",0.001,1411,mock,InstrumentType.Spot,613428128,mock,BTC-USDT
2199944884,0,0,1783610796355627564,101,depth,"[65000.22,65000.32,65000.420000000006,65000.520000000004,65000.62,65000.72,65000.82,65000.920000000006,65001.020000000004,65001.12]",65000.22,"[0.001,0.002,0.003,0.004,0.005,0.006,0.007,0.008,0.009000000000000001,0.01]",0.001,"[65000.020000000004,64999.920000000006,64999.82,64999.72,64999.62,64999.520000000004,64999.420000000006,64999.32,64999.22,64999.12]",65000.020000000004,"[0.001,0.002,0.003,0.004,0.005,0.006,0.007,0.008,0.009000000000000001,0.01]",0.001,1412,mock,InstrumentType.Spot,613428688,mock,BTC-USDT
2199944884,0,0,1783610796355932705,101,depth,"[65000.229999999996,65000.329999999994,65000.43,65000.53,65000.63,65000.729999999996,65000.829999999994,65000.93,65001.03,65001.13]",65000.229999999996,"[0.001,0.002,0.003,0.004,0.005,0.006,0.007,0.008,0.009000000000000001,0.01]",0.001,"[65000.03,64999.93,64999.829999999994,64999.729999999996,64999.63,64999.53,64999.43,64999.329999999994,64999.229999999996,64999.13]",65000.03,"[0.001,0.002,0.003,0.004,0.005,0.006,0.007,0.008,0.009000000000000001,0.01]",0.001,1413,mock,InstrumentType.Spot,613429248,mock,BTC-USDT
2199944884,0,0,1783610796356227864,101,depth,"[65000.24,65000.34,65000.44,65000.54,65000.64,65000.74,65000.84,65000.94,65001.04,65001.14]",65000.24,"[0.001,0.002,0.003,0.004,0.005,0.006,0.007,0.008,0.009000000000000001,0.01]",0.001,"[65000.04,64999.94,64999.84,64999.74,64999.64,64999.54,64999.44,64999.34,64999.24,64999.14]",65000.04,"[0.001,0.002,0.003,0.004,0.005,0.006,0.007,0.008,0.009000000000000001,0.01]",0.001,1414,mock,InstrumentType.Spot,613429808,mock,BTC-USDT
2199944884,0,0,1783610796356527742,101,depth,"[65000.25,65000.35,65000.450000000004,65000.55,65000.65,65000.75,65000.85,65000.950000000004,65001.05,65001.15]",65000.25,"[0.001,0.002,0.003,0.004,0.005,0.006,0.007,0.008,0.009000000000000001,0.01]",0.001,"[65000.05,64999.950000000004,64999.85,64999.75,64999.65,64999.55,64999.450000000004,64999.35,64999.25,64999.15]",65000.05,"[0.001,0.002,0.003,0.004,0.005,0.006,0.007,0.008,0.009000000000000001,0.01]",0.001,1415,mock,InstrumentType.Spot,613430368,mock,BTC-USDT
2199944884,0,0,1783610796356827701,101,depth,"[65000.26,65000.36,65000.46000000001,65000.560000000005,65000.66,65000.76,65000.86,65000.96000000001,65001.060000000005,65001.16]",65000.26,"[0.001,0.002,0.003,0.004,0.005,0.006,0.007,0.008,0.009000000000000001,0.01]",0.001,"[65000.060000000005,64999.96000000001,64999.86,64999.76,64999.66,64999.560000000005,64999.46000000001,64999.36,64999.26,64999.16]",65000.060000000005,"[0.001,0.002,0.003,0.004,0.005,0.006,0.007,0.008,0.009000000000000001,0.01]",0.001,1416,mock,InstrumentType.Spot,613430928,mock,BTC-USDT
2199944884,0,0,1783610796357127711,101,depth,"[65000.27,65000.369999999995,65000.47,65000.57,65000.67,65000.77,65000.869999999995,65000.97,65001.07,65001.17]",65000.27,"[0.001,0.002,0.003,0.004,0.005,0.006,0.007,0.008,0.009000000000000001,0.01]",0.001,"[65000.07,64999.97,64999.869999999995,64999.77,64999.67,64999.57,64999.47,64999.369999999995,64999.27,64999.17]",65000.07,"[0.001,0.002,0.003,0.004,0.005,0.006,0.007,0.008,0.009000000000000001,0.01]",0.001,1417,mock,InstrumentType.Spot,613431488,mock,BTC-USDT
2199944884,0,0,1783610796357427620,101,depth,"[65000.28,65000.38,65000.48,65000.58,65000.68,65000.78,65000.88,65000.98,65001.08,65001.18]",65000.28,"[0.001,0.002,0.003,0.004,0.005,0.006,0.007,0.008,0.009000000000000001,0.01]",0.001,"[65000.08,64999.98,64999.88,64999.78,64999.68,64999.58,64999.48,64999.38,64999.28,64999.18]",65000.08,"[0.001,0.002,0.003,0.004,0.005,0.006,0.007,0.008,0.009000000000000001,0.01]",0.001,1418,mock,InstrumentType.Spot,613432048,mock,BTC-USDT
2199944884,0,0,1783610796357727632,101,depth,"[65000.29,65000.39,65000.490000000005,65000.590000000004,65000.69,65000.79,65000.89,65000.990000000005,65001.090000000004,65001.19]",65000.29,"[0.001,0.002,0.003,0.004,0.005,0.006,0.007,0.008,0.009000000000000001,0.01]",0.001,"[65000.090000000004,64999.990000000005,64999.89,64999.79,64999.69,64999.590000000004,64999.490000000005,64999.39,64999.29,64999.19]",65000.090000000004,"[0.001,0.002,0.003,0.004,0.005,0.006,0.007,0.008,0.009000000000000001,0.01]",0.001,1419,mock,InstrumentType.Spot,613432608,mock,BTC-USDT
2199944884,0,0,1783610796358027633,101,depth,"[65000.299999999996,65000.399999999994,65000.5,65000.6,65000.7,65000.799999999996,65000.899999999994,65001.0,65001.1,65001.2]",65000.299999999996,"[0.001,0.002,0.003,0.004,0.005,0.006,0.007,0.008,0.009000000000000001,0.01]",0.001,"[65000.1,65000.0,64999.899999999994,64999.799999999996,64999.7,64999.6,64999.5,64999.399999999994,64999.299999999996,64999.2]",65000.1,"[0.001,0.002,0.003,0.004,0.005,0.006,0.007,0.008,0.009000000000000001,0.01]",0.001,1420,mock,InstrumentType.Spot,613433168,mock,BTC-USDT
2199944884,0,0,1783610796358327651,101,depth,"[65000.31,65000.409999999996,65000.51,65000.61,65000.71,65000.81,65000.909999999996,65001.01,65001.11,65001.21]",65000.31,"[0.001,0.002,0.003,0.004,0.005,0.006,0.007,0.008,0.009000000000000001,0.01]",0.001,"[65000.11,65000.01,64999.909999999996,64999.81,64999.71,64999.61,64999.51,64999.409999999996,64999.31,64999.21]",65000.11,"[0.001,0.002,0.003,0.004,0.005,0.006,0.007,0.008,0.009000000000000001,0.01]",0.001,1421,mock,InstrumentType.Spot,613433728,mock,BTC-USDT
2199944884,0,0,1783610796358627620,101,depth,"[65000.32,65000.42,65000.520000000004,65000.62,65000.72,65000.82,65000.92,65001.020000000004,65001.12,65001.22]",65000.32,"[0.001,0.002,0.003,0.004,0.005,0.006,0.007,0.008,0.009000000000000001,0.01]",0.001,"[65000.12,65000.020000000004,64999.92,64999.82,64999.72,64999.62,64999.520000000004,64999.42,64999.32,64999.22]",65000.12,"[0.001,0.002,0.003,0.004,0.005,0.006,0.007,0.008,0.009000000000000001,0.01]",0.001,1422,mock,InstrumentType.Spot,613434288,mock,BTC-USDT
2199944884,0,0,1783610796358932861,101,depth,"[65000.33,65000.43,65000.530000000006,65000.630000000005,65000.73,65000.83,65000.93,65001.030000000006,65001.130000000005,65001.23]",65000.33,"[0.001,0.002,0.003,0.004,0.005,0.006,0.007,0.008,0.009000000000000001,0.01]",0.001,"[65000.130000000005,65000.030000000006,64999.93,64999.83,64999.73,64999.630000000005,64999.530000000006,64999.43,64999.33,64999.23]",65000.130000000005,"[0.001,0.002,0.003,0.004,0.005,0.006,0.007,0.008,0.009000000000000001,0.01]",0.001,1423,mock,InstrumentType.Spot,613434848,mock,BTC-USDT
2199944884,0,0,1783610796359228001,101,depth,"[65000.34,65000.439999999995,65000.54,65000.64,65000.74,65000.84,65000.939999999995,65001.04,65001.14,65001.24]",65000.34,"[0.001,0.002,0.003,0.004,0.005,0.006,0.007,0.008,0.009000000000000001,0.01]",0.001,"[65000.14,65000.04,64999.939999999995,64999.84,64999.74,64999.64,64999.54,64999.439999999995,64999.34,64999.24]",65000.14,"[0.001,0.002,0.003,0.004,0.005,0.006,0.007,0.008,0.009000000000000001,0.01]",0.001,1424,mock,InstrumentType.Spot,613435408,mock,BTC-USDT
2199944884,0,0,1783610796359527640,101,depth,"[65000.35,65000.45,65000.55,65000.65,65000.75,65000.85,65000.95,65001.05,65001.15,65001.25]",65000.35,"[0.001,0.002,0.003,0.004,0.005,0.006,0.007,0.008,0.009000000000000001,0.01]",0.001,"[65000.15,65000.05,64999.95,64999.85,64999.75,64999.65,64999.55,64999.45,64999.35,64999.25]",65000.15,"[0.001,0.002,0.003,0.004,0.005,0.006,0.007,0.008,0.009000000000000001,0.01]",0.001,1425,mock,InstrumentType.Spot,613435968,mock,BTC-USDT
2199944884,0,0,1783610796359827890,101,depth,"[65000.36,65000.46,65000.560000000005,65000.66,65000.76,65000.86,65000.96,65001.060000000005,65001.16,65001.26]",65000.36,"[0.001,0.002,0.003,0.004,0.005,0.006,0.007,0.008,0.009000000000000001,0.01]",0.001,"[65000.16,65000.060000000005,64999.96,64999.86,64999.76,64999.66,64999.560000000005,64999.46,64999.36,64999.26]",65000.16,"[0.001,0.002,0.003,0.004,0.005,0.006,0.007,0.008,0.009000000000000001,0.01]",0.001,1426,mock,InstrumentType.Spot,613528896,mock,BTC-USDT
2199944884,0,0,1783610796360127857,101,depth,"[65000.369999999995,65000.469999999994,65000.57,65000.67,65000.77,65000.869999999995,65000.969999999994,65001.07,65001.17,65001.27]",65000.369999999995,"[0.001,0.002,0.003,0.004,0.005,0.006,0.007,0.008,0.009000000000000001,0.01]",0.001,"[65000.17,65000.07,64999.969999999994,64999.869999999995,64999.77,64999.67,64999.57,64999.469999999994,64999.369999999995,64999.27]",65000.17,"[0.001,0.002,0.003,0.004,0.005,0.006,0.007,0.008,0.009000000000000001,0.01]",0.001,1427,mock,InstrumentType.Spot,613529424,mock,BTC-USDT
2199944884,0,0,1783610796360427722,101,depth,"[65000.38,65000.479999999996,65000.58,65000.68,65000.78,65000.88,65000.979999999996,65001.08,65001.18,65001.28]",65000.38,"[0.001,0.002,0.003,0.004,0.005,0.006,0.007,0.008,0.009000000000000001,0.01]",0.001,"[65000.18,65000.08,64999.979999999996,64999.88,64999.78,64999.68,64999.58,64999.479999999996,64999.38,64999.28]",65000.18,"[0.001,0.002,0.003,0.004,0.005,0.006,0.007,0.008,0.009000000000000001,0.01]",0.001,1428,mock,InstrumentType.Spot,613529984,mock,BTC-USDT
2199944884,0,0,1783610796360727715,101,depth,"[65000.39,65000.49,65000.590000000004,65000.69,65000.79,65000.89,65000.99,65001.090000000004,65001.19,65001.29]",65000.39,"[0.001,0.002,0.003,0.004,0.005,0.006,0.007,0.008,0.009000000000000001,0.01]",0.001,"[65000.19,65000.090000000004,64999.99,64999.89,64999.79,64999.69,64999.590000000004,64999.49,64999.39,64999.29]",65000.19,"[0.001,0.002,0.003,0.004,0.005,0.006,0.007,0.008,0.009000000000000001,0.01]",0.001,1429,mock,InstrumentType.Spot,613530544,mock,BTC-USDT
2199944884,0,0,1783610796361027707,101,depth,"[65000.4,65000.5,65000.600000000006,65000.700000000004,65000.8,65000.9,65001.0,65001.100000000006,65001.200000000004,65001.3]",65000.4,"[0.001,0.002,0.003,0.004,0.005,0.006,0.007,0.008,0.009000000000000001,0.01]",0.001,"[65000.200000000004,65000.100000000006,65000.0,64999.9,64999.8,64999.700000000004,64999.600000000006,64999.5,64999.4,64999.3]",65000.200000000004,"[0.001,0.002,0.003,0.004,0.005,0.006,0.007,0.008,0.009000000000000001,0.01]",0.001,1430,mock,InstrumentType.Spot,613531104,mock,BTC-USDT
2199944884,0,0,1783610796361327623,101,depth,"[65000.409999999996,65000.509999999995,65000.61,65000.71,65000.81,65000.909999999996,65001.009999999995,65001.11,65001.21,65001.31]",65000.409999999996,"[0.001,0.002,0.003,0.004,0.005,0.006,0.007,0.008,0.009000000000000001,0.01]",0.001,"[65000.21,65000.11,65000.009999999995,64999.909999999996,64999.81,64999.71,64999.61,64999.509999999995,64999.409999999996,64999.31]",65000.21,"[0.001,0.002,0.003,0.004,0.005,0.006,0.007,0.008,0.009000000000000001,0.01]",0.001,1431,mock,InstrumentType.Spot,613531664,mock,BTC-USDT
2199944884,0,0,1783610796361632551,101,depth,"[65000.42,65000.52,65000.62,65000.72,65000.82,65000.92,65001.02,65001.12,65001.22,65001.32]",65000.42,"[0.001,0.002,0.003,0.004,0.005,0.006,0.007,0.008,0.009000000000000001,0.01]",0.001,"[65000.22,65000.12,65000.02,64999.92,64999.82,64999.72,64999.62,64999.52,64999.42,64999.32]",65000.22,"[0.001,0.002,0.003,0.004,0.005,0.006,0.007,0.008,0.009000000000000001,0.01]",0.001,1432,mock,InstrumentType.Spot,613532224,mock,BTC-USDT
2199944884,0,0,1783610796361927729,101,depth,"[65000.43,65000.53,65000.630000000005,65000.73,65000.83,65000.93,65001.03,65001.130000000005,65001.23,65001.33]",65000.43,"[0.001,0.002,0.003,0.004,0.005,0.006,0.007,0.008,0.009000000000000001,0.01]",0.001,"[65000.23,65000.130000000005,65000.03,64999.93,64999.83,64999.73,64999.630000000005,64999.53,64999.43,64999.33]",65000.23,"[0.001,0.002,0.003,0.004,0.005,0.006,0.007,0.008,0.009000000000000001,0.01]",0.001,1433,mock,InstrumentType.Spot,613532784,mock,BTC-USDT
2199944884,0,0,1783610796362227488,101,depth,"[65000.439999999995,65000.53999999999,65000.64,65000.74,65000.84,65000.939999999995,65001.03999999999,65001.14,65001.24,65001.34]",65000.439999999995,"[0.001,0.002,0.003,0.004,0.005,0.006,0.007,0.008,0.009000000000000001,0.01]",0.001,"[65000.24,65000.14,65000.03999999999,64999.939999999995,64999.84,64999.74,64999.64,64999.53999999999,64999.439999999995,64999.34]",65000.24,"[0.001,0.002,0.003,0.004,0.005,0.006,0.007,0.008,0.009000000000000001,0.01]",0.001,1434,mock,InstrumentType.Spot,613533344,mock,BTC-USDT
2199944884,0,0,1783610796362527524,101,depth,"[65000.45,65000.549999999996,65000.65,65000.75,65000.85,65000.95,65001.049999999996,65001.15,65001.25,65001.35]",65000.45,"[0.001,0.002,0.003,0.004,0.005,0.006,0.007,0.008,0.009000000000000001,0.01]",0.001,"[65000.25,65000.15,65000.049999999996,64999.95,64999.85,64999.75,64999.65,64999.549999999996,64999.45,64999.35]",65000.25,"[0.001,0.002,0.003,0.004,0.005,0.006,0.007,0.008,0.009000000000000001,0.01]",0.001,1435,mock,InstrumentType.Spot,613533904,mock,BTC-USDT
2199944884,0,0,1783610796362834728,101,depth,"[65000.46,65000.56,65000.66,65000.76,65000.86,65000.96,65001.06,65001.16,65001.26,65001.36]",65000.46,"[0.001,0.002,0.003,0.004,0.005,0.006,0.007,0.008,0.009000000000000001,0.01]",0.001,"[65000.26,65000.16,65000.06,64999.96,64999.86,64999.76,64999.66,64999.56,64999.46,64999.36]",65000.26,"[0.001,0.002,0.003,0.004,0.005,0.006,0.007,0.008,0.009000000000000001,0.01]",0.001,1436,mock,InstrumentType.Spot,613534464,mock,BTC-USDT
2199944884,0,0,1783610796363132029,101,depth,"[65000.47,65000.57,65000.670000000006,65000.770000000004,65000.87,65000.97,65001.07,65001.170000000006,65001.270000000004,65001.37]",65000.47,"[0.001,0.002,0.003,0.004,0.005,0.006,0.007,0.008,0.009000000000000001,0.01]",0.001,"[65000.270000000004,65000.170000000006,65000.07,64999.97,64999.87,64999.770000000004,64999.670000000006,64999.57,64999.47,64999.37]",65000.270000000004,"[0.001,0.002,0.003,0.004,0.005,0.006,0.007,0.008,0.009000000000000001,0.01]",0.001,1437,mock,InstrumentType.Spot,613535024,mock,BTC-USDT
2199944884,0,0,1783610796363428137,101,depth,"[65000.479999999996,65000.579999999994,65000.68,65000.78,65000.88,65000.979999999996,65001.079999999994,65001.18,65001.28,65001.38]",65000.479999999996,"[0.001,0.002,0.003,0.004,0.005,0.006,0.007,0.008,0.009000000000000001,0.01]",0.001,"[65000.28,65000.18,65000.079999999994,64999.979999999996,64999.88,64999.78,64999.68,64999.579999999994,64999.479999999996,64999.38]",65000.28,"[0.001,0.002,0.003,0.004,0.005,0.006,0.007,0.008,0.009000000000000001,0.01]",0.001,1438,mock,InstrumentType.Spot,613535584,mock,BTC-USDT
2199944884,0,0,1783610796363727574,101,depth,"[65000.49,65000.59,65000.69,65000.79,65000.89,65000.99,65001.09,65001.19,65001.29,65001.39]",65000.49,"[0.001,0.002,0.003,0.004,0.005,0.006,0.007,0.008,0.009000000000000001,0.01]",0.001,"[65000.29,65000.19,65000.09,64999.99,64999.89,64999.79,64999.69,64999.59,64999.49,64999.39]",65000.29,"[0.001,0.002,0.003,0.004,0.005,0.006,0.007,0.008,0.009000000000000001,0.01]",0.001,1439,mock,InstrumentType.Spot,613536144,mock,BTC-USDT
2199944884,0,0,1783610796364027747,101,depth,"[65000.5,65000.6,65000.700000000004,65000.8,65000.9,65001.0,65001.1,65001.200000000004,65001.3,65001.4]",65000.5,"[0.001,0.002,0.003,0.004,0.005,0.006,0.007,0.008,0.009000000000000001,0.01]",0.001,"[65000.3,65000.200000000004,65000.1,65000.0,64999.9,64999.8,64999.700000000004,64999.6,64999.5,64999.4]",65000.3,"[0.001,0.002,0.003,0.004,0.005,0.006,0.007,0.008,0.009000000000000001,0.01]",0.001,1440,mock,InstrumentType.Spot,613536704,mock,BTC-USDT
2199944884,0,0,1783610796364329019,101,depth,"[65000.51,65000.61,65000.71000000001,65000.810000000005,65000.91,65001.01,65001.11,65001.21000000001,65001.310000000005,65001.41]",65000.51,"[0.001,0.002,0.003,0.004,0.005,0.006,0.007,0.008,0.009000000000000001,0.01]",0.001,"[65000.310000000005,65000.21000000001,65000.11,65000.01,64999.91,64999.810000000005,64999.71000000001,64999.61,64999.51,64999.41]",65000.310000000005,"[0.001,0.002,0.003,0.004,0.005,0.006,0.007,0.008,0.009000000000000001,0.01]",0.001,1441,mock,InstrumentType.Spot,613537264,mock,BTC-USDT
2199944884,0,0,1783610796364644197,101,depth,"[65000.52,65000.619999999995,65000.72,65000.82,65000.92,65001.02,65001.119999999995,65001.22,65001.32,65001.42]",65000.52,"[0.001,0.002,0.003,0.004,0.005,0.006,0.007,0.008,0.009000000000000001,0.01]",0.001,"[65000.32,65000.22,65000.119999999995,65000.02,64999.92,64999.82,64999.72,64999.619999999995,64999.52,64999.42]",65000.32,"[0.001,0.002,0.003,0.004,0.005,0.006,0.007,0.008,0.009000000000000001,0.01]",0.001,1442,mock,InstrumentType.Spot,613537824,mock,BTC-USDT
2199944884,0,0,1783610796364928927,101,depth,"[65000.53,65000.63,65000.73,65000.83,65000.93,65001.03,65001.13,65001.23,65001.33,65001.43]",65000.53,"[0.001,0.002,0.003,0.004,0.005,0.006,0.007,0.008,0.009000000000000001,0.01]",0.001,"[65000.33,65000.23,65000.13,65000.03,64999.93,64999.83,64999.73,64999.63,64999.53,64999.43]",65000.33,"[0.001,0.002,0.003,0.004,0.005,0.006,0.007,0.008,0.009000000000000001,0.01]",0.001,1443,mock,InstrumentType.Spot,613538384,mock,BTC-USDT
2199944884,0,0,1783610796365227724,101,depth,"[65000.54,65000.64,65000.740000000005,65000.840000000004,65000.94,65001.04,65001.14,65001.240000000005,65001.340000000004,65001.44]",65000.54,"[0.001,0.002,0.003,0.004,0.005,0.006,0.007,0.008,0.009000000000000001,0.01]",0.001,"[65000.340000000004,65000.240000000005,65000.14,65000.04,64999.94,64999.840000000004,64999.740000000005,64999.64,64999.54,64999.44]",65000.340000000004,"[0.001,0.002,0.003,0.004,0.005,0.006,0.007,0.008,0.009000000000000001,0.01]",0.001,1444,mock,InstrumentType.Spot,613538944,mock,BTC-USDT
2199944884,0,0,1783610796365527437,101,depth,"[65000.549999999996,65000.649999999994,65000.75,65000.85,65000.95,65001.049999999996,65001.149999999994,65001.25,65001.35,65001.45]",65000.549999999996,"[0.001,0.002,0.003,0.004,0.005,0.006,0.007,0.008,0.009000000000000001,0.01]",0.001,"[65000.35,65000.25,65000.149999999994,65000.049999999996,64999.95,64999.85,64999.75,64999.649999999994,64999.549999999996,64999.45]",65000.35,"[0.001,0.002,0.003,0.004,0.005,0.006,0.007,0.008,0.009000000000000001,0.01]",0.001,1445,mock,InstrumentType.Spot,613539504,mock,BTC-USDT
2199944884,0,0,1783610796365827636,101,depth,"[65000.56,65000.659999999996,65000.76,65000.86,65000.96,65001.06,65001.159999999996,65001.26,65001.36,65001.46]",65000.56,"[0.001,0.002,0.003,0.004,0.005,0.006,0.007,0.008,0.009000000000000001,0.01]",0.001,"[65000.36,65000.26,65000.159999999996,65000.06,64999.96,64999.86,64999.76,64999.659999999996,64999.56,64999.46]",65000.36,"[0.001,0.002,0.003,0.004,0.005,0.006,0.007,0.008,0.009000000000000001,0.01]",0.001,1446,mock,InstrumentType.Spot,613540064,mock,BTC-USDT
2199944884,0,0,1783610796366129307,101,depth,"[65000.57,65000.67,65000.770000000004,65000.87,65000.97,65001.07,65001.17,65001.270000000004,65001.37,65001.47]",65000.57,"[0.001,0.002,0.003,0.004,0.005,0.006,0.007,0.008,0.009000000000000001,0.01]",0.001,"[65000.37,65000.270000000004,65000.17,65000.07,64999.97,64999.87,64999.770000000004,64999.67,64999.57,64999.47]",65000.37,"[0.001,0.002,0.003,0.004,0.005,0.006,0.007,0.008,0.009000000000000001,0.01]",0.001,1447,mock,InstrumentType.Spot,613540624,mock,BTC-USDT
2199944884,0,0,1783610796366428137,101,depth,"[65000.58,65000.68,65000.780000000006,65000.880000000005,65000.98,65001.08,65001.18,65001.280000000006,65001.380000000005,65001.48]",65000.58,"[0.001,0.002,0.003,0.004,0.005,0.006,0.007,0.008,0.009000000000000001,0.01]",0.001,"[65000.380000000005,65000.280000000006,65000.18,65000.08,64999.98,64999.880000000005,64999.780000000006,64999.68,64999.58,64999.48]",65000.380000000005,"[0.001,0.002,0.003,0.004,0.005,0.006,0.007,0.008,0.009000000000000001,0.01]",0.001,1448,mock,InstrumentType.Spot,613541184,mock,BTC-USDT
2199944884,0,0,1783610796366728247,101,depth,"[65000.59,65000.689999999995,65000.79,65000.89,65000.99,65001.09,65001.189999999995,65001.29,65001.39,65001.49]",65000.59,"[0.001,0.002,0.003,0.004,0.005,0.006,0.007,0.008,0.009000000000000001,0.01]",0.001,"[65000.39,65000.29,65000.189999999995,65000.09,64999.99,64999.89,64999.79,64999.689999999995,64999.59,64999.49]",65000.39,"[0.001,0.002,0.003,0.004,0.005,0.006,0.007,0.008,0.009000000000000001,0.01]",0.001,1449,mock,InstrumentType.Spot,613541744,mock,BTC-USDT
2199944884,0,0,1783610796367027723,101,depth,"[65000.6,65000.7,65000.8,65000.9,65001.0,65001.1,65001.2,65001.3,65001.4,65001.5]",65000.6,"[0.001,0.002,0.003,0.004,0.005,0.006,0.007,0.008,0.009000000000000001,0.01]",0.001,"[65000.4,65000.3,65000.2,65000.1,65000.0,64999.9,64999.8,64999.7,64999.6,64999.5]",65000.4,"[0.001,0.002,0.003,0.004,0.005,0.006,0.007,0.008,0.009000000000000001,0.01]",0.001,1450,mock,InstrumentType.Spot,613542304,mock,BTC-USDT
2199944884,0,0,1783610796367327962,101,depth,"[65000.61,65000.71,65000.810000000005,65000.91,65001.01,65001.11,65001.21,65001.310000000005,65001.41,65001.51]",65000.61,"[0.001,0.002,0.003,0.004,0.005,0.006,0.007,0.008,0.009000000000000001,0.01]",0.001,"[65000.41,65000.310000000005,65000.21,65000.11,65000.01,64999.91,64999.810000000005,64999.71,64999.61,64999.51]",65000.41,"[0.001,0.002,0.003,0.004,0.005,0.006,0.007,0.008,0.009000000000000001,0.01]",0.001,1451,mock,InstrumentType.Spot,613542864,mock,BTC-USDT
2199944884,0,0,1783610796367647866,101,depth,"[65000.619999999995,65000.719999999994,65000.82,65000.92,65001.02,65001.119999999995,65001.219999999994,65001.32,65001.42,65001.52]",65000.619999999995,"[0.001,0.002,0.003,0.004,0.005,0.006,0.007,0.008,0.009000000000000001,0.01]",0.001,"[65000.42,65000.32,65000.219999999994,65000.119999999995,65000.02,64999.92,64999.82,64999.719999999994,64999.619999999995,64999.52]",65000.42,"[0.001,0.002,0.003,0.004,0.005,0.006,0.007,0.008,0.009000000000000001,0.01]",0.001,1452,mock,InstrumentType.Spot,613543424,mock,BTC-USDT
2199944884,0,0,1783610796367928059,101,depth,"[65000.63,65000.729999999996,65000.83,65000.93,65001.03,65001.13,65001.229999999996,65001.33,65001.43,65001.53]",65000.63,"[0.001,0.002,0.003,0.004,0.005,0.006,0.007,0.008,0.009000000000000001,0.01]",0.001,"[65000.43,65000.33,65000.229999999996,65000.13,65000.03,64999.93,64999.83,64999.729999999996,64999.63,64999.53]",65000.43,"[0.001,0.002,0.003,0.004,0.005,0.006,0.007,0.008,0.009000000000000001,0.01]",0.001,1453,mock,InstrumentType.Spot,613543984,mock,BTC-USDT
2199944884,0,0,1783610796368228001,101,depth,"[65000.64,65000.74,65000.840000000004,65000.94,65001.04,65001.14,65001.24,65001.340000000004,65001.44,65001.54]",65000.64,"[0.001,0.002,0.003,0.004,0.005,0.006,0.007,0.008,0.009000000000000001,0.01]",0.001,"[65000.44,65000.340000000004,65000.24,65000.14,65000.04,64999.94,64999.840000000004,64999.74,64999.64,64999.54]",65000.44,"[0.001,0.002,0.003,0.004,0.005,0.006,0.007,0.008,0.009000000000000001,0.01]",0.001,1454,mock,InstrumentType.Spot,613544544,mock,BTC-USDT
2199944884,0,0,1783610796368528079,101,depth,"[65000.65,65000.75,65000.850000000006,65000.950000000004,65001.05,65001.15,65001.25,65001.350000000006,65001.450000000004,65001.55]",65000.65,"[0.001,0.002,0.003,0.004,0.005,0.006,0.007,0.008,0.009000000000000001,0.01]",0.001,"[65000.450000000004,65000.350000000006,65000.25,65000.15,65000.05,64999.950000000004,64999.850000000006,64999.75,64999.65,64999.55]",65000.450000000004,"[0.001,0.002,0.003,0.004,0.005,0.006,0.007,0.008,0.009000000000000001,0.01]",0.001,1455,mock,InstrumentType.Spot,613545104,mock,BTC-USDT
2199944884,0,0,1783610796368827692,101,depth,"[65000.659999999996,65000.759999999995,65000.86,65000.96,65001.06,65001.159999999996,65001.259999999995,65001.36,65001.46,65001.56]",65000.659999999996,"[0.001,0.002,0.003,0.004,0.005,0.006,0.007,0.008,0.009000000000000001,0.01]",0.001,"[65000.46,65000.36,65000.259999999995,65000.159999999996,65000.06,64999.96,64999.86,64999.759999999995,64999.659999999996,64999.56]",65000.46,"[0.001,0.002,0.003,0.004,0.005,0.006,0.007,0.008,0.009000000000000001,0.01]",0.001,1456,mock,InstrumentType.Spot,613545664,mock,BTC-USDT
2199944884,0,0,1783610796369127713,101,depth,"[65000.67,65000.77,65000.87,65000.97,65001.07,65001.17,65001.27,65001.37,65001.47,65001.57]",65000.67,"[0.001,0.002,0.003,0.004,0.005,0.006,0.007,0.008,0.009000000000000001,0.01]",0.001,"[65000.47,65000.37,65000.27,65000.17,65000.07,64999.97,64999.87,64999.77,64999.67,64999.57]",65000.47,"[0.001,0.002,0.003,0.004,0.005,0.006,0.007,0.008,0.009000000000000001,0.01]",0.001,1457,mock,InstrumentType.Spot,613546224,mock,BTC-USDT
2199944884,0,0,1783610796369427608,101,depth,"[65000.68,65000.78,65000.880000000005,65000.98,65001.08,65001.18,65001.28,65001.380000000005,65001.48,65001.58]",65000.68,"[0.001,0.002,0.003,0.004,0.005,0.006,0.007,0.008,0.009000000000000001,0.01]",0.001,"[65000.48,65000.380000000005,65000.28,65000.18,65000.08,64999.98,64999.880000000005,64999.78,64999.68,64999.58]",65000.48,"[0.001,0.002,0.003,0.004,0.005,0.006,0.007,0.008,0.009000000000000001,0.01]",0.001,1458,mock,InstrumentType.Spot,613546784,mock,BTC-USDT
2199944884,0,0,1783610796369727886,101,depth,"[65000.689999999995,65000.78999999999,65000.89,65000.99,65001.09,65001.189999999995,65001.28999999999,65001.39,65001.49,65001.59]",65000.689999999995,"[0.001,0.002,0.003,0.004,0.005,0.006,0.007,0.008,0.009000000000000001,0.01]",0.001,"[65000.49,65000.39,65000.28999999999,65000.189999999995,65000.09,64999.99,64999.89,64999.78999999999,64999.689999999995,64999.59]",65000.49,"[0.001,0.002,0.003,0.004,0.005,0.006,0.007,0.008,0.009000000000000001,0.01]",0.001,1459,mock,InstrumentType.Spot,613547344,mock,BTC-USDT
2199944884,0,0,1783610796370027845,101,depth,"[65000.7,65000.799999999996,65000.9,65001.0,65001.1,65001.2,65001.299999999996,65001.4,65001.5,65001.6]",65000.7,"[0.001,0.002,0.003,0.004,0.005,0.006,0.007,0.008,0.009000000000000001,0.01]",0.001,"[65000.5,65000.4,65000.299999999996,65000.2,65000.1,65000.0,64999.9,64999.799999999996,64999.7,64999.6]",65000.5,"[0.001,0.002,0.003,0.004,0.005,0.006,0.007,0.008,0.009000000000000001,0.01]",0.001,1460,mock,InstrumentType.Spot,613547904,mock,BTC-USDT
2199944884,0,0,1783610796370339408,101,depth,"[65000.71,65000.81,65000.91,65001.01,65001.11,65001.21,65001.31,65001.41,65001.51,65001.61]",65000.71,"[0.001,0.002,0.003,0.004,0.005,0.006,0.007,0.008,0.009000000000000001,0.01]",0.001,"[65000.51,65000.41,65000.31,65000.21,65000.11,65000.01,64999.91,64999.81,64999.71,64999.61]",65000.51,"[0.001,0.002,0.003,0.004,0.005,0.006,0.007,0.008,0.009000000000000001,0.01]",0.001,1461,mock,InstrumentType.Spot,613548464,mock,BTC-USDT
2199944884,0,0,1783610796370627742,101,depth,"[65000.72,65000.82,65000.920000000006,65001.020000000004,65001.12,65001.22,65001.32,65001.420000000006,65001.520000000004,65001.62]",65000.72,"[0.001,0.002,0.003,0.004,0.005,0.006,0.007,0.008,0.009000000000000001,0.01]",0.001,"[65000.520000000004,65000.420000000006,65000.32,65000.22,65000.12,65000.020000000004,64999.920000000006,64999.82,64999.72,64999.62]",65000.520000000004,"[0.001,0.002,0.003,0.004,0.005,0.006,0.007,0.008,0.009000000000000001,0.01]",0.001,1462,mock,InstrumentType.Spot,613549024,mock,BTC-USDT
2199944884,0,0,1783610796370927558,101,depth,"[65000.729999999996,65000.829999999994,65000.93,65001.03,65001.13,65001.229999999996,65001.329999999994,65001.43,65001.53,65001.63]",65000.729999999996,"[0.001,0.002,0.003,0.004,0.005,0.006,0.007,0.008,0.009000000000000001,0.01]",0.001,"[65000.53,65000.43,65000.329999999994,65000.229999999996,65000.13,65000.03,64999.93,64999.829999999994,64999.729999999996,64999.63]",65000.53,"[0.001,0.002,0.003,0.004,0.005,0.006,0.007,0.008,0.009000000000000001,0.01]",0.001,1463,mock,InstrumentType.Spot,613549584,mock,BTC-USDT
2199944884,0,0,1783610796371227796,101,depth,"[65000.74,65000.84,65000.94,65001.04,65001.14,65001.24,65001.34,65001.44,65001.54,65001.64]",65000.74,"[0.001,0.002,0.003,0.004,0.005,0.006,0.007,0.008,0.009000000000000001,0.01]",0.001,"[65000.54,65000.44,65000.34,65000.24,65000.14,65000.04,64999.94,64999.84,64999.74,64999.64]",65000.54,"[0.001,0.002,0.003,0.004,0.005,0.006,0.007,0.008,0.009000000000000001,0.01]",0.001,1464,mock,InstrumentType.Spot,613550144,mock,BTC-USDT
2199944884,0,0,1783610796371527647,101,depth,"[65000.75,65000.85,65000.950000000004,65001.05,65001.15,65001.25,65001.35,65001.450000000004,65001.55,65001.65]",65000.75,"[0.001,0.002,0.003,0.004,0.005,0.006,0.007,0.008,0.009000000000000001,0.01]",0.001,"[65000.55,65000.450000000004,65000.35,65000.25,65000.15,65000.05,64999.950000000004,64999.85,64999.75,64999.65]",65000.55,"[0.001,0.002,0.003,0.004,0.005,0.006,0.007,0.008,0.009000000000000001,0.01]",0.001,1465,mock,InstrumentType.Spot,613550704,mock,BTC-USDT
2199944884,0,0,1783610796371827928,101,depth,"[65000.76,65000.86,65000.96000000001,65001.060000000005,65001.16,65001.26,65001.36,65001.46000000001,65001.560000000005,65001.66]",65000.76,"[0.001,0.002,0.003,0.004,0.005,0.006,0.007,0.008,0.009000000000000001,0.01]",0.001,"[65000.560000000005,65000.46000000001,65000.36,65000.26,65000.16,65000.060000000005,64999.96000000001,64999.86,64999.76,64999.66]",65000.560000000005,"[0.001,0.002,0.003,0.004,0.005,0.006,0.007,0.008,0.009000000000000001,0.01]",0.001,1466,mock,InstrumentType.Spot,613551264,mock,BTC-USDT
2199944884,0,0,1783610796372129684,101,depth,"[65000.77,65000.869999999995,65000.97,65001.07,65001.17,65001.27,65001.369999999995,65001.47,65001.57,65001.67]",65000.77,"[0.001,0.002,0.003,0.004,0.005,0.006,0.007,0.008,0.009000000000000001,0.01]",0.001,"[65000.57,65000.47,65000.369999999995,65000.27,65000.17,65000.07,64999.97,64999.869999999995,64999.77,64999.67]",65000.57,"[0.001,0.002,0.003,0.004,0.005,0.006,0.007,0.008,0.009000000000000001,0.01]",0.001,1467,mock,InstrumentType.Spot,613551824,mock,BTC-USDT
2199944884,0,0,1783610796372428007,101,depth,"[65000.78,65000.88,65000.98,65001.08,65001.18,65001.28,65001.38,65001.48,65001.58,65001.68]",65000.78,"[0.001,0.002,0.003,0.004,0.005,0.006,0.007,0.008,0.009000000000000001,0.01]",0.001,"[65000.58,65000.48,65000.38,65000.28,65000.18,65000.08,64999.98,64999.88,64999.78,64999.68]",65000.58,"[0.001,0.002,0.003,0.004,0.005,0.006,0.007,0.008,0.009000000000000001,0.01]",0.001,1468,mock,InstrumentType.Spot,613552384,mock,BTC-USDT
2199944884,0,0,1783610796372727654,101,depth,"[65000.79,65000.89,65000.990000000005,65001.090000000004,65001.19,65001.29,65001.39,65001.490000000005,65001.590000000004,65001.69]",65000.79,"[0.001,0.002,0.003,0.004,0.005,0.006,0.007,0.008,0.009000000000000001,0.01]",0.001,"[65000.590000000004,65000.490000000005,65000.39,65000.29,65000.19,65000.090000000004,64999.990000000005,64999.89,64999.79,64999.69]",65000.590000000004,"[0.001,0.002,0.003,0.004,0.005,0.006,0.007,0.008,0.009000000000000001,0.01]",0.001,1469,mock,InstrumentType.Spot,613552944,mock,BTC-USDT
2199944884,0,0,1783610796373035281,101,depth,"[65000.799999999996,65000.899999999994,65001.0,65001.1,65001.2,65001.299999999996,65001.399999999994,65001.5,65001.6,65001.7]",65000.799999999996,"[0.001,0.002,0.003,0.004,0.005,0.006,0.007,0.008,0.009000000000000001,0.01]",0.001,"[65000.6,65000.5,65000.399999999994,65000.299999999996,65000.2,65000.1,65000.0,64999.899999999994,64999.799999999996,64999.7]",65000.6,"[0.001,0.002,0.003,0.004,0.005,0.006,0.007,0.008,0.009000000000000001,0.01]",0.001,1470,mock,InstrumentType.Spot,613553504,mock,BTC-USDT
2199944884,0,0,1783610796373348872,101,depth,"[65000.81,65000.909999999996,65001.01,65001.11,65001.21,65001.31,65001.409999999996,65001.51,65001.61,65001.71]",65000.81,"[0.001,0.002,0.003,0.004,0.005,0.006,0.007,0.008,0.009000000000000001,0.01]",0.001,"[65000.61,65000.51,65000.409999999996,65000.31,65000.21,65000.11,65000.01,64999.909999999996,64999.81,64999.71]",65000.61,"[0.001,0.002,0.003,0.004,0.005,0.006,0.007,0.008,0.009000000000000001,0.01]",0.001,1471,mock,InstrumentType.Spot,613554064,mock,BTC-USDT
2199944884,0,0,1783610796373628230,101,depth,"[65000.82,65000.92,65001.020000000004,65001.12,65001.22,65001.32,65001.42,65001.520000000004,65001.62,65001.72]",65000.82,"[0.001,0.002,0.003,0.004,0.005,0.006,0.007,0.008,0.009000000000000001,0.01]",0.001,"[65000.62,65000.520000000004,65000.42,65000.32,65000.22,65000.12,65000.020000000004,64999.92,64999.82,64999.72]",65000.62,"[0.001,0.002,0.003,0.004,0.005,0.006,0.007,0.008,0.009000000000000001,0.01]",0.001,1472,mock,InstrumentType.Spot,613554624,mock,BTC-USDT
2199944884,0,0,1783610796373927755,101,depth,"[65000.83,65000.93,65001.030000000006,65001.130000000005,65001.23,65001.33,65001.43,65001.530000000006,65001.630000000005,65001.73]",65000.83,"[0.001,0.002,0.003,0.004,0.005,0.006,0.007,0.008,0.009000000000000001,0.01]",0.001,"[65000.630000000005,65000.530000000006,65000.43,65000.33,65000.23,65000.130000000005,65000.030000000006,64999.93,64999.83,64999.73]",65000.630000000005,"[0.001,0.002,0.003,0.004,0.005,0.006,0.007,0.008,0.009000000000000001,0.01]",0.001,1473,mock,InstrumentType.Spot,613555184,mock,BTC-USDT
2199944884,0,0,1783610796374227683,101,depth,"[65000.84,65000.939999999995,65001.04,65001.14,65001.24,65001.34,65001.439999999995,65001.54,65001.64,65001.74]",65000.84,"[0.001,0.002,0.003,0.004,0.005,0.006,0.007,0.008,0.009000000000000001,0.01]",0.001,"[65000.64,65000.54,65000.439999999995,65000.34,65000.24,65000.14,65000.04,64999.939999999995,64999.84,64999.74]",65000.64,"[0.001,0.002,0.003,0.004,0.005,0.006,0.007,0.008,0.009000000000000001,0.01]",0.001,1474,mock,InstrumentType.Spot,613555744,mock,BTC-USDT
2199944884,0,0,1783610796374528552,101,depth,"[65000.85,65000.95,65001.05,65001.15,65001.25,65001.35,65001.45,65001.55,65001.65,65001.75]",65000.85,"[0.001,0.002,0.003,0.004,0.005,0.006,0.007,0.008,0.009000000000000001,0.01]",0.001,"[65000.65,65000.55,65000.45,65000.35,65000.25,65000.15,65000.05,64999.95,64999.85,64999.75]",65000.65,"[0.001,0.002,0.003,0.004,0.005,0.006,0.007,0.008,0.009000000000000001,0.01]",0.001,1475,mock,InstrumentType.Spot,613556304,mock,BTC-USDT
2199944884,0,0,1783610796374829626,101,depth,"[65000.86,65000.96,65001.060000000005,65001.16,65001.26,65001.36,65001.46,65001.560000000005,65001.66,65001.76]",65000.86,"[0.001,0.002,0.003,0.004,0.005,0.006,0.007,0.008,0.009000000000000001,0.01]",0.001,"[65000.66,65000.560000000005,65000.46,65000.36,65000.26,65000.16,65000.060000000005,64999.96,64999.86,64999.76]",65000.66,"[0.001,0.002,0.003,0.004,0.005,0.006,0.007,0.008,0.009000000000000001,0.01]",0.001,1476,mock,InstrumentType.Spot,613556864,mock,BTC-USDT
2199944884,0,0,1783610796375131595,101,depth,"[65000.869999999995,65000.969999999994,65001.07,65001.17,65001.27,65001.369999999995,65001.469999999994,65001.57,65001.67,65001.77]",65000.869999999995,"[0.001,0.002,0.003,0.004,0.005,0.006,0.007,0.008,0.009000000000000001,0.01]",0.001,"[65000.67,65000.57,65000.469999999994,65000.369999999995,65000.27,65000.17,65000.07,64999.969999999994,64999.869999999995,64999.77]",65000.67,"[0.001,0.002,0.003,0.004,0.005,0.006,0.007,0.008,0.009000000000000001,0.01]",0.001,1477,mock,InstrumentType.Spot,613557424,mock,BTC-USDT
2199944884,0,0,1783610796375428869,101,depth,"[65000.88,65000.979999999996,65001.08,65001.18,65001.28,65001.38,65001.479999999996,65001.58,65001.68,65001.78]",65000.88,"[0.001,0.002,0.003,0.004,0.005,0.006,0.007,0.008,0.009000000000000001,0.01]",0.001,"[65000.68,65000.58,65000.479999999996,65000.38,65000.28,65000.18,65000.08,64999.979999999996,64999.88,64999.78]",65000.68,"[0.001,0.002,0.003,0.004,0.005,0.006,0.007,0.008,0.009000000000000001,0.01]",0.001,1478,mock,InstrumentType.Spot,613557984,mock,BTC-USDT
2199944884,0,0,1783610796375727977,101,depth,"[65000.89,65000.99,65001.090000000004,65001.19,65001.29,65001.39,65001.49,65001.590000000004,65001.69,65001.79]",65000.89,"[0.001,0.002,0.003,0.004,0.005,0.006,0.007,0.008,0.009000000000000001,0.01]",0.001,"[65000.69,65000.590000000004,65000.49,65000.39,65000.29,65000.19,65000.090000000004,64999.99,64999.89,64999.79]",65000.69,"[0.001,0.002,0.003,0.004,0.005,0.006,0.007,0.008,0.009000000000000001,0.01]",0.001,1479,mock,InstrumentType.Spot,613558544,mock,BTC-USDT
2199944884,0,0,1783610796376054801,101,depth,"[65000.9,65001.0,65001.100000000006,65001.200000000004,65001.3,65001.4,65001.5,65001.600000000006,65001.700000000004,65001.8]",65000.9,"[0.001,0.002,0.003,0.004,0.005,0.006,0.007,0.008,0.009000000000000001,0.01]",0.001,"[65000.700000000004,65000.600000000006,65000.5,65000.4,65000.3,65000.200000000004,65000.100000000006,65000.0,64999.9,64999.8]",65000.700000000004,"[0.001,0.002,0.003,0.004,0.005,0.006,0.007,0.008,0.009000000000000001,0.01]",0.001,1480,mock,InstrumentType.Spot,613559104,mock,BTC-USDT
2199944884,0,0,1783610796376328990,101,depth,"[65000.909999999996,65001.009999999995,65001.11,65001.21,65001.31,65001.409999999996,65001.509999999995,65001.61,65001.71,65001.81]",65000.909999999996,"[0.001,0.002,0.003,0.004,0.005,0.006,0.007,0.008,0.009000000000000001,0.01]",0.001,"[65000.71,65000.61,65000.509999999995,65000.409999999996,65000.31,65000.21,65000.11,65000.009999999995,64999.909999999996,64999.81]",65000.71,"[0.001,0.002,0.003,0.004,0.005,0.006,0.007,0.008,0.009000000000000001,0.01]",0.001,1481,mock,InstrumentType.Spot,613559664,mock,BTC-USDT
2199944884,0,0,1783610796376634567,101,depth,"[65000.92,65001.02,65001.12,65001.22,65001.32,65001.42,65001.52,65001.62,65001.72,65001.82]",65000.92,"[0.001,0.002,0.003,0.004,0.005,0.006,0.007,0.008,0.009000000000000001,0.01]",0.001,"[65000.72,65000.62,65000.52,65000.42,65000.32,65000.22,65000.12,65000.02,64999.92,64999.82]",65000.72,"[0.001,0.002,0.003,0.004,0.005,0.006,0.007,0.008,0.009000000000000001,0.01]",0.001,1482,mock,InstrumentType.Spot,613560224,mock,BTC-USDT
2199944884,0,0,1783610796376928690,101,depth,"[65000.93,65001.03,65001.130000000005,65001.23,65001.33,65001.43,65001.53,65001.630000000005,65001.73,65001.83]",65000.93,"[0.001,0.002,0.003,0.004,0.005,0.006,0.007,0.008,0.009000000000000001,0.01]",0.001,"[65000.73,65000.630000000005,65000.53,65000.43,65000.33,65000.23,65000.130000000005,65000.03,64999.93,64999.83]",65000.73,"[0.001,0.002,0.003,0.004,0.005,0.006,0.007,0.008,0.009000000000000001,0.01]",0.001,1483,mock,InstrumentType.Spot,613560784,mock,BTC-USDT
2199944884,0,0,1783610796377228237,101,depth,"[65000.939999999995,65001.03999999999,65001.14,65001.24,65001.34,65001.439999999995,65001.53999999999,65001.64,65001.74,65001.84]",65000.939999999995,"[0.001,0.002,0.003,0.004,0.005,0.006,0.007,0.008,0.009000000000000001,0.01]",0.001,"[65000.74,65000.64,65000.53999999999,65000.439999999995,65000.34,65000.24,65000.14,65000.03999999999,64999.939999999995,64999.84]",65000.74,"[0.001,0.002,0.003,0.004,0.005,0.006,0.007,0.008,0.009000000000000001,0.01]",0.001,1484,mock,InstrumentType.Spot,613561344,mock,BTC-USDT
2199944884,0,0,1783610796377528210,101,depth,"[65000.95,65001.049999999996,65001.15,65001.25,65001.35,65001.45,65001.549999999996,65001.65,65001.75,65001.85]",65000.95,"[0.001,0.002,0.003,0.004,0.005,0.006,0.007,0.008,0.009000000000000001,0.01]",0.001,"[65000.75,65000.65,65000.549999999996,65000.45,65000.35,65000.25,65000.15,65000.049999999996,64999.95,64999.85]",65000.75,"[0.001,0.002,0.003,0.004,0.005,0.006,0.007,0.008,0.009000000000000001,0.01]",0.001,1485,mock,InstrumentType.Spot,613561904,mock,BTC-USDT
2199944884,0,0,1783610796377828685,101,depth,"[65000.96,65001.06,65001.16,65001.26,65001.36,65001.46,65001.56,65001.66,65001.76,65001.86]",65000.96,"[0.001,0.002,0.003,0.004,0.005,0.006,0.007,0.008,0.009000000000000001,0.01]",0.001,"[65000.76,65000.66,65000.56,65000.46,65000.36,65000.26,65000.16,65000.06,64999.96,64999.86]",65000.76,"[0.001,0.002,0.003,0.004,0.005,0.006,0.007,0.008,0.009000000000000001,0.01]",0.001,1486,mock,InstrumentType.Spot,613562464,mock,BTC-USDT
2199944884,0,0,1783610796378128670,101,depth,"[65000.97,65001.07,65001.170000000006,65001.270000000004,65001.37,65001.47,65001.57,65001.670000000006,65001.770000000004,65001.87]",65000.97,"[0.001,0.002,0.003,0.004,0.005,0.006,0.007,0.008,0.009000000000000001,0.01]",0.001,"[65000.770000000004,65000.670000000006,65000.57,65000.47,65000.37,65000.270000000004,65000.170000000006,65000.07,64999.97,64999.87]",65000.770000000004,"[0.001,0.002,0.003,0.004,0.005,0.006,0.007,0.008,0.009000000000000001,0.01]",0.001,1487,mock,InstrumentType.Spot,613563024,mock,BTC-USDT
2199944884,0,0,1783610796378428641,101,depth,"[65000.979999999996,65001.079999999994,65001.18,65001.28,65001.38,65001.479999999996,65001.579999999994,65001.68,65001.78,65001.88]",65000.979999999996,"[0.001,0.002,0.003,0.004,0.005,0.006,0.007,0.008,0.009000000000000001,0.01]",0.001,"[65000.78,65000.68,65000.579999999994,65000.479999999996,65000.38,65000.28,65000.18,65000.079999999994,64999.979999999996,64999.88]",65000.78,"[0.001,0.002,0.003,0.004,0.005,0.006,0.007,0.008,0.009000000000000001,0.01]",0.001,1488,mock,InstrumentType.Spot,613563584,mock,BTC-USDT
2199944884,0,0,1783610796378728392,101,depth,"[65000.99,65001.09,65001.19,65001.29,65001.39,65001.49,65001.59,65001.69,65001.79,65001.89]",65000.99,"[0.001,0.002,0.003,0.004,0.005,0.006,0.007,0.008,0.009000000000000001,0.01]",0.001,"[65000.79,65000.69,65000.59,65000.49,65000.39,65000.29,65000.19,65000.09,64999.99,64999.89]",65000.79,"[0.001,0.002,0.003,0.004,0.005,0.006,0.007,0.008,0.009000000000000001,0.01]",0.001,1489,mock,InstrumentType.Spot,613564144,mock,BTC-USDT
2199944884,0,0,1783610796379042247,101,depth,"[65001.0,65001.1,65001.200000000004,65001.3,65001.4,65001.5,65001.6,65001.700000000004,65001.8,65001.9]",65001.0,"[0.001,0.002,0.003,0.004,0.005,0.006,0.007,0.008,0.009000000000000001,0.01]",0.001,"[65000.8,65000.700000000004,65000.6,65000.5,65000.4,65000.3,65000.200000000004,65000.1,65000.0,64999.9]",65000.8,"[0.001,0.002,0.003,0.004,0.005,0.006,0.007,0.008,0.009000000000000001,0.01]",0.001,1490,mock,InstrumentType.Spot,613564704,mock,BTC-USDT
2199944884,0,0,1783610796379328374,101,depth,"[65001.01,65001.11,65001.21000000001,65001.310000000005,65001.41,65001.51,65001.61,65001.71000000001,65001.810000000005,65001.91]",65001.01,"[0.001,0.002,0.003,0.004,0.005,0.006,0.007,0.008,0.009000000000000001,0.01]",0.001,"[65000.810000000005,65000.71000000001,65000.61,65000.51,65000.41,65000.310000000005,65000.21000000001,65000.11,65000.01,64999.91]",65000.810000000005,"[0.001,0.002,0.003,0.004,0.005,0.006,0.007,0.008,0.009000000000000001,0.01]",0.001,1491,mock,InstrumentType.Spot,613565264,mock,BTC-USDT
2199944884,0,0,1783610796379629152,101,depth,"[65001.02,65001.119999999995,65001.22,65001.32,65001.42,65001.52,65001.619999999995,65001.72,65001.82,65001.92]",65001.02,"[0.001,0.002,0.003,0.004,0.005,0.006,0.007,0.008,0.009000000000000001,0.01]",0.001,"[65000.82,65000.72,65000.619999999995,65000.52,65000.42,65000.32,65000.22,65000.119999999995,65000.02,64999.92]",65000.82,"[0.001,0.002,0.003,0.004,0.005,0.006,0.007,0.008,0.009000000000000001,0.01]",0.001,1492,mock,InstrumentType.Spot,613565824,mock,BTC-USDT
2199944884,0,0,1783610796379927951,101,depth,"[65001.03,65001.13,65001.23,65001.33,65001.43,65001.53,65001.63,65001.73,65001.83,65001.93]",65001.03,"[0.001,0.002,0.003,0.004,0.005,0.006,0.007,0.008,0.009000000000000001,0.01]",0.001,"[65000.83,65000.73,65000.63,65000.53,65000.43,65000.33,65000.23,65000.13,65000.03,64999.93]",65000.83,"[0.001,0.002,0.003,0.004,0.005,0.006,0.007,0.008,0.009000000000000001,0.01]",0.001,1493,mock,InstrumentType.Spot,613566384,mock,BTC-USDT
2199944884,0,0,1783610796380228209,101,depth,"[65001.04,65001.14,65001.240000000005,65001.340000000004,65001.44,65001.54,65001.64,65001.740000000005,65001.840000000004,65001.94]",65001.04,"[0.001,0.002,0.003,0.004,0.005,0.006,0.007,0.008,0.009000000000000001,0.01]",0.001,"[65000.840000000004,65000.740000000005,65000.64,65000.54,65000.44,65000.340000000004,65000.240000000005,65000.14,65000.04,64999.94]",65000.840000000004,"[0.001,0.002,0.003,0.004,0.005,0.006,0.007,0.008,0.009000000000000001,0.01]",0.001,1494,mock,InstrumentType.Spot,613566944,mock,BTC-USDT
2199944884,0,0,1783610796380530289,101,depth,"[65001.049999999996,65001.149999999994,65001.25,65001.35,65001.45,65001.549999999996,65001.649999999994,65001.75,65001.85,65001.95]",65001.049999999996,"[0.001,0.002,0.003,0.004,0.005,0.006,0.007,0.008,0.009000000000000001,0.01]",0.001,"[65000.85,65000.75,65000.649999999994,65000.549999999996,65000.45,65000.35,65000.25,65000.149999999994,65000.049999999996,64999.95]",65000.85,"[0.001,0.002,0.003,0.004,0.005,0.006,0.007,0.008,0.009000000000000001,0.01]",0.001,1495,mock,InstrumentType.Spot,613567504,mock,BTC-USDT
2199944884,0,0,1783610796380827938,101,depth,"[65001.06,65001.159999999996,65001.26,65001.36,65001.46,65001.56,65001.659999999996,65001.76,65001.86,65001.96]",65001.06,"[0.001,0.002,0.003,0.004,0.005,0.006,0.007,0.008,0.009000000000000001,0.01]",0.001,"[65000.86,65000.76,65000.659999999996,65000.56,65000.46,65000.36,65000.26,65000.159999999996,65000.06,64999.96]",65000.86,"[0.001,0.002,0.003,0.004,0.005,0.006,0.007,0.008,0.009000000000000001,0.01]",0.001,1496,mock,InstrumentType.Spot,613568064,mock,BTC-USDT
2199944884,0,0,1783610796381127770,101,depth,"[65001.07,65001.17,65001.270000000004,65001.37,65001.47,65001.57,65001.67,65001.770000000004,65001.87,65001.97]",65001.07,"[0.001,0.002,0.003,0.004,0.005,0.006,0.007,0.008,0.009000000000000001,0.01]",0.001,"[65000.87,65000.770000000004,65000.67,65000.57,65000.47,65000.37,65000.270000000004,65000.17,65000.07,64999.97]",65000.87,"[0.001,0.002,0.003,0.004,0.005,0.006,0.007,0.008,0.009000000000000001,0.01]",0.001,1497,mock,InstrumentType.Spot,613568624,mock,BTC-USDT
2199944884,0,0,1783610796381427877,101,depth,"[65001.08,65001.18,65001.280000000006,65001.380000000005,65001.48,65001.58,65001.68,65001.780000000006,65001.880000000005,65001.98]",65001.08,"[0.001,0.002,0.003,0.004,0.005,0.006,0.007,0.008,0.009000000000000001,0.01]",0.001,"[65000.880000000005,65000.780000000006,65000.68,65000.58,65000.48,65000.380000000005,65000.280000000006,65000.18,65000.08,64999.98]",65000.880000000005,"[0.001,0.002,0.003,0.004,0.005,0.006,0.007,0.008,0.009000000000000001,0.01]",0.001,1498,mock,InstrumentType.Spot,613569184,mock,BTC-USDT
2199944884,0,0,1783610796381733493,101,depth,"[65001.09,65001.189999999995,65001.29,65001.39,65001.49,65001.59,65001.689999999995,65001.79,65001.89,65001.99]",65001.09,"[0.001,0.002,0.003,0.004,0.005,0.006,0.007,0.008,0.009000000000000001,0.01]",0.001,"[65000.89,65000.79,65000.689999999995,65000.59,65000.49,65000.39,65000.29,65000.189999999995,65000.09,64999.99]",65000.89,"[0.001,0.002,0.003,0.004,0.005,0.006,0.007,0.008,0.009000000000000001,0.01]",0.001,1499,mock,InstrumentType.Spot,613569744,mock,BTC-USDT
2199944884,0,0,1783610796382027915,101,depth,"[65000.1,65000.2,65000.3,65000.4,65000.5,65000.6,65000.7,65000.8,65000.9,65001.0]",65000.1,"[0.001,0.002,0.003,0.004,0.005,0.006,0.007,0.008,0.009000000000000001,0.01]",0.001,"[64999.9,64999.8,64999.7,64999.6,64999.5,64999.4,64999.3,64999.2,64999.1,64999.0]",64999.9,"[0.001,0.002,0.003,0.004,0.005,0.006,0.007,0.008,0.009000000000000001,0.01]",0.001,1500,mock,InstrumentType.Spot,613570304,mock,BTC-USDT
2199944884,0,0,1783610796382327854,101,depth,"[65000.11,65000.21,65000.310000000005,65000.41,65000.51,65000.61,65000.71,65000.810000000005,65000.91,65001.01]",65000.11,"[0.001,0.002,0.003,0.004,0.005,0.006,0.007,0.008,0.009000000000000001,0.01]",0.001,"[64999.91,64999.810000000005,64999.71,64999.61,64999.51,64999.41,64999.310000000005,64999.21,64999.11,64999.01]",64999.91,"[0.001,0.002,0.003,0.004,0.005,0.006,0.007,0.008,0.009000000000000001,0.01]",0.001,1501,mock,InstrumentType.Spot,613570864,mock,BTC-USDT
2199944884,0,0,1783610796382627819,101,depth,"[65000.119999999995,65000.219999999994,65000.32,65000.42,65000.52,65000.619999999995,65000.719999999994,65000.82,65000.92,65001.02]",65000.119999999995,"[0.001,0.002,0.003,0.004,0.005,0.006,0.007,0.008,0.009000000000000001,0.01]",0.001,"[64999.92,64999.82,64999.719999999994,64999.619999999995,64999.52,64999.42,64999.32,64999.219999999994,64999.119999999995,64999.02]",64999.92,"[0.001,0.002,0.003,0.004,0.005,0.006,0.007,0.008,0.009000000000000001,0.01]",0.001,1502,mock,InstrumentType.Spot,613571424,mock,BTC-USDT
2199944884,0,0,1783610796382927653,101,depth,"[65000.13,65000.229999999996,65000.33,65000.43,65000.53,65000.63,65000.729999999996,65000.83,65000.93,65001.03]",65000.13,"[0.001,0.002,0.003,0.004,0.005,0.006,0.007,0.008,0.009000000000000001,0.01]",0.001,"[64999.93,64999.83,64999.729999999996,64999.63,64999.53,64999.43,64999.33,64999.229999999996,64999.13,64999.03]",64999.93,"[0.001,0.002,0.003,0.004,0.005,0.006,0.007,0.008,0.009000000000000001,0.01]",0.001,1503,mock,InstrumentType.Spot,613571984,mock,BTC-USDT
2199944884,0,0,1783610796383227838,101,depth,"[65000.14,65000.24,65000.340000000004,65000.44,65000.54,65000.64,65000.74,65000.840000000004,65000.94,65001.04]",65000.14,"[0.001,0.002,0.003,0.004,0.005,0.006,0.007,0.008,0.009000000000000001,0.01]",0.001,"[64999.94,64999.840000000004,64999.74,64999.64,64999.54,64999.44,64999.340000000004,64999.24,64999.14,64999.04]",64999.94,"[0.001,0.002,0.003,0.004,0.005,0.006,0.007,0.008,0.009000000000000001,0.01]",0.001,1504,mock,InstrumentType.Spot,613572544,mock,BTC-USDT
2199944884,0,0,1783610796383527772,101,depth,"[65000.15,65000.25,65000.350000000006,65000.450000000004,65000.55,65000.65,65000.75,65000.850000000006,65000.950000000004,65001.05]",65000.15,"[0.001,0.002,0.003,0.004,0.005,0.006,0.007,0.008,0.009000000000000001,0.01]",0.001,"[64999.950000000004,64999.850000000006,64999.75,64999.65,64999.55,64999.450000000004,64999.350000000006,64999.25,64999.15,64999.05]",64999.950000000004,"[0.001,0.002,0.003,0.004,0.005,0.006,0.007,0.008,0.009000000000000001,0.01]",0.001,1505,mock,InstrumentType.Spot,613573104,mock,BTC-USDT
2199944884,0,0,1783610796383827994,101,depth,"[65000.159999999996,65000.259999999995,65000.36,65000.46,65000.56,65000.659999999996,65000.759999999995,65000.86,65000.96,65001.06]",65000.159999999996,"[0.001,0.002,0.003,0.004,0.005,0.006,0.007,0.008,0.009000000000000001,0.01]",0.001,"[64999.96,64999.86,64999.759999999995,64999.659999999996,64999.56,64999.46,64999.36,64999.259999999995,64999.159999999996,64999.06]",64999.96,"[0.001,0.002,0.003,0.004,0.005,0.006,0.007,0.008,0.009000000000000001,0.01]",0.001,1506,mock,InstrumentType.Spot,613573664,mock,BTC-USDT
2199944884,0,0,1783610796384127942,101,depth,"[65000.17,65000.27,65000.37,65000.47,65000.57,65000.67,65000.77,65000.87,65000.97,65001.07]",65000.17,"[0.001,0.002,0.003,0.004,0.005,0.006,0.007,0.008,0.009000000000000001,0.01]",0.001,"[64999.97,64999.87,64999.77,64999.67,64999.57,64999.47,64999.37,64999.27,64999.17,64999.07]",64999.97,"[0.001,0.002,0.003,0.004,0.005,0.006,0.007,0.008,0.009000000000000001,0.01]",0.001,1507,mock,InstrumentType.Spot,613574224,mock,BTC-USDT
2199944884,0,0,1783610796384427805,101,depth,"[65000.18,65000.28,65000.380000000005,65000.48,65000.58,65000.68,65000.78,65000.880000000005,65000.98,65001.08]",65000.18,"[0.001,0.002,0.003,0.004,0.005,0.006,0.007,0.008,0.009000000000000001,0.01]",0.001,"[64999.98,64999.880000000005,64999.78,64999.68,64999.58,64999.48,64999.380000000005,64999.28,64999.18,64999.08]",64999.98,"[0.001,0.002,0.003,0.004,0.005,0.006,0.007,0.008,0.009000000000000001,0.01]",0.001,1508,mock,InstrumentType.Spot,613574784,mock,BTC-USDT
2199944884,0,0,1783610796384732663,101,depth,"[65000.189999999995,65000.28999999999,65000.39,65000.49,65000.59,65000.689999999995,65000.78999999999,65000.89,65000.99,65001.09]",65000.189999999995,"[0.001,0.002,0.003,0.004,0.005,0.006,0.007,0.008,0.009000000000000001,0.01]",0.001,"[64999.99,64999.89,64999.78999999999,64999.689999999995,64999.59,64999.49,64999.39,64999.28999999999,64999.189999999995,64999.09]",64999.99,"[0.001,0.002,0.003,0.004,0.005,0.006,0.007,0.008,0.009000000000000001,0.01]",0.001,1509,mock,InstrumentType.Spot,613575344,mock,BTC-USDT
2199944884,0,0,1783610796385028906,101,depth,"[65000.2,65000.299999999996,65000.4,65000.5,65000.6,65000.7,65000.799999999996,65000.9,65001.0,65001.1]",65000.2,"[0.001,0.002,0.003,0.004,0.005,0.006,0.007,0.008,0.009000000000000001,0.01]",0.001,"[65000.0,64999.9,64999.799999999996,64999.7,64999.6,64999.5,64999.4,64999.299999999996,64999.2,64999.1]",65000.0,"[0.001,0.002,0.003,0.004,0.005,0.006,0.007,0.008,0.009000000000000001,0.01]",0.001,1510,mock,InstrumentType.Spot,613575904,mock,BTC-USDT
2199944884,0,0,1783610796385352191,101,depth,"[65000.21,65000.31,65000.41,65000.51,65000.61,65000.71,65000.81,65000.91,65001.01,65001.11]",65000.21,"[0.001,0.002,0.003,0.004,0.005,0.006,0.007,0.008,0.009000000000000001,0.01]",0.001,"[65000.01,64999.91,64999.81,64999.71,64999.61,64999.51,64999.41,64999.31,64999.21,64999.11]",65000.01,"[0.001,0.002,0.003,0.004,0.005,0.006,0.007,0.008,0.009000000000000001,0.01]",0.001,1511,mock,InstrumentType.Spot,613576464,mock,BTC-USDT
2199944884,0,0,1783610796385629068,101,depth,"[65000.22,65000.32,65000.420000000006,65000.520000000004,65000.62,65000.72,65000.82,65000.920000000006,65001.020000000004,65001.12]",65000.22,"[0.001,0.002,0.003,0.004,0.005,0.006,0.007,0.008,0.009000000000000001,0.01]",0.001,"[65000.020000000004,64999.920000000006,64999.82,64999.72,64999.62,64999.520000000004,64999.420000000006,64999.32,64999.22,64999.12]",65000.020000000004,"[0.001,0.002,0.003,0.004,0.005,0.006,0.007,0.008,0.009000000000000001,0.01]",0.001,1512,mock,InstrumentType.Spot,613577024,mock,BTC-USDT
2199944884,0,0,1783610796385929876,101,depth,"[65000.229999999996,65000.329999999994,65000.43,65000.53,65000.63,65000.729999999996,65000.829999999994,65000.93,65001.03,65001.13]",65000.229999999996,"[0.001,0.002,0.003,0.004,0.005,0.006,0.007,0.008,0.009000000000000001,0.01]",0.001,"[65000.03,64999.93,64999.829999999994,64999.729999999996,64999.63,64999.53,64999.43,64999.329999999994,64999.229999999996,64999.13]",65000.03,"[0.001,0.002,0.003,0.004,0.005,0.006,0.007,0.008,0.009000000000000001,0.01]",0.001,1513,mock,InstrumentType.Spot,613577584,mock,BTC-USDT
2199944884,0,0,1783610796386228139,101,depth,"[65000.24,65000.34,65000.44,65000.54,65000.64,65000.74,65000.84,65000.94,65001.04,65001.14]",65000.24,"[0.001,0.002,0.003,0.004,0.005,0.006,0.007,0.008,0.009000000000000001,0.01]",0.001,"[65000.04,64999.94,64999.84,64999.74,64999.64,64999.54,64999.44,64999.34,64999.24,64999.14]",65000.04,"[0.001,0.002,0.003,0.004,0.005,0.006,0.007,0.008,0.009000000000000001,0.01]",0.001,1514,mock,InstrumentType.Spot,613578144,mock,BTC-USDT
2199944884,0,0,1783610796386527717,101,depth,"[65000.25,65000.35,65000.450000000004,65000.55,65000.65,65000.75,65000.85,65000.950000000004,65001.05,65001.15]",65000.25,"[0.001,0.002,0.003,0.004,0.005,0.006,0.007,0.008,0.009000000000000001,0.01]",0.001,"[65000.05,64999.950000000004,64999.85,64999.75,64999.65,64999.55,64999.450000000004,64999.35,64999.25,64999.15]",65000.05,"[0.001,0.002,0.003,0.004,0.005,0.006,0.007,0.008,0.009000000000000001,0.01]",0.001,1515,mock,InstrumentType.Spot,613578704,mock,BTC-USDT
2199944884,0,0,1783610796386827614,101,depth,"[65000.26,65000.36,65000.46000000001,65000.560000000005,65000.66,65000.76,65000.86,65000.96000000001,65001.060000000005,65001.16]",65000.26,"[0.001,0.002,0.003,0.004,0.005,0.006,0.007,0.008,0.009000000000000001,0.01]",0.001,"[65000.060000000005,64999.96000000001,64999.86,64999.76,64999.66,64999.560000000005,64999.46000000001,64999.36,64999.26,64999.16]",65000.060000000005,"[0.001,0.002,0.003,0.004,0.005,0.006,0.007,0.008,0.009000000000000001,0.01]",0.001,1516,mock,InstrumentType.Spot,613579264,mock,BTC-USDT
2199944884,0,0,1783610796387127743,101,depth,"[65000.27,65000.369999999995,65000.47,65000.57,65000.67,65000.77,65000.869999999995,65000.97,65001.07,65001.17]",65000.27,"[0.001,0.002,0.003,0.004,0.005,0.006,0.007,0.008,0.009000000000000001,0.01]",0.001,"[65000.07,64999.97,64999.869999999995,64999.77,64999.67,64999.57,64999.47,64999.369999999995,64999.27,64999.17]",65000.07,"[0.001,0.002,0.003,0.004,0.005,0.006,0.007,0.008,0.009000000000000001,0.01]",0.001,1517,mock,InstrumentType.Spot,613579824,mock,BTC-USDT
2199944884,0,0,1783610796387440858,101,depth,"[65000.28,65000.38,65000.48,65000.58,65000.68,65000.78,65000.88,65000.98,65001.08,65001.18]",65000.28,"[0.001,0.002,0.003,0.004,0.005,0.006,0.007,0.008,0.009000000000000001,0.01]",0.001,"[65000.08,64999.98,64999.88,64999.78,64999.68,64999.58,64999.48,64999.38,64999.28,64999.18]",65000.08,"[0.001,0.002,0.003,0.004,0.005,0.006,0.007,0.008,0.009000000000000001,0.01]",0.001,1518,mock,InstrumentType.Spot,613580384,mock,BTC-USDT
2199944884,0,0,1783610796387727961,101,depth,"[65000.29,65000.39,65000.490000000005,65000.590000000004,65000.69,65000.79,65000.89,65000.990000000005,65001.090000000004,65001.19]",65000.29,"[0.001,0.002,0.003,0.004,0.005,0.006,0.007,0.008,0.009000000000000001,0.01]",0.001,"[65000.090000000004,64999.990000000005,64999.89,64999.79,64999.69,64999.590000000004,64999.490000000005,64999.39,64999.29,64999.19]",65000.090000000004,"[0.001,0.002,0.003,0.004,0.005,0.006,0.007,0.008,0.009000000000000001,0.01]",0.001,1519,mock,InstrumentType.Spot,613580944,mock,BTC-USDT
2199944884,0,0,1783610796388027908,101,depth,"[65000.299999999996,65000.399999999994,65000.5,65000.6,65000.7,65000.799999999996,65000.899999999994,65001.0,65001.1,65001.2]",65000.299999999996,"[0.001,0.002,0.003,0.004,0.005,0.006,0.007,0.008,0.009000000000000001,0.01]",0.001,"[65000.1,65000.0,64999.899999999994,64999.799999999996,64999.7,64999.6,64999.5,64999.399999999994,64999.299999999996,64999.2]",65000.1,"[0.001,0.002,0.003,0.004,0.005,0.006,0.007,0.008,0.009000000000000001,0.01]",0.001,1520,mock,InstrumentType.Spot,613581504,mock,BTC-USDT
2199944884,0,0,1783610796388327976,101,depth,"[65000.31,65000.409999999996,65000.51,65000.61,65000.71,65000.81,65000.909999999996,65001.01,65001.11,65001.21]",65000.31,"[0.001,0.002,0.003,0.004,0.005,0.006,0.007,0.008,0.009000000000000001,0.01]",0.001,"[65000.11,65000.01,64999.909999999996,64999.81,64999.71,64999.61,64999.51,64999.409999999996,64999.31,64999.21]",65000.11,"[0.001,0.002,0.003,0.004,0.005,0.006,0.007,0.008,0.009000000000000001,0.01]",0.001,1521,mock,InstrumentType.Spot,613582064,mock,BTC-USDT
2199944884,0,0,1783610796388627847,101,depth,"[65000.32,65000.42,65000.520000000004,65000.62,65000.72,65000.82,65000.92,65001.020000000004,65001.12,65001.22]",65000.32,"[0.001,0.002,0.003,0.004,0.005,0.006,0.007,0.008,0.009000000000000001,0.01]",0.001,"[65000.12,65000.020000000004,64999.92,64999.82,64999.72,64999.62,64999.520000000004,64999.42,64999.32,64999.22]",65000.12,"[0.001,0.002,0.003,0.004,0.005,0.006,0.007,0.008,0.009000000000000001,0.01]",0.001,1522,mock,InstrumentType.Spot,613582624,mock,BTC-USDT
2199944884,0,0,1783610796388927845,101,depth,"[65000.33,65000.43,65000.530000000006,65000.630000000005,65000.73,65000.83,65000.93,65001.030000000006,65001.130000000005,65001.23]",65000.33,"[0.001,0.002,0.003,0.004,0.005,0.006,0.007,0.008,0.009000000000000001,0.01]",0.001,"[65000.130000000005,65000.030000000006,64999.93,64999.83,64999.73,64999.630000000005,64999.530000000006,64999.43,64999.33,64999.23]",65000.130000000005,"[0.001,0.002,0.003,0.004,0.005,0.006,0.007,0.008,0.009000000000000001,0.01]",0.001,1523,mock,InstrumentType.Spot,613583184,mock,BTC-USDT
2199944884,0,0,1783610796389227971,101,depth,"[65000.34,65000.439999999995,65000.54,65000.64,65000.74,65000.84,65000.939999999995,65001.04,65001.14,65001.24]",65000.34,"[0.001,0.002,0.003,0.004,0.005,0.006,0.007,0.008,0.009000000000000001,0.01]",0.001,"[65000.14,65000.04,64999.939999999995,64999.84,64999.74,64999.64,64999.54,64999.439999999995,64999.34,64999.24]",65000.14,"[0.001,0.002,0.003,0.004,0.005,0.006,0.007,0.008,0.009000000000000001,0.01]",0.001,1524,mock,InstrumentType.Spot,613583744,mock,BTC-USDT
2199944884,0,0,1783610796389527852,101,depth,"[65000.35,65000.45,65000.55,65000.65,65000.75,65000.85,65000.95,65001.05,65001.15,65001.25]",65000.35,"[0.001,0.002,0.003,0.004,0.005,0.006,0.007,0.008,0.009000000000000001,0.01]",0.001,"[65000.15,65000.05,64999.95,64999.85,64999.75,64999.65,64999.55,64999.45,64999.35,64999.25]",65000.15,"[0.001,0.002,0.003,0.004,0.005,0.006,0.007,0.008,0.009000000000000001,0.01]",0.001,1525,mock,InstrumentType.Spot,613584304,mock,BTC-USDT
2199944884,0,0,1783610796389827884,101,depth,"[65000.36,65000.46,65000.560000000005,65000.66,65000.76,65000.86,65000.96,65001.060000000005,65001.16,65001.26]",65000.36,"[0.001,0.002,0.003,0.004,0.005,0.006,0.007,0.008,0.009000000000000001,0.01]",0.001,"[65000.16,65000.060000000005,64999.96,64999.86,64999.76,64999.66,64999.560000000005,64999.46,64999.36,64999.26]",65000.16,"[0.001,0.002,0.003,0.004,0.005,0.006,0.007,0.008,0.009000000000000001,0.01]",0.001,1526,mock,InstrumentType.Spot,613584864,mock,BTC-USDT
2199944884,0,0,1783610796390127966,101,depth,"[65000.369999999995,65000.469999999994,65000.57,65000.67,65000.77,65000.869999999995,65000.969999999994,65001.07,65001.17,65001.27]",65000.369999999995,"[0.001,0.002,0.003,0.004,0.005,0.006,0.007,0.008,0.009000000000000001,0.01]",0.001,"[65000.17,65000.07,64999.969999999994,64999.869999999995,64999.77,64999.67,64999.57,64999.469999999994,64999.369999999995,64999.27]",65000.17,"[0.001,0.002,0.003,0.004,0.005,0.006,0.007,0.008,0.009000000000000001,0.01]",0.001,1527,mock,InstrumentType.Spot,613585424,mock,BTC-USDT
2199944884,0,0,1783610796390497096,101,depth,"[65000.38,65000.479999999996,65000.58,65000.68,65000.78,65000.88,65000.979999999996,65001.08,65001.18,65001.28]",65000.38,"[0.001,0.002,0.003,0.004,0.005,0.006,0.007,0.008,0.009000000000000001,0.01]",0.001,"[65000.18,65000.08,64999.979999999996,64999.88,64999.78,64999.68,64999.58,64999.479999999996,64999.38,64999.28]",65000.18,"[0.001,0.002,0.003,0.004,0.005,0.006,0.007,0.008,0.009000000000000001,0.01]",0.001,1528,mock,InstrumentType.Spot,613585984,mock,BTC-USDT
2199944884,0,0,1783610796390728089,101,depth,"[65000.39,65000.49,65000.590000000004,65000.69,65000.79,65000.89,65000.99,65001.090000000004,65001.19,65001.29]",65000.39,"[0.001,0.002,0.003,0.004,0.005,0.006,0.007,0.008,0.009000000000000001,0.01]",0.001,"[65000.19,65000.090000000004,64999.99,64999.89,64999.79,64999.69,64999.590000000004,64999.49,64999.39,64999.29]",65000.19,"[0.001,0.002,0.003,0.004,0.005,0.006,0.007,0.008,0.009000000000000001,0.01]",0.001,1529,mock,InstrumentType.Spot,613586544,mock,BTC-USDT
2199944884,0,0,1783610796391027687,101,depth,"[65000.4,65000.5,65000.600000000006,65000.700000000004,65000.8,65000.9,65001.0,65001.100000000006,65001.200000000004,65001.3]",65000.4,"[0.001,0.002,0.003,0.004,0.005,0.006,0.007,0.008,0.009000000000000001,0.01]",0.001,"[65000.200000000004,65000.100000000006,65000.0,64999.9,64999.8,64999.700000000004,64999.600000000006,64999.5,64999.4,64999.3]",65000.200000000004,"[0.001,0.002,0.003,0.004,0.005,0.006,0.007,0.008,0.009000000000000001,0.01]",0.001,1530,mock,InstrumentType.Spot,613587104,mock,BTC-USDT
2199944884,0,0,1783610796391327656,101,depth,"[65000.409999999996,65000.509999999995,65000.61,65000.71,65000.81,65000.909999999996,65001.009999999995,65001.11,65001.21,65001.31]",65000.409999999996,"[0.001,0.002,0.003,0.004,0.005,0.006,0.007,0.008,0.009000000000000001,0.01]",0.001,"[65000.21,65000.11,65000.009999999995,64999.909999999996,64999.81,64999.71,64999.61,64999.509999999995,64999.409999999996,64999.31]",65000.21,"[0.001,0.002,0.003,0.004,0.005,0.006,0.007,0.008,0.009000000000000001,0.01]",0.001,1531,mock,InstrumentType.Spot,613587664,mock,BTC-USDT
2199944884,0,0,1783610796391627632,101,depth,"[65000.42,65000.52,65000.62,65000.72,65000.82,65000.92,65001.02,65001.12,65001.22,65001.32]",65000.42,"[0.001,0.002,0.003,0.004,0.005,0.006,0.007,0.008,0.009000000000000001,0.01]",0.001,"[65000.22,65000.12,65000.02,64999.92,64999.82,64999.72,64999.62,64999.52,64999.42,64999.32]",65000.22,"[0.001,0.002,0.003,0.004,0.005,0.006,0.007,0.008,0.009000000000000001,0.01]",0.001,1532,mock,InstrumentType.Spot,613588224,mock,BTC-USDT
2199944884,0,0,1783610796391927762,101,depth,"[65000.43,65000.53,65000.630000000005,65000.73,65000.83,65000.93,65001.03,65001.130000000005,65001.23,65001.33]",65000.43,"[0.001,0.002,0.003,0.004,0.005,0.006,0.007,0.008,0.009000000000000001,0.01]",0.001,"[65000.23,65000.130000000005,65000.03,64999.93,64999.83,64999.73,64999.630000000005,64999.53,64999.43,64999.33]",65000.23,"[0.001,0.002,0.003,0.004,0.005,0.006,0.007,0.008,0.009000000000000001,0.01]",0.001,1533,mock,InstrumentType.Spot,613588784,mock,BTC-USDT
2199944884,0,0,1783610796392227648,101,depth,"[65000.439999999995,65000.53999999999,65000.64,65000.74,65000.84,65000.939999999995,65001.03999999999,65001.14,65001.24,65001.34]",65000.439999999995,"[0.001,0.002,0.003,0.004,0.005,0.006,0.007,0.008,0.009000000000000001,0.01]",0.001,"[65000.24,65000.14,65000.03999999999,64999.939999999995,64999.84,64999.74,64999.64,64999.53999999999,64999.439999999995,64999.34]",65000.24,"[0.001,0.002,0.003,0.004,0.005,0.006,0.007,0.008,0.009000000000000001,0.01]",0.001,1534,mock,InstrumentType.Spot,613589344,mock,BTC-USDT
2199944884,0,0,1783610796392527565,101,depth,"[65000.45,65000.549999999996,65000.65,65000.75,65000.85,65000.95,65001.049999999996,65001.15,65001.25,65001.35]",65000.45,"[0.001,0.002,0.003,0.004,0.005,0.006,0.007,0.008,0.009000000000000001,0.01]",0.001,"[65000.25,65000.15,65000.049999999996,64999.95,64999.85,64999.75,64999.65,64999.549999999996,64999.45,64999.35]",65000.25,"[0.001,0.002,0.003,0.004,0.005,0.006,0.007,0.008,0.009000000000000001,0.01]",0.001,1535,mock,InstrumentType.Spot,613589904,mock,BTC-USDT
2199944884,0,0,1783610796392827679,101,depth,"[65000.46,65000.56,65000.66,65000.76,65000.86,65000.96,65001.06,65001.16,65001.26,65001.36]",65000.46,"[0.001,0.002,0.003,0.004,0.005,0.006,0.007,0.008,0.009000000000000001,0.01]",0.001,"[65000.26,65000.16,65000.06,64999.96,64999.86,64999.76,64999.66,64999.56,64999.46,64999.36]",65000.26,"[0.001,0.002,0.003,0.004,0.005,0.006,0.007,0.008,0.009000000000000001,0.01]",0.001,1536,mock,InstrumentType.Spot,613590464,mock,BTC-USDT
2199944884,0,0,1783610796393133492,101,depth,"[65000.47,65000.57,65000.670000000006,65000.770000000004,65000.87,65000.97,65001.07,65001.170000000006,65001.270000000004,65001.37]",65000.47,"[0.001,0.002,0.003,0.004,0.005,0.006,0.007,0.008,0.009000000000000001,0.01]",0.001,"[65000.270000000004,65000.170000000006,65000.07,64999.97,64999.87,64999.770000000004,64999.670000000006,64999.57,64999.47,64999.37]",65000.270000000004,"[0.001,0.002,0.003,0.004,0.005,0.006,0.007,0.008,0.009000000000000001,0.01]",0.001,1537,mock,InstrumentType.Spot,613591024,mock,BTC-USDT
2199944884,0,0,1783610796393427778,101,depth,"[65000.479999999996,65000.579999999994,65000.68,65000.78,65000.88,65000.979999999996,65001.079999999994,65001.18,65001.28,65001.38]",65000.479999999996,"[0.001,0.002,0.003,0.004,0.005,0.006,0.007,0.008,0.009000000000000001,0.01]",0.001,"[65000.28,65000.18,65000.079999999994,64999.979999999996,64999.88,64999.78,64999.68,64999.579999999994,64999.479999999996,64999.38]",65000.28,"[0.001,0.002,0.003,0.004,0.005,0.006,0.007,0.008,0.009000000000000001,0.01]",0.001,1538,mock,InstrumentType.Spot,613591584,mock,BTC-USDT
2199944884,0,0,1783610796393727650,101,depth,"[65000.49,65000.59,65000.69,65000.79,65000.89,65000.99,65001.09,65001.19,65001.29,65001.39]",65000.49,"[0.001,0.002,0.003,0.004,0.005,0.006,0.007,0.008,0.009000000000000001,0.01]",0.001,"[65000.29,65000.19,65000.09,64999.99,64999.89,64999.79,64999.69,64999.59,64999.49,64999.39]",65000.29,"[0.001,0.002,0.003,0.004,0.005,0.006,0.007,0.008,0.009000000000000001,0.01]",0.001,1539,mock,InstrumentType.Spot,613592144,mock,BTC-USDT
2199944884,0,0,1783610796394027712,101,depth,"[65000.5,65000.6,65000.700000000004,65000.8,65000.9,65001.0,65001.1,65001.200000000004,65001.3,65001.4]",65000.5,"[0.001,0.002,0.003,0.004,0.005,0.006,0.007,0.008,0.009000000000000001,0.01]",0.001,"[65000.3,65000.200000000004,65000.1,65000.0,64999.9,64999.8,64999.700000000004,64999.6,64999.5,64999.4]",65000.3,"[0.001,0.002,0.003,0.004,0.005,0.006,0.007,0.008,0.009000000000000001,0.01]",0.001,1540,mock,InstrumentType.Spot,613592704,mock,BTC-USDT
2199944884,0,0,1783610796394327661,101,depth,"[65000.51,65000.61,65000.71000000001,65000.810000000005,65000.91,65001.01,65001.11,65001.21000000001,65001.310000000005,65001.41]",65000.51,"[0.001,0.002,0.003,0.004,0.005,0.006,0.007,0.008,0.009000000000000001,0.01]",0.001,"[65000.310000000005,65000.21000000001,65000.11,65000.01,64999.91,64999.810000000005,64999.71000000001,64999.61,64999.51,64999.41]",65000.310000000005,"[0.001,0.002,0.003,0.004,0.005,0.006,0.007,0.008,0.009000000000000001,0.01]",0.001,1541,mock,InstrumentType.Spot,613593264,mock,BTC-USDT
2199944884,0,0,1783610796394627709,101,depth,"[65000.52,65000.619999999995,65000.72,65000.82,65000.92,65001.02,65001.119999999995,65001.22,65001.32,65001.42]",65000.52,"[0.001,0.002,0.003,0.004,0.005,0.006,0.007,0.008,0.009000000000000001,0.01]",0.001,"[65000.32,65000.22,65000.119999999995,65000.02,64999.92,64999.82,64999.72,64999.619999999995,64999.52,64999.42]",65000.32,"[0.001,0.002,0.003,0.004,0.005,0.006,0.007,0.008,0.009000000000000001,0.01]",0.001,1542,mock,InstrumentType.Spot,613593824,mock,BTC-USDT
2199944884,0,0,1783610796394927674,101,depth,"[65000.53,65000.63,65000.73,65000.83,65000.93,65001.03,65001.13,65001.23,65001.33,65001.43]",65000.53,"[0.001,0.002,0.003,0.004,0.005,0.006,0.007,0.008,0.009000000000000001,0.01]",0.001,"[65000.33,65000.23,65000.13,65000.03,64999.93,64999.83,64999.73,64999.63,64999.53,64999.43]",65000.33,"[0.001,0.002,0.003,0.004,0.005,0.006,0.007,0.008,0.009000000000000001,0.01]",0.001,1543,mock,InstrumentType.Spot,613594384,mock,BTC-USDT
2199944884,0,0,1783610796395227655,101,depth,"[65000.54,65000.64,65000.740000000005,65000.840000000004,65000.94,65001.04,65001.14,65001.240000000005,65001.340000000004,65001.44]",65000.54,"[0.001,0.002,0.003,0.004,0.005,0.006,0.007,0.008,0.009000000000000001,0.01]",0.001,"[65000.340000000004,65000.240000000005,65000.14,65000.04,64999.94,64999.840000000004,64999.740000000005,64999.64,64999.54,64999.44]",65000.340000000004,"[0.001,0.002,0.003,0.004,0.005,0.006,0.007,0.008,0.009000000000000001,0.01]",0.001,1544,mock,InstrumentType.Spot,613594944,mock,BTC-USDT
2199944884,0,0,1783610796395527550,101,depth,"[65000.549999999996,65000.649999999994,65000.75,65000.85,65000.95,65001.049999999996,65001.149999999994,65001.25,65001.35,65001.45]",65000.549999999996,"[0.001,0.002,0.003,0.004,0.005,0.006,0.007,0.008,0.009000000000000001,0.01]",0.001,"[65000.35,65000.25,65000.149999999994,65000.049999999996,64999.95,64999.85,64999.75,64999.649999999994,64999.549999999996,64999.45]",65000.35,"[0.001,0.002,0.003,0.004,0.005,0.006,0.007,0.008,0.009000000000000001,0.01]",0.001,1545,mock,InstrumentType.Spot,613595504,mock,BTC-USDT
2199944884,0,0,1783610796395827680,101,depth,"[65000.56,65000.659999999996,65000.76,65000.86,65000.96,65001.06,65001.159999999996,65001.26,65001.36,65001.46]",65000.56,"[0.001,0.002,0.003,0.004,0.005,0.006,0.007,0.008,0.009000000000000001,0.01]",0.001,"[65000.36,65000.26,65000.159999999996,65000.06,64999.96,64999.86,64999.76,64999.659999999996,64999.56,64999.46]",65000.36,"[0.001,0.002,0.003,0.004,0.005,0.006,0.007,0.008,0.009000000000000001,0.01]",0.001,1546,mock,InstrumentType.Spot,613596064,mock,BTC-USDT
2199944884,0,0,1783610796396132666,101,depth,"[65000.57,65000.67,65000.770000000004,65000.87,65000.97,65001.07,65001.17,65001.270000000004,65001.37,65001.47]",65000.57,"[0.001,0.002,0.003,0.004,0.005,0.006,0.007,0.008,0.009000000000000001,0.01]",0.001,"[65000.37,65000.270000000004,65000.17,65000.07,64999.97,64999.87,64999.770000000004,64999.67,64999.57,64999.47]",65000.37,"[0.001,0.002,0.003,0.004,0.005,0.006,0.007,0.008,0.009000000000000001,0.01]",0.001,1547,mock,InstrumentType.Spot,613596624,mock,BTC-USDT
2199944884,0,0,1783610796396428826,101,depth,"[65000.58,65000.68,65000.780000000006,65000.880000000005,65000.98,65001.08,65001.18,65001.280000000006,65001.380000000005,65001.48]",65000.58,"[0.001,0.002,0.003,0.004,0.005,0.006,0.007,0.008,0.009000000000000001,0.01]",0.001,"[65000.380000000005,65000.280000000006,65000.18,65000.08,64999.98,64999.880000000005,64999.780000000006,64999.68,64999.58,64999.48]",65000.380000000005,"[0.001,0.002,0.003,0.004,0.005,0.006,0.007,0.008,0.009000000000000001,0.01]",0.001,1548,mock,InstrumentType.Spot,613597184,mock,BTC-USDT
2199944884,0,0,1783610796396728446,101,depth,"[65000.59,65000.689999999995,65000.79,65000.89,65000.99,65001.09,65001.189999999995,65001.29,65001.39,65001.49]",65000.59,"[0.001,0.002,0.003,0.004,0.005,0.006,0.007,0.008,0.009000000000000001,0.01]",0.001,"[65000.39,65000.29,65000.189999999995,65000.09,64999.99,64999.89,64999.79,64999.689999999995,64999.59,64999.49]",65000.39,"[0.001,0.002,0.003,0.004,0.005,0.006,0.007,0.008,0.009000000000000001,0.01]",0.001,1549,mock,InstrumentType.Spot,613597744,mock,BTC-USDT
2199944884,0,0,1783610796397027725,101,depth,"[65000.6,65000.7,65000.8,65000.9,65001.0,65001.1,65001.2,65001.3,65001.4,65001.5]",65000.6,"[0.001,0.002,0.003,0.004,0.005,0.006,0.007,0.008,0.009000000000000001,0.01]",0.001,"[65000.4,65000.3,65000.2,65000.1,65000.0,64999.9,64999.8,64999.7,64999.6,64999.5]",65000.4,"[0.001,0.002,0.003,0.004,0.005,0.006,0.007,0.008,0.009000000000000001,0.01]",0.001,1550,mock,InstrumentType.Spot,613598304,mock,BTC-USDT
2199944884,0,0,1783610796397327863,101,depth,"[65000.61,65000.71,65000.810000000005,65000.91,65001.01,65001.11,65001.21,65001.310000000005,65001.41,65001.51]",65000.61,"[0.001,0.002,0.003,0.004,0.005,0.006,0.007,0.008,0.009000000000000001,0.01]",0.001,"[65000.41,65000.310000000005,65000.21,65000.11,65000.01,64999.91,64999.810000000005,64999.71,64999.61,64999.51]",65000.41,"[0.001,0.002,0.003,0.004,0.005,0.006,0.007,0.008,0.009000000000000001,0.01]",0.001,1551,mock,InstrumentType.Spot,613598864,mock,BTC-USDT
2199944884,0,0,1783610796397627688,101,depth,"[65000.619999999995,65000.719999999994,65000.82,65000.92,65001.02,65001.119999999995,65001.219999999994,65001.32,65001.42,65001.52]",65000.619999999995,"[0.001,0.002,0.003,0.004,0.005,0.006,0.007,0.008,0.009000000000000001,0.01]",0.001,"[65000.42,65000.32,65000.219999999994,65000.119999999995,65000.02,64999.92,64999.82,64999.719999999994,64999.619999999995,64999.52]",65000.42,"[0.001,0.002,0.003,0.004,0.005,0.006,0.007,0.008,0.009000000000000001,0.01]",0.001,1552,mock,InstrumentType.Spot,613599424,mock,BTC-USDT
2199944884,0,0,1783610796397927729,101,depth,"[65000.63,65000.729999999996,65000.83,65000.93,65001.03,65001.13,65001.229999999996,65001.33,65001.43,65001.53]",65000.63,"[0.001,0.002,0.003,0.004,0.005,0.006,0.007,0.008,0.009000000000000001,0.01]",0.001,"[65000.43,65000.33,65000.229999999996,65000.13,65000.03,64999.93,64999.83,64999.729999999996,64999.63,64999.53]",65000.43,"[0.001,0.002,0.003,0.004,0.005,0.006,0.007,0.008,0.009000000000000001,0.01]",0.001,1553,mock,InstrumentType.Spot,613599984,mock,BTC-USDT
2199944884,0,0,1783610796398228068,101,depth,"[65000.64,65000.74,65000.840000000004,65000.94,65001.04,65001.14,65001.24,65001.340000000004,65001.44,65001.54]",65000.64,"[0.001,0.002,0.003,0.004,0.005,0.006,0.007,0.008,0.009000000000000001,0.01]",0.001,"[65000.44,65000.340000000004,65000.24,65000.14,65000.04,64999.94,64999.840000000004,64999.74,64999.64,64999.54]",65000.44,"[0.001,0.002,0.003,0.004,0.005,0.006,0.007,0.008,0.009000000000000001,0.01]",0.001,1554,mock,InstrumentType.Spot,613600544,mock,BTC-USDT
2199944884,0,0,1783610796398527570,101,depth,"[65000.65,65000.75,65000.850000000006,65000.950000000004,65001.05,65001.15,65001.25,65001.350000000006,65001.450000000004,65001.55]",65000.65,"[0.001,0.002,0.003,0.004,0.005,0.006,0.007,0.008,0.009000000000000001,0.01]",0.001,"[65000.450000000004,65000.350000000006,65000.25,65000.15,65000.05,64999.950000000004,64999.850000000006,64999.75,64999.65,64999.55]",65000.450000000004,"[0.001,0.002,0.003,0.004,0.005,0.006,0.007,0.008,0.009000000000000001,0.01]",0.001,1555,mock,InstrumentType.Spot,613601104,mock,BTC-USDT
2199944884,0,0,1783610796398827660,101,depth,"[65000.659999999996,65000.759999999995,65000.86,65000.96,65001.06,65001.159999999996,65001.259999999995,65001.36,65001.46,65001.56]",65000.659999999996,"[0.001,0.002,0.003,0.004,0.005,0.006,0.007,0.008,0.009000000000000001,0.01]",0.001,"[65000.46,65000.36,65000.259999999995,65000.159999999996,65000.06,64999.96,64999.86,64999.759999999995,64999.659999999996,64999.56]",65000.46,"[0.001,0.002,0.003,0.004,0.005,0.006,0.007,0.008,0.009000000000000001,0.01]",0.001,1556,mock,InstrumentType.Spot,613601664,mock,BTC-USDT
2199944884,0,0,1783610796399135543,101,depth,"[65000.67,65000.77,65000.87,65000.97,65001.07,65001.17,65001.27,65001.37,65001.47,65001.57]",65000.67,"[0.001,0.002,0.003,0.004,0.005,0.006,0.007,0.008,0.009000000000000001,0.01]",0.001,"[65000.47,65000.37,65000.27,65000.17,65000.07,64999.97,64999.87,64999.77,64999.67,64999.57]",65000.47,"[0.001,0.002,0.003,0.004,0.005,0.006,0.007,0.008,0.009000000000000001,0.01]",0.001,1557,mock,InstrumentType.Spot,613602224,mock,BTC-USDT
2199944884,0,0,1783610796399427665,101,depth,"[65000.68,65000.78,65000.880000000005,65000.98,65001.08,65001.18,65001.28,65001.380000000005,65001.48,65001.58]",65000.68,"[0.001,0.002,0.003,0.004,0.005,0.006,0.007,0.008,0.009000000000000001,0.01]",0.001,"[65000.48,65000.380000000005,65000.28,65000.18,65000.08,64999.98,64999.880000000005,64999.78,64999.68,64999.58]",65000.48,"[0.001,0.002,0.003,0.004,0.005,0.006,0.007,0.008,0.009000000000000001,0.01]",0.001,1558,mock,InstrumentType.Spot,613602784,mock,BTC-USDT
2199944884,0,0,1783610796399727745,101,depth,"[65000.689999999995,65000.78999999999,65000.89,65000.99,65001.09,65001.189999999995,65001.28999999999,65001.39,65001.49,65001.59]",65000.689999999995,"[0.001,0.002,0.003,0.004,0.005,0.006,0.007,0.008,0.009000000000000001,0.01]",0.001,"[65000.49,65000.39,65000.28999999999,65000.189999999995,65000.09,64999.99,64999.89,64999.78999999999,64999.689999999995,64999.59]",65000.49,"[0.001,0.002,0.003,0.004,0.005,0.006,0.007,0.008,0.009000000000000001,0.01]",0.001,1559,mock,InstrumentType.Spot,613603344,mock,BTC-USDT
2199944884,0,0,1783610796400027804,101,depth,"[65000.7,65000.799999999996,65000.9,65001.0,65001.1,65001.2,65001.299999999996,65001.4,65001.5,65001.6]",65000.7,"[0.001,0.002,0.003,0.004,0.005,0.006,0.007,0.008,0.009000000000000001,0.01]",0.001,"[65000.5,65000.4,65000.299999999996,65000.2,65000.1,65000.0,64999.9,64999.799999999996,64999.7,64999.6]",65000.5,"[0.001,0.002,0.003,0.004,0.005,0.006,0.007,0.008,0.009000000000000001,0.01]",0.001,1560,mock,InstrumentType.Spot,613603904,mock,BTC-USDT
2199944884,0,0,1783610796400328166,101,depth,"[65000.71,65000.81,65000.91,65001.01,65001.11,65001.21,65001.31,65001.41,65001.51,65001.61]",65000.71,"[0.001,0.002,0.003,0.004,0.005,0.006,0.007,0.008,0.009000000000000001,0.01]",0.001,"[65000.51,65000.41,65000.31,65000.21,65000.11,65000.01,64999.91,64999.81,64999.71,64999.61]",65000.51,"[0.001,0.002,0.003,0.004,0.005,0.006,0.007,0.008,0.009000000000000001,0.01]",0.001,1561,mock,InstrumentType.Spot,613604464,mock,BTC-USDT
2199944884,0,0,1783610796400628791,101,depth,"[65000.72,65000.82,65000.920000000006,65001.020000000004,65001.12,65001.22,65001.32,65001.420000000006,65001.520000000004,65001.62]",65000.72,"[0.001,0.002,0.003,0.004,0.005,0.006,0.007,0.008,0.009000000000000001,0.01]",0.001,"[65000.520000000004,65000.420000000006,65000.32,65000.22,65000.12,65000.020000000004,64999.920000000006,64999.82,64999.72,64999.62]",65000.520000000004,"[0.001,0.002,0.003,0.004,0.005,0.006,0.007,0.008,0.009000000000000001,0.01]",0.001,1562,mock,InstrumentType.Spot,613605024,mock,BTC-USDT
2199944884,0,0,1783610796400928857,101,depth,"[65000.729999999996,65000.829999999994,65000.93,65001.03,65001.13,65001.229999999996,65001.329999999994,65001.43,65001.53,65001.63]",65000.729999999996,"[0.001,0.002,0.003,0.004,0.005,0.006,0.007,0.008,0.009000000000000001,0.01]",0.001,"[65000.53,65000.43,65000.329999999994,65000.229999999996,65000.13,65000.03,64999.93,64999.829999999994,64999.729999999996,64999.63]",65000.53,"[0.001,0.002,0.003,0.004,0.005,0.006,0.007,0.008,0.009000000000000001,0.01]",0.001,1563,mock,InstrumentType.Spot,613605584,mock,BTC-USDT
2199944884,0,0,1783610796401229364,101,depth,"[65000.74,65000.84,65000.94,65001.04,65001.14,65001.24,65001.34,65001.44,65001.54,65001.64]",65000.74,"[0.001,0.002,0.003,0.004,0.005,0.006,0.007,0.008,0.009000000000000001,0.01]",0.001,"[65000.54,65000.44,65000.34,65000.24,65000.14,65000.04,64999.94,64999.84,64999.74,64999.64]",65000.54,"[0.001,0.002,0.003,0.004,0.005,0.006,0.007,0.008,0.009000000000000001,0.01]",0.001,1564,mock,InstrumentType.Spot,613606144,mock,BTC-USDT
2199944884,0,0,1783610796401528325,101,depth,"[65000.75,65000.85,65000.950000000004,65001.05,65001.15,65001.25,65001.35,65001.450000000004,65001.55,65001.65]",65000.75,"[0.001,0.002,0.003,0.004,0.005,0.006,0.007,0.008,0.009000000000000001,0.01]",0.001,"[65000.55,65000.450000000004,65000.35,65000.25,65000.15,65000.05,64999.950000000004,64999.85,64999.75,64999.65]",65000.55,"[0.001,0.002,0.003,0.004,0.005,0.006,0.007,0.008,0.009000000000000001,0.01]",0.001,1565,mock,InstrumentType.Spot,613606704,mock,BTC-USDT
2199944884,0,0,1783610796401838094,101,depth,"[65000.76,65000.86,65000.96000000001,65001.060000000005,65001.16,65001.26,65001.36,65001.46000000001,65001.560000000005,65001.66]",65000.76,"[0.001,0.002,0.003,0.004,0.005,0.006,0.007,0.008,0.009000000000000001,0.01]",0.001,"[65000.560000000005,65000.46000000001,65000.36,65000.26,65000.16,65000.060000000005,64999.96000000001,64999.86,64999.76,64999.66]",65000.560000000005,"[0.001,0.002,0.003,0.004,0.005,0.006,0.007,0.008,0.009000000000000001,0.01]",0.001,1566,mock,InstrumentType.Spot,613607264,mock,BTC-USDT
2199944884,0,0,1783610796402128016,101,depth,"[65000.77,65000.869999999995,65000.97,65001.07,65001.17,65001.27,65001.369999999995,65001.47,65001.57,65001.67]",65000.77,"[0.001,0.002,0.003,0.004,0.005,0.006,0.007,0.008,0.009000000000000001,0.01]",0.001,"[65000.57,65000.47,65000.369999999995,65000.27,65000.17,65000.07,64999.97,64999.869999999995,64999.77,64999.67]",65000.57,"[0.001,0.002,0.003,0.004,0.005,0.006,0.007,0.008,0.009000000000000001,0.01]",0.001,1567,mock,InstrumentType.Spot,613607824,mock,BTC-USDT
2199944884,0,0,1783610796402427960,101,depth,"[65000.78,65000.88,65000.98,65001.08,65001.18,65001.28,65001.38,65001.48,65001.58,65001.68]",65000.78,"[0.001,0.002,0.003,0.004,0.005,0.006,0.007,0.008,0.009000000000000001,0.01]",0.001,"[65000.58,65000.48,65000.38,65000.28,65000.18,65000.08,64999.98,64999.88,64999.78,64999.68]",65000.58,"[0.001,0.002,0.003,0.004,0.005,0.006,0.007,0.008,0.009000000000000001,0.01]",0.001,1568,mock,InstrumentType.Spot,613608384,mock,BTC-USDT
2199944884,0,0,1783610796402727801,101,depth,"[65000.79,65000.89,65000.990000000005,65001.090000000004,65001.19,65001.29,65001.39,65001.490000000005,65001.590000000004,65001.69]",65000.79,"[0.001,0.002,0.003,0.004,0.005,0.006,0.007,0.008,0.009000000000000001,0.01]",0.001,"[65000.590000000004,65000.490000000005,65000.39,65000.29,65000.19,65000.090000000004,64999.990000000005,64999.89,64999.79,64999.69]",65000.590000000004,"[0.001,0.002,0.003,0.004,0.005,0.006,0.007,0.008,0.009000000000000001,0.01]",0.001,1569,mock,InstrumentType.Spot,613608944,mock,BTC-USDT
2199944884,0,0,1783610796403028049,101,depth,"[65000.799999999996,65000.899999999994,65001.0,65001.1,65001.2,65001.299999999996,65001.399999999994,65001.5,65001.6,65001.7]",65000.799999999996,"[0.001,0.002,0.003,0.004,0.005,0.006,0.007,0.008,0.009000000000000001,0.01]",0.001,"[65000.6,65000.5,65000.399999999994,65000.299999999996,65000.2,65000.1,65000.0,64999.899999999994,64999.799999999996,64999.7]",65000.6,"[0.001,0.002,0.003,0.004,0.005,0.006,0.007,0.008,0.009000000000000001,0.01]",0.001,1570,mock,InstrumentType.Spot,613609504,mock,BTC-USDT
2199944884,0,0,1783610796403327858,101,depth,"[65000.81,65000.909999999996,65001.01,65001.11,65001.21,65001.31,65001.409999999996,65001.51,65001.61,65001.71]",65000.81,"[0.001,0.002,0.003,0.004,0.005,0.006,0.007,0.008,0.009000000000000001,0.01]",0.001,"[65000.61,65000.51,65000.409999999996,65000.31,65000.21,65000.11,65000.01,64999.909999999996,64999.81,64999.71]",65000.61,"[0.001,0.002,0.003,0.004,0.005,0.006,0.007,0.008,0.009000000000000001,0.01]",0.001,1571,mock,InstrumentType.Spot,613610064,mock,BTC-USDT
2199944884,0,0,1783610796403627857,101,depth,"[65000.82,65000.92,65001.020000000004,65001.12,65001.22,65001.32,65001.42,65001.520000000004,65001.62,65001.72]",65000.82,"[0.001,0.002,0.003,0.004,0.005,0.006,0.007,0.008,0.009000000000000001,0.01]",0.001,"[65000.62,65000.520000000004,65000.42,65000.32,65000.22,65000.12,65000.020000000004,64999.92,64999.82,64999.72]",65000.62,"[0.001,0.002,0.003,0.004,0.005,0.006,0.007,0.008,0.009000000000000001,0.01]",0.001,1572,mock,InstrumentType.Spot,613610624,mock,BTC-USDT
2199944884,0,0,1783610796403927797,101,depth,"[65000.83,65000.93,65001.030000000006,65001.130000000005,65001.23,65001.33,65001.43,65001.530000000006,65001.630000000005,65001.73]",65000.83,"[0.001,0.002,0.003,0.004,0.005,0.006,0.007,0.008,0.009000000000000001,0.01]",0.001,"[65000.630000000005,65000.530000000006,65000.43,65000.33,65000.23,65000.130000000005,65000.030000000006,64999.93,64999.83,64999.73]",65000.630000000005,"[0.001,0.002,0.003,0.004,0.005,0.006,0.007,0.008,0.009000000000000001,0.01]",0.001,1573,mock,InstrumentType.Spot,613611184,mock,BTC-USDT
2199944884,0,0,1783610796404227823,101,depth,"[65000.84,65000.939999999995,65001.04,65001.14,65001.24,65001.34,65001.439999999995,65001.54,65001.64,65001.74]",65000.84,"[0.001,0.002,0.003,0.004,0.005,0.006,0.007,0.008,0.009000000000000001,0.01]",0.001,"[65000.64,65000.54,65000.439999999995,65000.34,65000.24,65000.14,65000.04,64999.939999999995,64999.84,64999.74]",65000.64,"[0.001,0.002,0.003,0.004,0.005,0.006,0.007,0.008,0.009000000000000001,0.01]",0.001,1574,mock,InstrumentType.Spot,613611744,mock,BTC-USDT
2199944884,0,0,1783610796404527634,101,depth,"[65000.85,65000.95,65001.05,65001.15,65001.25,65001.35,65001.45,65001.55,65001.65,65001.75]",65000.85,"[0.001,0.002,0.003,0.004,0.005,0.006,0.007,0.008,0.009000000000000001,0.01]",0.001,"[65000.65,65000.55,65000.45,65000.35,65000.25,65000.15,65000.05,64999.95,64999.85,64999.75]",65000.65,"[0.001,0.002,0.003,0.004,0.005,0.006,0.007,0.008,0.009000000000000001,0.01]",0.001,1575,mock,InstrumentType.Spot,613612304,mock,BTC-USDT
2199944884,0,0,1783610796404833786,101,depth,"[65000.86,65000.96,65001.060000000005,65001.16,65001.26,65001.36,65001.46,65001.560000000005,65001.66,65001.76]",65000.86,"[0.001,0.002,0.003,0.004,0.005,0.006,0.007,0.008,0.009000000000000001,0.01]",0.001,"[65000.66,65000.560000000005,65000.46,65000.36,65000.26,65000.16,65000.060000000005,64999.96,64999.86,64999.76]",65000.66,"[0.001,0.002,0.003,0.004,0.005,0.006,0.007,0.008,0.009000000000000001,0.01]",0.001,1576,mock,InstrumentType.Spot,613612864,mock,BTC-USDT
2199944884,0,0,1783610796405127869,101,depth,"[65000.869999999995,65000.969999999994,65001.07,65001.17,65001.27,65001.369999999995,65001.469999999994,65001.57,65001.67,65001.77]",65000.869999999995,"[0.001,0.002,0.003,0.004,0.005,0.006,0.007,0.008,0.009000000000000001,0.01]",0.001,"[65000.67,65000.57,65000.469999999994,65000.369999999995,65000.27,65000.17,65000.07,64999.969999999994,64999.869999999995,64999.77]",65000.67,"[0.001,0.002,0.003,0.004,0.005,0.006,0.007,0.008,0.009000000000000001,0.01]",0.001,1577,mock,InstrumentType.Spot,613613424,mock,BTC-USDT
2199944884,0,0,1783610796405427624,101,depth,"[65000.88,65000.979999999996,65001.08,65001.18,65001.28,65001.38,65001.479999999996,65001.58,65001.68,65001.78]",65000.88,"[0.001,0.002,0.003,0.004,0.005,0.006,0.007,0.008,0.009000000000000001,0.01]",0.001,"[65000.68,65000.58,65000.479999999996,65000.38,65000.28,65000.18,65000.08,64999.979999999996,64999.88,64999.78]",65000.68,"[0.001,0.002,0.003,0.004,0.005,0.006,0.007,0.008,0.009000000000000001,0.01]",0.001,1578,mock,InstrumentType.Spot,613613984,mock,BTC-USDT
2199944884,0,0,1783610796405727747,101,depth,"[65000.89,65000.99,65001.090000000004,65001.19,65001.29,65001.39,65001.49,65001.590000000004,65001.69,65001.79]",65000.89,"[0.001,0.002,0.003,0.004,0.005,0.006,0.007,0.008,0.009000000000000001,0.01]",0.001,"[65000.69,65000.590000000004,65000.49,65000.39,65000.29,65000.19,65000.090000000004,64999.99,64999.89,64999.79]",65000.69,"[0.001,0.002,0.003,0.004,0.005,0.006,0.007,0.008,0.009000000000000001,0.01]",0.001,1579,mock,InstrumentType.Spot,613614544,mock,BTC-USDT
2199944884,0,0,1783610796406027666,101,depth,"[65000.9,65001.0,65001.100000000006,65001.200000000004,65001.3,65001.4,65001.5,65001.600000000006,65001.700000000004,65001.8]",65000.9,"[0.001,0.002,0.003,0.004,0.005,0.006,0.007,0.008,0.009000000000000001,0.01]",0.001,"[65000.700000000004,65000.600000000006,65000.5,65000.4,65000.3,65000.200000000004,65000.100000000006,65000.0,64999.9,64999.8]",65000.700000000004,"[0.001,0.002,0.003,0.004,0.005,0.006,0.007,0.008,0.009000000000000001,0.01]",0.001,1580,mock,InstrumentType.Spot,613615104,mock,BTC-USDT
2199944884,0,0,1783610796406327765,101,depth,"[65000.909999999996,65001.009999999995,65001.11,65001.21,65001.31,65001.409999999996,65001.509999999995,65001.61,65001.71,65001.81]",65000.909999999996,"[0.001,0.002,0.003,0.004,0.005,0.006,0.007,0.008,0.009000000000000001,0.01]",0.001,"[65000.71,65000.61,65000.509999999995,65000.409999999996,65000.31,65000.21,65000.11,65000.009999999995,64999.909999999996,64999.81]",65000.71,"[0.001,0.002,0.003,0.004,0.005,0.006,0.007,0.008,0.009000000000000001,0.01]",0.001,1581,mock,InstrumentType.Spot,613615664,mock,BTC-USDT
2199944884,0,0,1783610796406628176,101,depth,"[65000.92,65001.02,65001.12,65001.22,65001.32,65001.42,65001.52,65001.62,65001.72,65001.82]",65000.92,"[0.001,0.002,0.003,0.004,0.005,0.006,0.007,0.008,0.009000000000000001,0.01]",0.001,"[65000.72,65000.62,65000.52,65000.42,65000.32,65000.22,65000.12,65000.02,64999.92,64999.82]",65000.72,"[0.001,0.002,0.003,0.004,0.005,0.006,0.007,0.008,0.009000000000000001,0.01]",0.001,1582,mock,InstrumentType.Spot,613616224,mock,BTC-USDT
2199944884,0,0,1783610796406927568,101,depth,"[65000.93,65001.03,65001.130000000005,65001.23,65001.33,65001.43,65001.53,65001.630000000005,65001.73,65001.83]",65000.93,"[0.001,0.002,0.003,0.004,0.005,0.006,0.007,0.008,0.009000000000000001,0.01]",0.001,"[65000.73,65000.630000000005,65000.53,65000.43,65000.33,65000.23,65000.130000000005,65000.03,64999.93,64999.83]",65000.73,"[0.001,0.002,0.003,0.004,0.005,0.006,0.007,0.008,0.009000000000000001,0.01]",0.001,1583,mock,InstrumentType.Spot,613616784,mock,BTC-USDT
2199944884,0,0,1783610796407227807,101,depth,"[65000.939999999995,65001.03999999999,65001.14,65001.24,65001.34,65001.439999999995,65001.53999999999,65001.64,65001.74,65001.84]",65000.939999999995,"[0.001,0.002,0.003,0.004,0.005,0.006,0.007,0.008,0.009000000000000001,0.01]",0.001,"[65000.74,65000.64,65000.53999999999,65000.439999999995,65000.34,65000.24,65000.14,65000.03999999999,64999.939999999995,64999.84]",65000.74,"[0.001,0.002,0.003,0.004,0.005,0.006,0.007,0.008,0.009000000000000001,0.01]",0.001,1584,mock,InstrumentType.Spot,613617344,mock,BTC-USDT
2199944884,0,0,1783610796407535827,101,depth,"[65000.95,65001.049999999996,65001.15,65001.25,65001.35,65001.45,65001.549999999996,65001.65,65001.75,65001.85]",65000.95,"[0.001,0.002,0.003,0.004,0.005,0.006,0.007,0.008,0.009000000000000001,0.01]",0.001,"[65000.75,65000.65,65000.549999999996,65000.45,65000.35,65000.25,65000.15,65000.049999999996,64999.95,64999.85]",65000.75,"[0.001,0.002,0.003,0.004,0.005,0.006,0.007,0.008,0.009000000000000001,0.01]",0.001,1585,mock,InstrumentType.Spot,613617904,mock,BTC-USDT
2199944884,0,0,1783610796407828102,101,depth,"[65000.96,65001.06,65001.16,65001.26,65001.36,65001.46,65001.56,65001.66,65001.76,65001.86]",65000.96,"[0.001,0.002,0.003,0.004,0.005,0.006,0.007,0.008,0.009000000000000001,0.01]",0.001,"[65000.76,65000.66,65000.56,65000.46,65000.36,65000.26,65000.16,65000.06,64999.96,64999.86]",65000.76,"[0.001,0.002,0.003,0.004,0.005,0.006,0.007,0.008,0.009000000000000001,0.01]",0.001,1586,mock,InstrumentType.Spot,613516208,mock,BTC-USDT
2199944884,0,0,1783610796408127797,101,depth,"[65000.97,65001.07,65001.170000000006,65001.270000000004,65001.37,65001.47,65001.57,65001.670000000006,65001.770000000004,65001.87]",65000.97,"[0.001,0.002,0.003,0.004,0.005,0.006,0.007,0.008,0.009000000000000001,0.01]",0.001,"[65000.770000000004,65000.670000000006,65000.57,65000.47,65000.37,65000.270000000004,65000.170000000006,65000.07,64999.97,64999.87]",65000.770000000004,"[0.001,0.002,0.003,0.004,0.005,0.006,0.007,0.008,0.009000000000000001,0.01]",0.001,1587,mock,InstrumentType.Spot,613516768,mock,BTC-USDT
2199944884,0,0,1783610796408427649,101,depth,"[65000.979999999996,65001.079999999994,65001.18,65001.28,65001.38,65001.479999999996,65001.579999999994,65001.68,65001.78,65001.88]",65000.979999999996,"[0.001,0.002,0.003,0.004,0.005,0.006,0.007,0.008,0.009000000000000001,0.01]",0.001,"[65000.78,65000.68,65000.579999999994,65000.479999999996,65000.38,65000.28,65000.18,65000.079999999994,64999.979999999996,64999.88]",65000.78,"[0.001,0.002,0.003,0.004,0.005,0.006,0.007,0.008,0.009000000000000001,0.01]",0.001,1588,mock,InstrumentType.Spot,613517328,mock,BTC-USDT
2199944884,0,0,1783610796408727671,101,depth,"[65000.99,65001.09,65001.19,65001.29,65001.39,65001.49,65001.59,65001.69,65001.79,65001.89]",65000.99,"[0.001,0.002,0.003,0.004,0.005,0.006,0.007,0.008,0.009000000000000001,0.01]",0.001,"[65000.79,65000.69,65000.59,65000.49,65000.39,65000.29,65000.19,65000.09,64999.99,64999.89]",65000.79,"[0.001,0.002,0.003,0.004,0.005,0.006,0.007,0.008,0.009000000000000001,0.01]",0.001,1589,mock,InstrumentType.Spot,613517888,mock,BTC-USDT
2199944884,0,0,1783610796409027640,101,depth,"[65001.0,65001.1,65001.200000000004,65001.3,65001.4,65001.5,65001.6,65001.700000000004,65001.8,65001.9]",65001.0,"[0.001,0.002,0.003,0.004,0.005,0.006,0.007,0.008,0.009000000000000001,0.01]",0.001,"[65000.8,65000.700000000004,65000.6,65000.5,65000.4,65000.3,65000.200000000004,65000.1,65000.0,64999.9]",65000.8,"[0.001,0.002,0.003,0.004,0.005,0.006,0.007,0.008,0.009000000000000001,0.01]",0.001,1590,mock,InstrumentType.Spot,613518448,mock,BTC-USDT
2199944884,0,0,1783610796409327647,101,depth,"[65001.01,65001.11,65001.21000000001,65001.310000000005,65001.41,65001.51,65001.61,65001.71000000001,65001.810000000005,65001.91]",65001.01,"[0.001,0.002,0.003,0.004,0.005,0.006,0.007,0.008,0.009000000000000001,0.01]",0.001,"[65000.810000000005,65000.71000000001,65000.61,65000.51,65000.41,65000.310000000005,65000.21000000001,65000.11,65000.01,64999.91]",65000.810000000005,"[0.001,0.002,0.003,0.004,0.005,0.006,0.007,0.008,0.009000000000000001,0.01]",0.001,1591,mock,InstrumentType.Spot,613519008,mock,BTC-USDT
2199944884,0,0,1783610796409628375,101,depth,"[65001.02,65001.119999999995,65001.22,65001.32,65001.42,65001.52,65001.619999999995,65001.72,65001.82,65001.92]",65001.02,"[0.001,0.002,0.003,0.004,0.005,0.006,0.007,0.008,0.009000000000000001,0.01]",0.001,"[65000.82,65000.72,65000.619999999995,65000.52,65000.42,65000.32,65000.22,65000.119999999995,65000.02,64999.92]",65000.82,"[0.001,0.002,0.003,0.004,0.005,0.006,0.007,0.008,0.009000000000000001,0.01]",0.001,1592,mock,InstrumentType.Spot,613519568,mock,BTC-USDT
2199944884,0,0,1783610796409928883,101,depth,"[65001.03,65001.13,65001.23,65001.33,65001.43,65001.53,65001.63,65001.73,65001.83,65001.93]",65001.03,"[0.001,0.002,0.003,0.004,0.005,0.006,0.007,0.008,0.009000000000000001,0.01]",0.001,"[65000.83,65000.73,65000.63,65000.53,65000.43,65000.33,65000.23,65000.13,65000.03,64999.93]",65000.83,"[0.001,0.002,0.003,0.004,0.005,0.006,0.007,0.008,0.009000000000000001,0.01]",0.001,1593,mock,InstrumentType.Spot,613520128,mock,BTC-USDT
2199944884,0,0,1783610796410228007,101,depth,"[65001.04,65001.14,65001.240000000005,65001.340000000004,65001.44,65001.54,65001.64,65001.740000000005,65001.840000000004,65001.94]",65001.04,"[0.001,0.002,0.003,0.004,0.005,0.006,0.007,0.008,0.009000000000000001,0.01]",0.001,"[65000.840000000004,65000.740000000005,65000.64,65000.54,65000.44,65000.340000000004,65000.240000000005,65000.14,65000.04,64999.94]",65000.840000000004,"[0.001,0.002,0.003,0.004,0.005,0.006,0.007,0.008,0.009000000000000001,0.01]",0.001,1594,mock,InstrumentType.Spot,613520688,mock,BTC-USDT
2199944884,0,0,1783610796410538254,101,depth,"[65001.049999999996,65001.149999999994,65001.25,65001.35,65001.45,65001.549999999996,65001.649999999994,65001.75,65001.85,65001.95]",65001.049999999996,"[0.001,0.002,0.003,0.004,0.005,0.006,0.007,0.008,0.009000000000000001,0.01]",0.001,"[65000.85,65000.75,65000.649999999994,65000.549999999996,65000.45,65000.35,65000.25,65000.149999999994,65000.049999999996,64999.95]",65000.85,"[0.001,0.002,0.003,0.004,0.005,0.006,0.007,0.008,0.009000000000000001,0.01]",0.001,1595,mock,InstrumentType.Spot,613521248,mock,BTC-USDT
2199944884,0,0,1783610796410827970,101,depth,"[65001.06,65001.159999999996,65001.26,65001.36,65001.46,65001.56,65001.659999999996,65001.76,65001.86,65001.96]",65001.06,"[0.001,0.002,0.003,0.004,0.005,0.006,0.007,0.008,0.009000000000000001,0.01]",0.001,"[65000.86,65000.76,65000.659999999996,65000.56,65000.46,65000.36,65000.26,65000.159999999996,65000.06,64999.96]",65000.86,"[0.001,0.002,0.003,0.004,0.005,0.006,0.007,0.008,0.009000000000000001,0.01]",0.001,1596,mock,InstrumentType.Spot,613521808,mock,BTC-USDT
2199944884,0,0,1783610796411127876,101,depth,"[65001.07,65001.17,65001.270000000004,65001.37,65001.47,65001.57,65001.67,65001.770000000004,65001.87,65001.97]",65001.07,"[0.001,0.002,0.003,0.004,0.005,0.006,0.007,0.008,0.009000000000000001,0.01]",0.001,"[65000.87,65000.770000000004,65000.67,65000.57,65000.47,65000.37,65000.270000000004,65000.17,65000.07,64999.97]",65000.87,"[0.001,0.002,0.003,0.004,0.005,0.006,0.007,0.008,0.009000000000000001,0.01]",0.001,1597,mock,InstrumentType.Spot,613522368,mock,BTC-USDT
2199944884,0,0,1783610796411427790,101,depth,"[65001.08,65001.18,65001.280000000006,65001.380000000005,65001.48,65001.58,65001.68,65001.780000000006,65001.880000000005,65001.98]",65001.08,"[0.001,0.002,0.003,0.004,0.005,0.006,0.007,0.008,0.009000000000000001,0.01]",0.001,"[65000.880000000005,65000.780000000006,65000.68,65000.58,65000.48,65000.380000000005,65000.280000000006,65000.18,65000.08,64999.98]",65000.880000000005,"[0.001,0.002,0.003,0.004,0.005,0.006,0.007,0.008,0.009000000000000001,0.01]",0.001,1598,mock,InstrumentType.Spot,613522928,mock,BTC-USDT
2199944884,0,0,1783610796411727672,101,depth,"[65001.09,65001.189999999995,65001.29,65001.39,65001.49,65001.59,65001.689999999995,65001.79,65001.89,65001.99]",65001.09,"[0.001,0.002,0.003,0.004,0.005,0.006,0.007,0.008,0.009000000000000001,0.01]",0.001,"[65000.89,65000.79,65000.689999999995,65000.59,65000.49,65000.39,65000.29,65000.189999999995,65000.09,64999.99]",65000.89,"[0.001,0.002,0.003,0.004,0.005,0.006,0.007,0.008,0.009000000000000001,0.01]",0.001,1599,mock,InstrumentType.Spot,613523488,mock,BTC-USDT
2199944884,0,0,1783610796412027680,101,depth,"[65000.1,65000.2,65000.3,65000.4,65000.5,65000.6,65000.7,65000.8,65000.9,65001.0]",65000.1,"[0.001,0.002,0.003,0.004,0.005,0.006,0.007,0.008,0.009000000000000001,0.01]",0.001,"[64999.9,64999.8,64999.7,64999.6,64999.5,64999.4,64999.3,64999.2,64999.1,64999.0]",64999.9,"[0.001,0.002,0.003,0.004,0.005,0.006,0.007,0.008,0.009000000000000001,0.01]",0.001,1600,mock,InstrumentType.Spot,613524048,mock,BTC-USDT
2199944884,0,0,1783610796412327725,101,depth,"[65000.11,65000.21,65000.310000000005,65000.41,65000.51,65000.61,65000.71,65000.810000000005,65000.91,65001.01]",65000.11,"[0.001,0.002,0.003,0.004,0.005,0.006,0.007,0.008,0.009000000000000001,0.01]",0.001,"[64999.91,64999.810000000005,64999.71,64999.61,64999.51,64999.41,64999.310000000005,64999.21,64999.11,64999.01]",64999.91,"[0.001,0.002,0.003,0.004,0.005,0.006,0.007,0.008,0.009000000000000001,0.01]",0.001,1601,mock,InstrumentType.Spot,613524608,mock,BTC-USDT
2199944884,0,0,1783610796412627650,101,depth,"[65000.119999999995,65000.219999999994,65000.32,65000.42,65000.52,65000.619999999995,65000.719999999994,65000.82,65000.92,65001.02]",65000.119999999995,"[0.001,0.002,0.003,0.004,0.005,0.006,0.007,0.008,0.009000000000000001,0.01]",0.001,"[64999.92,64999.82,64999.719999999994,64999.619999999995,64999.52,64999.42,64999.32,64999.219999999994,64999.119999999995,64999.02]",64999.92,"[0.001,0.002,0.003,0.004,0.005,0.006,0.007,0.008,0.009000000000000001,0.01]",0.001,1602,mock,InstrumentType.Spot,613525168,mock,BTC-USDT
2199944884,0,0,1783610796412927440,101,depth,"[65000.13,65000.229999999996,65000.33,65000.43,65000.53,65000.63,65000.729999999996,65000.83,65000.93,65001.03]",65000.13,"[0.001,0.002,0.003,0.004,0.005,0.006,0.007,0.008,0.009000000000000001,0.01]",0.001,"[64999.93,64999.83,64999.729999999996,64999.63,64999.53,64999.43,64999.33,64999.229999999996,64999.13,64999.03]",64999.93,"[0.001,0.002,0.003,0.004,0.005,0.006,0.007,0.008,0.009000000000000001,0.01]",0.001,1603,mock,InstrumentType.Spot,613525728,mock,BTC-USDT
2199944884,0,0,1783610796413232982,101,depth,"[65000.14,65000.24,65000.340000000004,65000.44,65000.54,65000.64,65000.74,65000.840000000004,65000.94,65001.04]",65000.14,"[0.001,0.002,0.003,0.004,0.005,0.006,0.007,0.008,0.009000000000000001,0.01]",0.001,"[64999.94,64999.840000000004,64999.74,64999.64,64999.54,64999.44,64999.340000000004,64999.24,64999.14,64999.04]",64999.94,"[0.001,0.002,0.003,0.004,0.005,0.006,0.007,0.008,0.009000000000000001,0.01]",0.001,1604,mock,InstrumentType.Spot,613526288,mock,BTC-USDT
2199944884,0,0,1783610796413527696,101,depth,"[65000.15,65000.25,65000.350000000006,65000.450000000004,65000.55,65000.65,65000.75,65000.850000000006,65000.950000000004,65001.05]",65000.15,"[0.001,0.002,0.003,0.004,0.005,0.006,0.007,0.008,0.009000000000000001,0.01]",0.001,"[64999.950000000004,64999.850000000006,64999.75,64999.65,64999.55,64999.450000000004,64999.350000000006,64999.25,64999.15,64999.05]",64999.950000000004,"[0.001,0.002,0.003,0.004,0.005,0.006,0.007,0.008,0.009000000000000001,0.01]",0.001,1605,mock,InstrumentType.Spot,613526848,mock,BTC-USDT
2199944884,0,0,1783610796413827606,101,depth,"[65000.159999999996,65000.259999999995,65000.36,65000.46,65000.56,65000.659999999996,65000.759999999995,65000.86,65000.96,65001.06]",65000.159999999996,"[0.001,0.002,0.003,0.004,0.005,0.006,0.007,0.008,0.009000000000000001,0.01]",0.001,"[64999.96,64999.86,64999.759999999995,64999.659999999996,64999.56,64999.46,64999.36,64999.259999999995,64999.159999999996,64999.06]",64999.96,"[0.001,0.002,0.003,0.004,0.005,0.006,0.007,0.008,0.009000000000000001,0.01]",0.001,1606,mock,InstrumentType.Spot,613527408,mock,BTC-USDT
2199944884,0,0,1783610796414127660,101,depth,"[65000.17,65000.27,65000.37,65000.47,65000.57,65000.67,65000.77,65000.87,65000.97,65001.07]",65000.17,"[0.001,0.002,0.003,0.004,0.005,0.006,0.007,0.008,0.009000000000000001,0.01]",0.001,"[64999.97,64999.87,64999.77,64999.67,64999.57,64999.47,64999.37,64999.27,64999.17,64999.07]",64999.97,"[0.001,0.002,0.003,0.004,0.005,0.006,0.007,0.008,0.009000000000000001,0.01]",0.001,1607,mock,InstrumentType.Spot,613527968,mock,BTC-USDT
2199944884,0,0,1783610796414427866,101,depth,"[65000.18,65000.28,65000.380000000005,65000.48,65000.58,65000.68,65000.78,65000.880000000005,65000.98,65001.08]",65000.18,"[0.001,0.002,0.003,0.004,0.005,0.006,0.007,0.008,0.009000000000000001,0.01]",0.001,"[64999.98,64999.880000000005,64999.78,64999.68,64999.58,64999.48,64999.380000000005,64999.28,64999.18,64999.08]",64999.98,"[0.001,0.002,0.003,0.004,0.005,0.006,0.007,0.008,0.009000000000000001,0.01]",0.001,1608,mock,InstrumentType.Spot,613632784,mock,BTC-USDT
2199944884,0,0,1783610796414727630,101,depth,"[65000.189999999995,65000.28999999999,65000.39,65000.49,65000.59,65000.689999999995,65000.78999999999,65000.89,65000.99,65001.09]",65000.189999999995,"[0.001,0.002,0.003,0.004,0.005,0.006,0.007,0.008,0.009000000000000001,0.01]",0.001,"[64999.99,64999.89,64999.78999999999,64999.689999999995,64999.59,64999.49,64999.39,64999.28999999999,64999.189999999995,64999.09]",64999.99,"[0.001,0.002,0.003,0.004,0.005,0.006,0.007,0.008,0.009000000000000001,0.01]",0.001,1609,mock,InstrumentType.Spot,613633200,mock,BTC-USDT
2199944884,0,0,1783610796415027634,101,depth,"[65000.2,65000.299999999996,65000.4,65000.5,65000.6,65000.7,65000.799999999996,65000.9,65001.0,65001.1]",65000.2,"[0.001,0.002,0.003,0.004,0.005,0.006,0.007,0.008,0.009000000000000001,0.01]",0.001,"[65000.0,64999.9,64999.799999999996,64999.7,64999.6,64999.5,64999.4,64999.299999999996,64999.2,64999.1]",65000.0,"[0.001,0.002,0.003,0.004,0.005,0.006,0.007,0.008,0.009000000000000001,0.01]",0.001,1610,mock,InstrumentType.Spot,613633616,mock,BTC-USDT
2199944884,0,0,1783610796415327714,101,depth,"[65000.21,65000.31,65000.41,65000.51,65000.61,65000.71,65000.81,65000.91,65001.01,65001.11]",65000.21,"[0.001,0.002,0.003,0.004,0.005,0.006,0.007,0.008,0.009000000000000001,0.01]",0.001,"[65000.01,64999.91,64999.81,64999.71,64999.61,64999.51,64999.41,64999.31,64999.21,64999.11]",65000.01,"[0.001,0.002,0.003,0.004,0.005,0.006,0.007,0.008,0.009000000000000001,0.01]",0.001,1611,mock,InstrumentType.Spot,613634144,mock,BTC-USDT
2199944884,0,0,1783610796415627557,101,depth,"[65000.22,65000.32,65000.420000000006,65000.520000000004,65000.62,65000.72,65000.82,65000.920000000006,65001.020000000004,65001.12]",65000.22,"[0.001,0.002,0.003,0.004,0.005,0.006,0.007,0.008,0.009000000000000001,0.01]",0.001,"[65000.020000000004,64999.920000000006,64999.82,64999.72,64999.62,64999.520000000004,64999.420000000006,64999.32,64999.22,64999.12]",65000.020000000004,"[0.001,0.002,0.003,0.004,0.005,0.006,0.007,0.008,0.009000000000000001,0.01]",0.001,1612,mock,InstrumentType.Spot,613634656,mock,BTC-USDT
2199944884,0,0,1783610796415927594,101,depth,"[65000.229999999996,65000.329999999994,65000.43,65000.53,65000.63,65000.729999999996,65000.829999999994,65000.93,65001.03,65001.13]",65000.229999999996,"[0.001,0.002,0.003,0.004,0.005,0.006,0.007,0.008,0.009000000000000001,0.01]",0.001,"[65000.03,64999.93,64999.829999999994,64999.729999999996,64999.63,64999.53,64999.43,64999.329999999994,64999.229999999996,64999.13]",65000.03,"[0.001,0.002,0.003,0.004,0.005,0.006,0.007,0.008,0.009000000000000001,0.01]",0.001,1613,mock,InstrumentType.Spot,613635216,mock,BTC-USDT
2199944884,0,0,1783610796416235371,101,depth,"[65000.24,65000.34,65000.44,65000.54,65000.64,65000.74,65000.84,65000.94,65001.04,65001.14]",65000.24,"[0.001,0.002,0.003,0.004,0.005,0.006,0.007,0.008,0.009000000000000001,0.01]",0.001,"[65000.04,64999.94,64999.84,64999.74,64999.64,64999.54,64999.44,64999.34,64999.24,64999.14]",65000.04,"[0.001,0.002,0.003,0.004,0.005,0.006,0.007,0.008,0.009000000000000001,0.01]",0.001,1614,mock,InstrumentType.Spot,613635776,mock,BTC-USDT
2199944884,0,0,1783610796416527658,101,depth,"[65000.25,65000.35,65000.450000000004,65000.55,65000.65,65000.75,65000.85,65000.950000000004,65001.05,65001.15]",65000.25,"[0.001,0.002,0.003,0.004,0.005,0.006,0.007,0.008,0.009000000000000001,0.01]",0.001,"[65000.05,64999.950000000004,64999.85,64999.75,64999.65,64999.55,64999.450000000004,64999.35,64999.25,64999.15]",65000.05,"[0.001,0.002,0.003,0.004,0.005,0.006,0.007,0.008,0.009000000000000001,0.01]",0.001,1615,mock,InstrumentType.Spot,613636336,mock,BTC-USDT
2199944884,0,0,1783610796416827651,101,depth,"[65000.26,65000.36,65000.46000000001,65000.560000000005,65000.66,65000.76,65000.86,65000.96000000001,65001.060000000005,65001.16]",65000.26,"[0.001,0.002,0.003,0.004,0.005,0.006,0.007,0.008,0.009000000000000001,0.01]",0.001,"[65000.060000000005,64999.96000000001,64999.86,64999.76,64999.66,64999.560000000005,64999.46000000001,64999.36,64999.26,64999.16]",65000.060000000005,"[0.001,0.002,0.003,0.004,0.005,0.006,0.007,0.008,0.009000000000000001,0.01]",0.001,1616,mock,InstrumentType.Spot,613636896,mock,BTC-USDT
2199944884,0,0,1783610796417146190,101,depth,"[65000.27,65000.369999999995,65000.47,65000.57,65000.67,65000.77,65000.869999999995,65000.97,65001.07,65001.17]",65000.27,"[0.001,0.002,0.003,0.004,0.005,0.006,0.007,0.008,0.009000000000000001,0.01]",0.001,"[65000.07,64999.97,64999.869999999995,64999.77,64999.67,64999.57,64999.47,64999.369999999995,64999.27,64999.17]",65000.07,"[0.001,0.002,0.003,0.004,0.005,0.006,0.007,0.008,0.009000000000000001,0.01]",0.001,1617,mock,InstrumentType.Spot,613637456,mock,BTC-USDT
2199944884,0,0,1783610796417429799,101,depth,"[65000.28,65000.38,65000.48,65000.58,65000.68,65000.78,65000.88,65000.98,65001.08,65001.18]",65000.28,"[0.001,0.002,0.003,0.004,0.005,0.006,0.007,0.008,0.009000000000000001,0.01]",0.001,"[65000.08,64999.98,64999.88,64999.78,64999.68,64999.58,64999.48,64999.38,64999.28,64999.18]",65000.08,"[0.001,0.002,0.003,0.004,0.005,0.006,0.007,0.008,0.009000000000000001,0.01]",0.001,1618,mock,InstrumentType.Spot,613638016,mock,BTC-USDT
2199944884,0,0,1783610796417727450,101,depth,"[65000.29,65000.39,65000.490000000005,65000.590000000004,65000.69,65000.79,65000.89,65000.990000000005,65001.090000000004,65001.19]",65000.29,"[0.001,0.002,0.003,0.004,0.005,0.006,0.007,0.008,0.009000000000000001,0.01]",0.001,"[65000.090000000004,64999.990000000005,64999.89,64999.79,64999.69,64999.590000000004,64999.490000000005,64999.39,64999.29,64999.19]",65000.090000000004,"[0.001,0.002,0.003,0.004,0.005,0.006,0.007,0.008,0.009000000000000001,0.01]",0.001,1619,mock,InstrumentType.Spot,613638576,mock,BTC-USDT
2199944884,0,0,1783610796418027688,101,depth,"[65000.299999999996,65000.399999999994,65000.5,65000.6,65000.7,65000.799999999996,65000.899999999994,65001.0,65001.1,65001.2]",65000.299999999996,"[0.001,0.002,0.003,0.004,0.005,0.006,0.007,0.008,0.009000000000000001,0.01]",0.001,"[65000.1,65000.0,64999.899999999994,64999.799999999996,64999.7,64999.6,64999.5,64999.399999999994,64999.299999999996,64999.2]",65000.1,"[0.001,0.002,0.003,0.004,0.005,0.006,0.007,0.008,0.009000000000000001,0.01]",0.001,1620,mock,InstrumentType.Spot,613639136,mock,BTC-USDT
2199944884,0,0,1783610796418327423,101,depth,"[65000.31,65000.409999999996,65000.51,65000.61,65000.71,65000.81,65000.909999999996,65001.01,65001.11,65001.21]",65000.31,"[0.001,0.002,0.003,0.004,0.005,0.006,0.007,0.008,0.009000000000000001,0.01]",0.001,"[65000.11,65000.01,64999.909999999996,64999.81,64999.71,64999.61,64999.51,64999.409999999996,64999.31,64999.21]",65000.11,"[0.001,0.002,0.003,0.004,0.005,0.006,0.007,0.008,0.009000000000000001,0.01]",0.001,1621,mock,InstrumentType.Spot,613639696,mock,BTC-USDT
2199944884,0,0,1783610796418627856,101,depth,"[65000.32,65000.42,65000.520000000004,65000.62,65000.72,65000.82,65000.92,65001.020000000004,65001.12,65001.22]",65000.32,"[0.001,0.002,0.003,0.004,0.005,0.006,0.007,0.008,0.009000000000000001,0.01]",0.001,"[65000.12,65000.020000000004,64999.92,64999.82,64999.72,64999.62,64999.520000000004,64999.42,64999.32,64999.22]",65000.12,"[0.001,0.002,0.003,0.004,0.005,0.006,0.007,0.008,0.009000000000000001,0.01]",0.001,1622,mock,InstrumentType.Spot,613640256,mock,BTC-USDT
2199944884,0,0,1783610796418954091,101,depth,"[65000.33,65000.43,65000.530000000006,65000.630000000005,65000.73,65000.83,65000.93,65001.030000000006,65001.130000000005,65001.23]",65000.33,"[0.001,0.002,0.003,0.004,0.005,0.006,0.007,0.008,0.009000000000000001,0.01]",0.001,"[65000.130000000005,65000.030000000006,64999.93,64999.83,64999.73,64999.630000000005,64999.530000000006,64999.43,64999.33,64999.23]",65000.130000000005,"[0.001,0.002,0.003,0.004,0.005,0.006,0.007,0.008,0.009000000000000001,0.01]",0.001,1623,mock,InstrumentType.Spot,613640816,mock,BTC-USDT
2199944884,0,0,1783610796419227898,101,depth,"[65000.34,65000.439999999995,65000.54,65000.64,65000.74,65000.84,65000.939999999995,65001.04,65001.14,65001.24]",65000.34,"[0.001,0.002,0.003,0.004,0.005,0.006,0.007,0.008,0.009000000000000001,0.01]",0.001,"[65000.14,65000.04,64999.939999999995,64999.84,64999.74,64999.64,64999.54,64999.439999999995,64999.34,64999.24]",65000.14,"[0.001,0.002,0.003,0.004,0.005,0.006,0.007,0.008,0.009000000000000001,0.01]",0.001,1624,mock,InstrumentType.Spot,613641376,mock,BTC-USDT
2199944884,0,0,1783610796419530651,101,depth,"[65000.35,65000.45,65000.55,65000.65,65000.75,65000.85,65000.95,65001.05,65001.15,65001.25]",65000.35,"[0.001,0.002,0.003,0.004,0.005,0.006,0.007,0.008,0.009000000000000001,0.01]",0.001,"[65000.15,65000.05,64999.95,64999.85,64999.75,64999.65,64999.55,64999.45,64999.35,64999.25]",65000.15,"[0.001,0.002,0.003,0.004,0.005,0.006,0.007,0.008,0.009000000000000001,0.01]",0.001,1625,mock,InstrumentType.Spot,613641936,mock,BTC-USDT
2199944884,0,0,1783610796419827779,101,depth,"[65000.36,65000.46,65000.560000000005,65000.66,65000.76,65000.86,65000.96,65001.060000000005,65001.16,65001.26]",65000.36,"[0.001,0.002,0.003,0.004,0.005,0.006,0.007,0.008,0.009000000000000001,0.01]",0.001,"[65000.16,65000.060000000005,64999.96,64999.86,64999.76,64999.66,64999.560000000005,64999.46,64999.36,64999.26]",65000.16,"[0.001,0.002,0.003,0.004,0.005,0.006,0.007,0.008,0.009000000000000001,0.01]",0.001,1626,mock,InstrumentType.Spot,613642496,mock,BTC-USDT
2199944884,0,0,1783610796420127697,101,depth,"[65000.369999999995,65000.469999999994,65000.57,65000.67,65000.77,65000.869999999995,65000.969999999994,65001.07,65001.17,65001.27]",65000.369999999995,"[0.001,0.002,0.003,0.004,0.005,0.006,0.007,0.008,0.009000000000000001,0.01]",0.001,"[65000.17,65000.07,64999.969999999994,64999.869999999995,64999.77,64999.67,64999.57,64999.469999999994,64999.369999999995,64999.27]",65000.17,"[0.001,0.002,0.003,0.004,0.005,0.006,0.007,0.008,0.009000000000000001,0.01]",0.001,1627,mock,InstrumentType.Spot,613643056,mock,BTC-USDT
2199944884,0,0,1783610796420427734,101,depth,"[65000.38,65000.479999999996,65000.58,65000.68,65000.78,65000.88,65000.979999999996,65001.08,65001.18,65001.28]",65000.38,"[0.001,0.002,0.003,0.004,0.005,0.006,0.007,0.008,0.009000000000000001,0.01]",0.001,"[65000.18,65000.08,64999.979999999996,64999.88,64999.78,64999.68,64999.58,64999.479999999996,64999.38,64999.28]",65000.18,"[0.001,0.002,0.003,0.004,0.005,0.006,0.007,0.008,0.009000000000000001,0.01]",0.001,1628,mock,InstrumentType.Spot,613643616,mock,BTC-USDT
2199944884,0,0,1783610796420727576,101,depth,"[65000.39,65000.49,65000.590000000004,65000.69,65000.79,65000.89,65000.99,65001.090000000004,65001.19,65001.29]",65000.39,"[0.001,0.002,0.003,0.004,0.005,0.006,0.007,0.008,0.009000000000000001,0.01]",0.001,"[65000.19,65000.090000000004,64999.99,64999.89,64999.79,64999.69,64999.590000000004,64999.49,64999.39,64999.29]",65000.19,"[0.001,0.002,0.003,0.004,0.005,0.006,0.007,0.008,0.009000000000000001,0.01]",0.001,1629,mock,InstrumentType.Spot,613644176,mock,BTC-USDT
2199944884,0,0,1783610796421027605,101,depth,"[65000.4,65000.5,65000.600000000006,65000.700000000004,65000.8,65000.9,65001.0,65001.100000000006,65001.200000000004,65001.3]",65000.4,"[0.001,0.002,0.003,0.004,0.005,0.006,0.007,0.008,0.009000000000000001,0.01]",0.001,"[65000.200000000004,65000.100000000006,65000.0,64999.9,64999.8,64999.700000000004,64999.600000000006,64999.5,64999.4,64999.3]",65000.200000000004,"[0.001,0.002,0.003,0.004,0.005,0.006,0.007,0.008,0.009000000000000001,0.01]",0.001,1630,mock,InstrumentType.Spot,613644736,mock,BTC-USDT
2199944884,0,0,1783610796421327531,101,depth,"[65000.409999999996,65000.509999999995,65000.61,65000.71,65000.81,65000.909999999996,65001.009999999995,65001.11,65001.21,65001.31]",65000.409999999996,"[0.001,0.002,0.003,0.004,0.005,0.006,0.007,0.008,0.009000000000000001,0.01]",0.001,"[65000.21,65000.11,65000.009999999995,64999.909999999996,64999.81,64999.71,64999.61,64999.509999999995,64999.409999999996,64999.31]",65000.21,"[0.001,0.002,0.003,0.004,0.005,0.006,0.007,0.008,0.009000000000000001,0.01]",0.001,1631,mock,InstrumentType.Spot,613645296,mock,BTC-USDT
2199944884,0,0,1783610796421627510,101,depth,"[65000.42,65000.52,65000.62,65000.72,65000.82,65000.92,65001.02,65001.12,65001.22,65001.32]",65000.42,"[0.001,0.002,0.003,0.004,0.005,0.006,0.007,0.008,0.009000000000000001,0.01]",0.001,"[65000.22,65000.12,65000.02,64999.92,64999.82,64999.72,64999.62,64999.52,64999.42,64999.32]",65000.22,"[0.001,0.002,0.003,0.004,0.005,0.006,0.007,0.008,0.009000000000000001,0.01]",0.001,1632,mock,InstrumentType.Spot,613645856,mock,BTC-USDT
2199944884,0,0,1783610796421939406,101,depth,"[65000.43,65000.53,65000.630000000005,65000.73,65000.83,65000.93,65001.03,65001.130000000005,65001.23,65001.33]",65000.43,"[0.001,0.002,0.003,0.004,0.005,0.006,0.007,0.008,0.009000000000000001,0.01]",0.001,"[65000.23,65000.130000000005,65000.03,64999.93,64999.83,64999.73,64999.630000000005,64999.53,64999.43,64999.33]",65000.23,"[0.001,0.002,0.003,0.004,0.005,0.006,0.007,0.008,0.009000000000000001,0.01]",0.001,1633,mock,InstrumentType.Spot,613646416,mock,BTC-USDT
2199944884,0,0,1783610796422227862,101,depth,"[65000.439999999995,65000.53999999999,65000.64,65000.74,65000.84,65000.939999999995,65001.03999999999,65001.14,65001.24,65001.34]",65000.439999999995,"[0.001,0.002,0.003,0.004,0.005,0.006,0.007,0.008,0.009000000000000001,0.01]",0.001,"[65000.24,65000.14,65000.03999999999,64999.939999999995,64999.84,64999.74,64999.64,64999.53999999999,64999.439999999995,64999.34]",65000.24,"[0.001,0.002,0.003,0.004,0.005,0.006,0.007,0.008,0.009000000000000001,0.01]",0.001,1634,mock,InstrumentType.Spot,613646976,mock,BTC-USDT
2199944884,0,0,1783610796422527561,101,depth,"[65000.45,65000.549999999996,65000.65,65000.75,65000.85,65000.95,65001.049999999996,65001.15,65001.25,65001.35]",65000.45,"[0.001,0.002,0.003,0.004,0.005,0.006,0.007,0.008,0.009000000000000001,0.01]",0.001,"[65000.25,65000.15,65000.049999999996,64999.95,64999.85,64999.75,64999.65,64999.549999999996,64999.45,64999.35]",65000.25,"[0.001,0.002,0.003,0.004,0.005,0.006,0.007,0.008,0.009000000000000001,0.01]",0.001,1635,mock,InstrumentType.Spot,613647536,mock,BTC-USDT
2199944884,0,0,1783610796422827556,101,depth,"[65000.46,65000.56,65000.66,65000.76,65000.86,65000.96,65001.06,65001.16,65001.26,65001.36]",65000.46,"[0.001,0.002,0.003,0.004,0.005,0.006,0.007,0.008,0.009000000000000001,0.01]",0.001,"[65000.26,65000.16,65000.06,64999.96,64999.86,64999.76,64999.66,64999.56,64999.46,64999.36]",65000.26,"[0.001,0.002,0.003,0.004,0.005,0.006,0.007,0.008,0.009000000000000001,0.01]",0.001,1636,mock,InstrumentType.Spot,613648096,mock,BTC-USDT
2199944884,0,0,1783610796423127596,101,depth,"[65000.47,65000.57,65000.670000000006,65000.770000000004,65000.87,65000.97,65001.07,65001.170000000006,65001.270000000004,65001.37]",65000.47,"[0.001,0.002,0.003,0.004,0.005,0.006,0.007,0.008,0.009000000000000001,0.01]",0.001,"[65000.270000000004,65000.170000000006,65000.07,64999.97,64999.87,64999.770000000004,64999.670000000006,64999.57,64999.47,64999.37]",65000.270000000004,"[0.001,0.002,0.003,0.004,0.005,0.006,0.007,0.008,0.009000000000000001,0.01]",0.001,1637,mock,InstrumentType.Spot,613648656,mock,BTC-USDT
2199944884,0,0,1783610796423427538,101,depth,"[65000.479999999996,65000.579999999994,65000.68,65000.78,65000.88,65000.979999999996,65001.079999999994,65001.18,65001.28,65001.38]",65000.479999999996,"[0.001,0.002,0.003,0.004,0.005,0.006,0.007,0.008,0.009000000000000001,0.01]",0.001,"[65000.28,65000.18,65000.079999999994,64999.979999999996,64999.88,64999.78,64999.68,64999.579999999994,64999.479999999996,64999.38]",65000.28,"[0.001,0.002,0.003,0.004,0.005,0.006,0.007,0.008,0.009000000000000001,0.01]",0.001,1638,mock,InstrumentType.Spot,613649216,mock,BTC-USDT
2199944884,0,0,1783610796423727619,101,depth,"[65000.49,65000.59,65000.69,65000.79,65000.89,65000.99,65001.09,65001.19,65001.29,65001.39]",65000.49,"[0.001,0.002,0.003,0.004,0.005,0.006,0.007,0.008,0.009000000000000001,0.01]",0.001,"[65000.29,65000.19,65000.09,64999.99,64999.89,64999.79,64999.69,64999.59,64999.49,64999.39]",65000.29,"[0.001,0.002,0.003,0.004,0.005,0.006,0.007,0.008,0.009000000000000001,0.01]",0.001,1639,mock,InstrumentType.Spot,613649776,mock,BTC-USDT
2199944884,0,0,1783610796424027551,101,depth,"[65000.5,65000.6,65000.700000000004,65000.8,65000.9,65001.0,65001.1,65001.200000000004,65001.3,65001.4]",65000.5,"[0.001,0.002,0.003,0.004,0.005,0.006,0.007,0.008,0.009000000000000001,0.01]",0.001,"[65000.3,65000.200000000004,65000.1,65000.0,64999.9,64999.8,64999.700000000004,64999.6,64999.5,64999.4]",65000.3,"[0.001,0.002,0.003,0.004,0.005,0.006,0.007,0.008,0.009000000000000001,0.01]",0.001,1640,mock,InstrumentType.Spot,613650336,mock,BTC-USDT
2199944884,0,0,1783610796424327601,101,depth,"[65000.51,65000.61,65000.71000000001,65000.810000000005,65000.91,65001.01,65001.11,65001.21000000001,65001.310000000005,65001.41]",65000.51,"[0.001,0.002,0.003,0.004,0.005,0.006,0.007,0.008,0.009000000000000001,0.01]",0.001,"[65000.310000000005,65000.21000000001,65000.11,65000.01,64999.91,64999.810000000005,64999.71000000001,64999.61,64999.51,64999.41]",65000.310000000005,"[0.001,0.002,0.003,0.004,0.005,0.006,0.007,0.008,0.009000000000000001,0.01]",0.001,1641,mock,InstrumentType.Spot,613650896,mock,BTC-USDT
2199944884,0,0,1783610796424633319,101,depth,"[65000.52,65000.619999999995,65000.72,65000.82,65000.92,65001.02,65001.119999999995,65001.22,65001.32,65001.42]",65000.52,"[0.001,0.002,0.003,0.004,0.005,0.006,0.007,0.008,0.009000000000000001,0.01]",0.001,"[65000.32,65000.22,65000.119999999995,65000.02,64999.92,64999.82,64999.72,64999.619999999995,64999.52,64999.42]",65000.32,"[0.001,0.002,0.003,0.004,0.005,0.006,0.007,0.008,0.009000000000000001,0.01]",0.001,1642,mock,InstrumentType.Spot,613651456,mock,BTC-USDT
2199944884,0,0,1783610796424927599,101,depth,"[65000.53,65000.63,65000.73,65000.83,65000.93,65001.03,65001.13,65001.23,65001.33,65001.43]",65000.53,"[0.001,0.002,0.003,0.004,0.005,0.006,0.007,0.008,0.009000000000000001,0.01]",0.001,"[65000.33,65000.23,65000.13,65000.03,64999.93,64999.83,64999.73,64999.63,64999.53,64999.43]",65000.33,"[0.001,0.002,0.003,0.004,0.005,0.006,0.007,0.008,0.009000000000000001,0.01]",0.001,1643,mock,InstrumentType.Spot,613652016,mock,BTC-USDT
2199944884,0,0,1783610796425227628,101,depth,"[65000.54,65000.64,65000.740000000005,65000.840000000004,65000.94,65001.04,65001.14,65001.240000000005,65001.340000000004,65001.44]",65000.54,"[0.001,0.002,0.003,0.004,0.005,0.006,0.007,0.008,0.009000000000000001,0.01]",0.001,"[65000.340000000004,65000.240000000005,65000.14,65000.04,64999.94,64999.840000000004,64999.740000000005,64999.64,64999.54,64999.44]",65000.340000000004,"[0.001,0.002,0.003,0.004,0.005,0.006,0.007,0.008,0.009000000000000001,0.01]",0.001,1644,mock,InstrumentType.Spot,613652576,mock,BTC-USDT
2199944884,0,0,1783610796425527629,101,depth,"[65000.549999999996,65000.649999999994,65000.75,65000.85,65000.95,65001.049999999996,65001.149999999994,65001.25,65001.35,65001.45]",65000.549999999996,"[0.001,0.002,0.003,0.004,0.005,0.006,0.007,0.008,0.009000000000000001,0.01]",0.001,"[65000.35,65000.25,65000.149999999994,65000.049999999996,64999.95,64999.85,64999.75,64999.649999999994,64999.549999999996,64999.45]",65000.35,"[0.001,0.002,0.003,0.004,0.005,0.006,0.007,0.008,0.009000000000000001,0.01]",0.001,1645,mock,InstrumentType.Spot,613653136,mock,BTC-USDT
2199944884,0,0,1783610796425827607,101,depth,"[65000.56,65000.659999999996,65000.76,65000.86,65000.96,65001.06,65001.159999999996,65001.26,65001.36,65001.46]",65000.56,"[0.001,0.002,0.003,0.004,0.005,0.006,0.007,0.008,0.009000000000000001,0.01]",0.001,"[65000.36,65000.26,65000.159999999996,65000.06,64999.96,64999.86,64999.76,64999.659999999996,64999.56,64999.46]",65000.36,"[0.001,0.002,0.003,0.004,0.005,0.006,0.007,0.008,0.009000000000000001,0.01]",0.001,1646,mock,InstrumentType.Spot,613653696,mock,BTC-USDT
2199944884,0,0,1783610796426127555,101,depth,"[65000.57,65000.67,65000.770000000004,65000.87,65000.97,65001.07,65001.17,65001.270000000004,65001.37,65001.47]",65000.57,"[0.001,0.002,0.003,0.004,0.005,0.006,0.007,0.008,0.009000000000000001,0.01]",0.001,"[65000.37,65000.270000000004,65000.17,65000.07,64999.97,64999.87,64999.770000000004,64999.67,64999.57,64999.47]",65000.37,"[0.001,0.002,0.003,0.004,0.005,0.006,0.007,0.008,0.009000000000000001,0.01]",0.001,1647,mock,InstrumentType.Spot,613654256,mock,BTC-USDT
2199944884,0,0,1783610796426427553,101,depth,"[65000.58,65000.68,65000.780000000006,65000.880000000005,65000.98,65001.08,65001.18,65001.280000000006,65001.380000000005,65001.48]",65000.58,"[0.001,0.002,0.003,0.004,0.005,0.006,0.007,0.008,0.009000000000000001,0.01]",0.001,"[65000.380000000005,65000.280000000006,65000.18,65000.08,64999.98,64999.880000000005,64999.780000000006,64999.68,64999.58,64999.48]",65000.380000000005,"[0.001,0.002,0.003,0.004,0.005,0.006,0.007,0.008,0.009000000000000001,0.01]",0.001,1648,mock,InstrumentType.Spot,613654816,mock,BTC-USDT
2199944884,0,0,1783610796426727513,101,depth,"[65000.59,65000.689999999995,65000.79,65000.89,65000.99,65001.09,65001.189999999995,65001.29,65001.39,65001.49]",65000.59,"[0.001,0.002,0.003,0.004,0.005,0.006,0.007,0.008,0.009000000000000001,0.01]",0.001,"[65000.39,65000.29,65000.189999999995,65000.09,64999.99,64999.89,64999.79,64999.689999999995,64999.59,64999.49]",65000.39,"[0.001,0.002,0.003,0.004,0.005,0.006,0.007,0.008,0.009000000000000001,0.01]",0.001,1649,mock,InstrumentType.Spot,613655376,mock,BTC-USDT
2199944884,0,0,1783610796427027338,101,depth,"[65000.6,65000.7,65000.8,65000.9,65001.0,65001.1,65001.2,65001.3,65001.4,65001.5]",65000.6,"[0.001,0.002,0.003,0.004,0.005,0.006,0.007,0.008,0.009000000000000001,0.01]",0.001,"[65000.4,65000.3,65000.2,65000.1,65000.0,64999.9,64999.8,64999.7,64999.6,64999.5]",65000.4,"[0.001,0.002,0.003,0.004,0.005,0.006,0.007,0.008,0.009000000000000001,0.01]",0.001,1650,mock,InstrumentType.Spot,613655936,mock,BTC-USDT
2199944884,0,0,1783610796427327522,101,depth,"[65000.61,65000.71,65000.810000000005,65000.91,65001.01,65001.11,65001.21,65001.310000000005,65001.41,65001.51]",65000.61,"[0.001,0.002,0.003,0.004,0.005,0.006,0.007,0.008,0.009000000000000001,0.01]",0.001,"[65000.41,65000.310000000005,65000.21,65000.11,65000.01,64999.91,64999.810000000005,64999.71,64999.61,64999.51]",65000.41,"[0.001,0.002,0.003,0.004,0.005,0.006,0.007,0.008,0.009000000000000001,0.01]",0.001,1651,mock,InstrumentType.Spot,613656496,mock,BTC-USDT
2199944884,0,0,1783610796427632088,101,depth,"[65000.619999999995,65000.719999999994,65000.82,65000.92,65001.02,65001.119999999995,65001.219999999994,65001.32,65001.42,65001.52]",65000.619999999995,"[0.001,0.002,0.003,0.004,0.005,0.006,0.007,0.008,0.009000000000000001,0.01]",0.001,"[65000.42,65000.32,65000.219999999994,65000.119999999995,65000.02,64999.92,64999.82,64999.719999999994,64999.619999999995,64999.52]",65000.42,"[0.001,0.002,0.003,0.004,0.005,0.006,0.007,0.008,0.009000000000000001,0.01]",0.001,1652,mock,InstrumentType.Spot,613657056,mock,BTC-USDT
2199944884,0,0,1783610796427927442,101,depth,"[65000.63,65000.729999999996,65000.83,65000.93,65001.03,65001.13,65001.229999999996,65001.33,65001.43,65001.53]",65000.63,"[0.001,0.002,0.003,0.004,0.005,0.006,0.007,0.008,0.009000000000000001,0.01]",0.001,"[65000.43,65000.33,65000.229999999996,65000.13,65000.03,64999.93,64999.83,64999.729999999996,64999.63,64999.53]",65000.43,"[0.001,0.002,0.003,0.004,0.005,0.006,0.007,0.008,0.009000000000000001,0.01]",0.001,1653,mock,InstrumentType.Spot,613657616,mock,BTC-USDT
2199944884,0,0,1783610796428227663,101,depth,"[65000.64,65000.74,65000.840000000004,65000.94,65001.04,65001.14,65001.24,65001.340000000004,65001.44,65001.54]",65000.64,"[0.001,0.002,0.003,0.004,0.005,0.006,0.007,0.008,0.009000000000000001,0.01]",0.001,"[65000.44,65000.340000000004,65000.24,65000.14,65000.04,64999.94,64999.840000000004,64999.74,64999.64,64999.54]",65000.44,"[0.001,0.002,0.003,0.004,0.005,0.006,0.007,0.008,0.009000000000000001,0.01]",0.001,1654,mock,InstrumentType.Spot,613658176,mock,BTC-USDT
2199944884,0,0,1783610796428527362,101,depth,"[65000.65,65000.75,65000.850000000006,65000.950000000004,65001.05,65001.15,65001.25,65001.350000000006,65001.450000000004,65001.55]",65000.65,"[0.001,0.002,0.003,0.004,0.005,0.006,0.007,0.008,0.009000000000000001,0.01]",0.001,"[65000.450000000004,65000.350000000006,65000.25,65000.15,65000.05,64999.950000000004,64999.850000000006,64999.75,64999.65,64999.55]",65000.450000000004,"[0.001,0.002,0.003,0.004,0.005,0.006,0.007,0.008,0.009000000000000001,0.01]",0.001,1655,mock,InstrumentType.Spot,613658736,mock,BTC-USDT
2199944884,0,0,1783610796428827377,101,depth,"[65000.659999999996,65000.759999999995,65000.86,65000.96,65001.06,65001.159999999996,65001.259999999995,65001.36,65001.46,65001.56]",65000.659999999996,"[0.001,0.002,0.003,0.004,0.005,0.006,0.007,0.008,0.009000000000000001,0.01]",0.001,"[65000.46,65000.36,65000.259999999995,65000.159999999996,65000.06,64999.96,64999.86,64999.759999999995,64999.659999999996,64999.56]",65000.46,"[0.001,0.002,0.003,0.004,0.005,0.006,0.007,0.008,0.009000000000000001,0.01]",0.001,1656,mock,InstrumentType.Spot,613659296,mock,BTC-USDT
2199944884,0,0,1783610796429127434,101,depth,"[65000.67,65000.77,65000.87,65000.97,65001.07,65001.17,65001.27,65001.37,65001.47,65001.57]",65000.67,"[0.001,0.002,0.003,0.004,0.005,0.006,0.007,0.008,0.009000000000000001,0.01]",0.001,"[65000.47,65000.37,65000.27,65000.17,65000.07,64999.97,64999.87,64999.77,64999.67,64999.57]",65000.47,"[0.001,0.002,0.003,0.004,0.005,0.006,0.007,0.008,0.009000000000000001,0.01]",0.001,1657,mock,InstrumentType.Spot,613659856,mock,BTC-USDT
2199944884,0,0,1783610796429427432,101,depth,"[65000.68,65000.78,65000.880000000005,65000.98,65001.08,65001.18,65001.28,65001.380000000005,65001.48,65001.58]",65000.68,"[0.001,0.002,0.003,0.004,0.005,0.006,0.007,0.008,0.009000000000000001,0.01]",0.001,"[65000.48,65000.380000000005,65000.28,65000.18,65000.08,64999.98,64999.880000000005,64999.78,64999.68,64999.58]",65000.48,"[0.001,0.002,0.003,0.004,0.005,0.006,0.007,0.008,0.009000000000000001,0.01]",0.001,1658,mock,InstrumentType.Spot,613660416,mock,BTC-USDT
2199944884,0,0,1783610796429727993,101,depth,"[65000.689999999995,65000.78999999999,65000.89,65000.99,65001.09,65001.189999999995,65001.28999999999,65001.39,65001.49,65001.59]",65000.689999999995,"[0.001,0.002,0.003,0.004,0.005,0.006,0.007,0.008,0.009000000000000001,0.01]",0.001,"[65000.49,65000.39,65000.28999999999,65000.189999999995,65000.09,64999.99,64999.89,64999.78999999999,64999.689999999995,64999.59]",65000.49,"[0.001,0.002,0.003,0.004,0.005,0.006,0.007,0.008,0.009000000000000001,0.01]",0.001,1659,mock,InstrumentType.Spot,613660976,mock,BTC-USDT
2199944884,0,0,1783610796430027611,101,depth,"[65000.7,65000.799999999996,65000.9,65001.0,65001.1,65001.2,65001.299999999996,65001.4,65001.5,65001.6]",65000.7,"[0.001,0.002,0.003,0.004,0.005,0.006,0.007,0.008,0.009000000000000001,0.01]",0.001,"[65000.5,65000.4,65000.299999999996,65000.2,65000.1,65000.0,64999.9,64999.799999999996,64999.7,64999.6]",65000.5,"[0.001,0.002,0.003,0.004,0.005,0.006,0.007,0.008,0.009000000000000001,0.01]",0.001,1660,mock,InstrumentType.Spot,613661536,mock,BTC-USDT
2199944884,0,0,1783610796430327401,101,depth,"[65000.71,65000.81,65000.91,65001.01,65001.11,65001.21,65001.31,65001.41,65001.51,65001.61]",65000.71,"[0.001,0.002,0.003,0.004,0.005,0.006,0.007,0.008,0.009000000000000001,0.01]",0.001,"[65000.51,65000.41,65000.31,65000.21,65000.11,65000.01,64999.91,64999.81,64999.71,64999.61]",65000.51,"[0.001,0.002,0.003,0.004,0.005,0.006,0.007,0.008,0.009000000000000001,0.01]",0.001,1661,mock,InstrumentType.Spot,613662096,mock,BTC-USDT
2199944884,0,0,1783610796430632878,101,depth,"[65000.72,65000.82,65000.920000000006,65001.020000000004,65001.12,65001.22,65001.32,65001.420000000006,65001.520000000004,65001.62]",65000.72,"[0.001,0.002,0.003,0.004,0.005,0.006,0.007,0.008,0.009000000000000001,0.01]",0.001,"[65000.520000000004,65000.420000000006,65000.32,65000.22,65000.12,65000.020000000004,64999.920000000006,64999.82,64999.72,64999.62]",65000.520000000004,"[0.001,0.002,0.003,0.004,0.005,0.006,0.007,0.008,0.009000000000000001,0.01]",0.001,1662,mock,InstrumentType.Spot,613662656,mock,BTC-USDT
2199944884,0,0,1783610796430927687,101,depth,"[65000.729999999996,65000.829999999994,65000.93,65001.03,65001.13,65001.229999999996,65001.329999999994,65001.43,65001.53,65001.63]",65000.729999999996,"[0.001,0.002,0.003,0.004,0.005,0.006,0.007,0.008,0.009000000000000001,0.01]",0.001,"[65000.53,65000.43,65000.329999999994,65000.229999999996,65000.13,65000.03,64999.93,64999.829999999994,64999.729999999996,64999.63]",65000.53,"[0.001,0.002,0.003,0.004,0.005,0.006,0.007,0.008,0.009000000000000001,0.01]",0.001,1663,mock,InstrumentType.Spot,613663216,mock,BTC-USDT
2199944884,0,0,1783610796431228214,101,depth,"[65000.74,65000.84,65000.94,65001.04,65001.14,65001.24,65001.34,65001.44,65001.54,65001.64]",65000.74,"[0.001,0.002,0.003,0.004,0.005,0.006,0.007,0.008,0.009000000000000001,0.01]",0.001,"[65000.54,65000.44,65000.34,65000.24,65000.14,65000.04,64999.94,64999.84,64999.74,64999.64]",65000.54,"[0.001,0.002,0.003,0.004,0.005,0.006,0.007,0.008,0.009000000000000001,0.01]",0.001,1664,mock,InstrumentType.Spot,613663776,mock,BTC-USDT
2199944884,0,0,1783610796431528063,101,depth,"[65000.75,65000.85,65000.950000000004,65001.05,65001.15,65001.25,65001.35,65001.450000000004,65001.55,65001.65]",65000.75,"[0.001,0.002,0.003,0.004,0.005,0.006,0.007,0.008,0.009000000000000001,0.01]",0.001,"[65000.55,65000.450000000004,65000.35,65000.25,65000.15,65000.05,64999.950000000004,64999.85,64999.75,64999.65]",65000.55,"[0.001,0.002,0.003,0.004,0.005,0.006,0.007,0.008,0.009000000000000001,0.01]",0.001,1665,mock,InstrumentType.Spot,613664336,mock,BTC-USDT
2199944884,0,0,1783610796431827511,101,depth,"[65000.76,65000.86,65000.96000000001,65001.060000000005,65001.16,65001.26,65001.36,65001.46000000001,65001.560000000005,65001.66]",65000.76,"[0.001,0.002,0.003,0.004,0.005,0.006,0.007,0.008,0.009000000000000001,0.01]",0.001,"[65000.560000000005,65000.46000000001,65000.36,65000.26,65000.16,65000.060000000005,64999.96000000001,64999.86,64999.76,64999.66]",65000.560000000005,"[0.001,0.002,0.003,0.004,0.005,0.006,0.007,0.008,0.009000000000000001,0.01]",0.001,1666,mock,InstrumentType.Spot,613664896,mock,BTC-USDT
2199944884,0,0,1783610796432127637,101,depth,"[65000.77,65000.869999999995,65000.97,65001.07,65001.17,65001.27,65001.369999999995,65001.47,65001.57,65001.67]",65000.77,"[0.001,0.002,0.003,0.004,0.005,0.006,0.007,0.008,0.009000000000000001,0.01]",0.001,"[65000.57,65000.47,65000.369999999995,65000.27,65000.17,65000.07,64999.97,64999.869999999995,64999.77,64999.67]",65000.57,"[0.001,0.002,0.003,0.004,0.005,0.006,0.007,0.008,0.009000000000000001,0.01]",0.001,1667,mock,InstrumentType.Spot,613665456,mock,BTC-USDT
2199944884,0,0,1783610796432428003,101,depth,"[65000.78,65000.88,65000.98,65001.08,65001.18,65001.28,65001.38,65001.48,65001.58,65001.68]",65000.78,"[0.001,0.002,0.003,0.004,0.005,0.006,0.007,0.008,0.009000000000000001,0.01]",0.001,"[65000.58,65000.48,65000.38,65000.28,65000.18,65000.08,64999.98,64999.88,64999.78,64999.68]",65000.58,"[0.001,0.002,0.003,0.004,0.005,0.006,0.007,0.008,0.009000000000000001,0.01]",0.001,1668,mock,InstrumentType.Spot,613666016,mock,BTC-USDT
2199944884,0,0,1783610796432728794,101,depth,"[65000.79,65000.89,65000.990000000005,65001.090000000004,65001.19,65001.29,65001.39,65001.490000000005,65001.590000000004,65001.69]",65000.79,"[0.001,0.002,0.003,0.004,0.005,0.006,0.007,0.008,0.009000000000000001,0.01]",0.001,"[65000.590000000004,65000.490000000005,65000.39,65000.29,65000.19,65000.090000000004,64999.990000000005,64999.89,64999.79,64999.69]",65000.590000000004,"[0.001,0.002,0.003,0.004,0.005,0.006,0.007,0.008,0.009000000000000001,0.01]",0.001,1669,mock,InstrumentType.Spot,613666576,mock,BTC-USDT
2199944884,0,0,1783610796433028560,101,depth,"[65000.799999999996,65000.899999999994,65001.0,65001.1,65001.2,65001.299999999996,65001.399999999994,65001.5,65001.6,65001.7]",65000.799999999996,"[0.001,0.002,0.003,0.004,0.005,0.006,0.007,0.008,0.009000000000000001,0.01]",0.001,"[65000.6,65000.5,65000.399999999994,65000.299999999996,65000.2,65000.1,65000.0,64999.899999999994,64999.799999999996,64999.7]",65000.6,"[0.001,0.002,0.003,0.004,0.005,0.006,0.007,0.008,0.009000000000000001,0.01]",0.001,1670,mock,InstrumentType.Spot,613667136,mock,BTC-USDT
2199944884,0,0,1783610796433337940,101,depth,"[65000.81,65000.909999999996,65001.01,65001.11,65001.21,65001.31,65001.409999999996,65001.51,65001.61,65001.71]",65000.81,"[0.001,0.002,0.003,0.004,0.005,0.006,0.007,0.008,0.009000000000000001,0.01]",0.001,"[65000.61,65000.51,65000.409999999996,65000.31,65000.21,65000.11,65000.01,64999.909999999996,64999.81,64999.71]",65000.61,"[0.001,0.002,0.003,0.004,0.005,0.006,0.007,0.008,0.009000000000000001,0.01]",0.001,1671,mock,InstrumentType.Spot,613667696,mock,BTC-USDT
2199944884,0,0,1783610796433629979,101,depth,"[65000.82,65000.92,65001.020000000004,65001.12,65001.22,65001.32,65001.42,65001.520000000004,65001.62,65001.72]",65000.82,"[0.001,0.002,0.003,0.004,0.005,0.006,0.007,0.008,0.009000000000000001,0.01]",0.001,"[65000.62,65000.520000000004,65000.42,65000.32,65000.22,65000.12,65000.020000000004,64999.92,64999.82,64999.72]",65000.62,"[0.001,0.002,0.003,0.004,0.005,0.006,0.007,0.008,0.009000000000000001,0.01]",0.001,1672,mock,InstrumentType.Spot,613668256,mock,BTC-USDT
2199944884,0,0,1783610796433927798,101,depth,"[65000.83,65000.93,65001.030000000006,65001.130000000005,65001.23,65001.33,65001.43,65001.530000000006,65001.630000000005,65001.73]",65000.83,"[0.001,0.002,0.003,0.004,0.005,0.006,0.007,0.008,0.009000000000000001,0.01]",0.001,"[65000.630000000005,65000.530000000006,65000.43,65000.33,65000.23,65000.130000000005,65000.030000000006,64999.93,64999.83,64999.73]",65000.630000000005,"[0.001,0.002,0.003,0.004,0.005,0.006,0.007,0.008,0.009000000000000001,0.01]",0.001,1673,mock,InstrumentType.Spot,613668816,mock,BTC-USDT
2199944884,0,0,1783610796434228053,101,depth,"[65000.84,65000.939999999995,65001.04,65001.14,65001.24,65001.34,65001.439999999995,65001.54,65001.64,65001.74]",65000.84,"[0.001,0.002,0.003,0.004,0.005,0.006,0.007,0.008,0.009000000000000001,0.01]",0.001,"[65000.64,65000.54,65000.439999999995,65000.34,65000.24,65000.14,65000.04,64999.939999999995,64999.84,64999.74]",65000.64,"[0.001,0.002,0.003,0.004,0.005,0.006,0.007,0.008,0.009000000000000001,0.01]",0.001,1674,mock,InstrumentType.Spot,613669376,mock,BTC-USDT
2199944884,0,0,1783610796434527760,101,depth,"[65000.85,65000.95,65001.05,65001.15,65001.25,65001.35,65001.45,65001.55,65001.65,65001.75]",65000.85,"[0.001,0.002,0.003,0.004,0.005,0.006,0.007,0.008,0.009000000000000001,0.01]",0.001,"[65000.65,65000.55,65000.45,65000.35,65000.25,65000.15,65000.05,64999.95,64999.85,64999.75]",65000.65,"[0.001,0.002,0.003,0.004,0.005,0.006,0.007,0.008,0.009000000000000001,0.01]",0.001,1675,mock,InstrumentType.Spot,613669936,mock,BTC-USDT
2199944884,0,0,1783610796434827904,101,depth,"[65000.86,65000.96,65001.060000000005,65001.16,65001.26,65001.36,65001.46,65001.560000000005,65001.66,65001.76]",65000.86,"[0.001,0.002,0.003,0.004,0.005,0.006,0.007,0.008,0.009000000000000001,0.01]",0.001,"[65000.66,65000.560000000005,65000.46,65000.36,65000.26,65000.16,65000.060000000005,64999.96,64999.86,64999.76]",65000.66,"[0.001,0.002,0.003,0.004,0.005,0.006,0.007,0.008,0.009000000000000001,0.01]",0.001,1676,mock,InstrumentType.Spot,613670496,mock,BTC-USDT
2199944884,0,0,1783610796435127751,101,depth,"[65000.869999999995,65000.969999999994,65001.07,65001.17,65001.27,65001.369999999995,65001.469999999994,65001.57,65001.67,65001.77]",65000.869999999995,"[0.001,0.002,0.003,0.004,0.005,0.006,0.007,0.008,0.009000000000000001,0.01]",0.001,"[65000.67,65000.57,65000.469999999994,65000.369999999995,65000.27,65000.17,65000.07,64999.969999999994,64999.869999999995,64999.77]",65000.67,"[0.001,0.002,0.003,0.004,0.005,0.006,0.007,0.008,0.009000000000000001,0.01]",0.001,1677,mock,InstrumentType.Spot,613671056,mock,BTC-USDT
2199944884,0,0,1783610796435427964,101,depth,"[65000.88,65000.979999999996,65001.08,65001.18,65001.28,65001.38,65001.479999999996,65001.58,65001.68,65001.78]",65000.88,"[0.001,0.002,0.003,0.004,0.005,0.006,0.007,0.008,0.009000000000000001,0.01]",0.001,"[65000.68,65000.58,65000.479999999996,65000.38,65000.28,65000.18,65000.08,64999.979999999996,64999.88,64999.78]",65000.68,"[0.001,0.002,0.003,0.004,0.005,0.006,0.007,0.008,0.009000000000000001,0.01]",0.001,1678,mock,InstrumentType.Spot,613671616,mock,BTC-USDT
2199944884,0,0,1783610796435727689,101,depth,"[65000.89,65000.99,65001.090000000004,65001.19,65001.29,65001.39,65001.49,65001.590000000004,65001.69,65001.79]",65000.89,"[0.001,0.002,0.003,0.004,0.005,0.006,0.007,0.008,0.009000000000000001,0.01]",0.001,"[65000.69,65000.590000000004,65000.49,65000.39,65000.29,65000.19,65000.090000000004,64999.99,64999.89,64999.79]",65000.69,"[0.001,0.002,0.003,0.004,0.005,0.006,0.007,0.008,0.009000000000000001,0.01]",0.001,1679,mock,InstrumentType.Spot,613672176,mock,BTC-USDT
2199944884,0,0,1783610796436028337,101,depth,"[65000.9,65001.0,65001.100000000006,65001.200000000004,65001.3,65001.4,65001.5,65001.600000000006,65001.700000000004,65001.8]",65000.9,"[0.001,0.002,0.003,0.004,0.005,0.006,0.007,0.008,0.009000000000000001,0.01]",0.001,"[65000.700000000004,65000.600000000006,65000.5,65000.4,65000.3,65000.200000000004,65000.100000000006,65000.0,64999.9,64999.8]",65000.700000000004,"[0.001,0.002,0.003,0.004,0.005,0.006,0.007,0.008,0.009000000000000001,0.01]",0.001,1680,mock,InstrumentType.Spot,613672736,mock,BTC-USDT
2199944884,0,0,1783610796436337920,101,depth,"[65000.909999999996,65001.009999999995,65001.11,65001.21,65001.31,65001.409999999996,65001.509999999995,65001.61,65001.71,65001.81]",65000.909999999996,"[0.001,0.002,0.003,0.004,0.005,0.006,0.007,0.008,0.009000000000000001,0.01]",0.001,"[65000.71,65000.61,65000.509999999995,65000.409999999996,65000.31,65000.21,65000.11,65000.009999999995,64999.909999999996,64999.81]",65000.71,"[0.001,0.002,0.003,0.004,0.005,0.006,0.007,0.008,0.009000000000000001,0.01]",0.001,1681,mock,InstrumentType.Spot,613673296,mock,BTC-USDT
2199944884,0,0,1783610796436628200,101,depth,"[65000.92,65001.02,65001.12,65001.22,65001.32,65001.42,65001.52,65001.62,65001.72,65001.82]",65000.92,"[0.001,0.002,0.003,0.004,0.005,0.006,0.007,0.008,0.009000000000000001,0.01]",0.001,"[65000.72,65000.62,65000.52,65000.42,65000.32,65000.22,65000.12,65000.02,64999.92,64999.82]",65000.72,"[0.001,0.002,0.003,0.004,0.005,0.006,0.007,0.008,0.009000000000000001,0.01]",0.001,1682,mock,InstrumentType.Spot,613673856,mock,BTC-USDT
2199944884,0,0,1783610796436927910,101,depth,"[65000.93,65001.03,65001.130000000005,65001.23,65001.33,65001.43,65001.53,65001.630000000005,65001.73,65001.83]",65000.93,"[0.001,0.002,0.003,0.004,0.005,0.006,0.007,0.008,0.009000000000000001,0.01]",0.001,"[65000.73,65000.630000000005,65000.53,65000.43,65000.33,65000.23,65000.130000000005,65000.03,64999.93,64999.83]",65000.73,"[0.001,0.002,0.003,0.004,0.005,0.006,0.007,0.008,0.009000000000000001,0.01]",0.001,1683,mock,InstrumentType.Spot,613674416,mock,BTC-USDT
2199944884,0,0,1783610796437227606,101,depth,"[65000.939999999995,65001.03999999999,65001.14,65001.24,65001.34,65001.439999999995,65001.53999999999,65001.64,65001.74,65001.84]",65000.939999999995,"[0.001,0.002,0.003,0.004,0.005,0.006,0.007,0.008,0.009000000000000001,0.01]",0.001,"[65000.74,65000.64,65000.53999999999,65000.439999999995,65000.34,65000.24,65000.14,65000.03999999999,64999.939999999995,64999.84]",65000.74,"[0.001,0.002,0.003,0.004,0.005,0.006,0.007,0.008,0.009000000000000001,0.01]",0.001,1684,mock,InstrumentType.Spot,613674976,mock,BTC-USDT
2199944884,0,0,1783610796437527715,101,depth,"[65000.95,65001.049999999996,65001.15,65001.25,65001.35,65001.45,65001.549999999996,65001.65,65001.75,65001.85]",65000.95,"[0.001,0.002,0.003,0.004,0.005,0.006,0.007,0.008,0.009000000000000001,0.01]",0.001,"[65000.75,65000.65,65000.549999999996,65000.45,65000.35,65000.25,65000.15,65000.049999999996,64999.95,64999.85]",65000.75,"[0.001,0.002,0.003,0.004,0.005,0.006,0.007,0.008,0.009000000000000001,0.01]",0.001,1685,mock,InstrumentType.Spot,613675536,mock,BTC-USDT
2199944884,0,0,1783610796437827566,101,depth,"[65000.96,65001.06,65001.16,65001.26,65001.36,65001.46,65001.56,65001.66,65001.76,65001.86]",65000.96,"[0.001,0.002,0.003,0.004,0.005,0.006,0.007,0.008,0.009000000000000001,0.01]",0.001,"[65000.76,65000.66,65000.56,65000.46,65000.36,65000.26,65000.16,65000.06,64999.96,64999.86]",65000.76,"[0.001,0.002,0.003,0.004,0.005,0.006,0.007,0.008,0.009000000000000001,0.01]",0.001,1686,mock,InstrumentType.Spot,613676096,mock,BTC-USDT
2199944884,0,0,1783610796438127744,101,depth,"[65000.97,65001.07,65001.170000000006,65001.270000000004,65001.37,65001.47,65001.57,65001.670000000006,65001.770000000004,65001.87]",65000.97,"[0.001,0.002,0.003,0.004,0.005,0.006,0.007,0.008,0.009000000000000001,0.01]",0.001,"[65000.770000000004,65000.670000000006,65000.57,65000.47,65000.37,65000.270000000004,65000.170000000006,65000.07,64999.97,64999.87]",65000.770000000004,"[0.001,0.002,0.003,0.004,0.005,0.006,0.007,0.008,0.009000000000000001,0.01]",0.001,1687,mock,InstrumentType.Spot,613676656,mock,BTC-USDT
2199944884,0,0,1783610796438427692,101,depth,"[65000.979999999996,65001.079999999994,65001.18,65001.28,65001.38,65001.479999999996,65001.579999999994,65001.68,65001.78,65001.88]",65000.979999999996,"[0.001,0.002,0.003,0.004,0.005,0.006,0.007,0.008,0.009000000000000001,0.01]",0.001,"[65000.78,65000.68,65000.579999999994,65000.479999999996,65000.38,65000.28,65000.18,65000.079999999994,64999.979999999996,64999.88]",65000.78,"[0.001,0.002,0.003,0.004,0.005,0.006,0.007,0.008,0.009000000000000001,0.01]",0.001,1688,mock,InstrumentType.Spot,613677216,mock,BTC-USDT
2199944884,0,0,1783610796438727824,101,depth,"[65000.99,65001.09,65001.19,65001.29,65001.39,65001.49,65001.59,65001.69,65001.79,65001.89]",65000.99,"[0.001,0.002,0.003,0.004,0.005,0.006,0.007,0.008,0.009000000000000001,0.01]",0.001,"[65000.79,65000.69,65000.59,65000.49,65000.39,65000.29,65000.19,65000.09,64999.99,64999.89]",65000.79,"[0.001,0.002,0.003,0.004,0.005,0.006,0.007,0.008,0.009000000000000001,0.01]",0.001,1689,mock,InstrumentType.Spot,613677776,mock,BTC-USDT
2199944884,0,0,1783610796439040080,101,depth,"[65001.0,65001.1,65001.200000000004,65001.3,65001.4,65001.5,65001.6,65001.700000000004,65001.8,65001.9]",65001.0,"[0.001,0.002,0.003,0.004,0.005,0.006,0.007,0.008,0.009000000000000001,0.01]",0.001,"[65000.8,65000.700000000004,65000.6,65000.5,65000.4,65000.3,65000.200000000004,65000.1,65000.0,64999.9]",65000.8,"[0.001,0.002,0.003,0.004,0.005,0.006,0.007,0.008,0.009000000000000001,0.01]",0.001,1690,mock,InstrumentType.Spot,613678336,mock,BTC-USDT
2199944884,0,0,1783610796439330315,101,depth,"[65001.01,65001.11,65001.21000000001,65001.310000000005,65001.41,65001.51,65001.61,65001.71000000001,65001.810000000005,65001.91]",65001.01,"[0.001,0.002,0.003,0.004,0.005,0.006,0.007,0.008,0.009000000000000001,0.01]",0.001,"[65000.810000000005,65000.71000000001,65000.61,65000.51,65000.41,65000.310000000005,65000.21000000001,65000.11,65000.01,64999.91]",65000.810000000005,"[0.001,0.002,0.003,0.004,0.005,0.006,0.007,0.008,0.009000000000000001,0.01]",0.001,1691,mock,InstrumentType.Spot,613678896,mock,BTC-USDT
2199944884,0,0,1783610796439629385,101,depth,"[65001.02,65001.119999999995,65001.22,65001.32,65001.42,65001.52,65001.619999999995,65001.72,65001.82,65001.92]",65001.02,"[0.001,0.002,0.003,0.004,0.005,0.006,0.007,0.008,0.009000000000000001,0.01]",0.001,"[65000.82,65000.72,65000.619999999995,65000.52,65000.42,65000.32,65000.22,65000.119999999995,65000.02,64999.92]",65000.82,"[0.001,0.002,0.003,0.004,0.005,0.006,0.007,0.008,0.009000000000000001,0.01]",0.001,1692,mock,InstrumentType.Spot,613679456,mock,BTC-USDT
2199944884,0,0,1783610796439927528,101,depth,"[65001.03,65001.13,65001.23,65001.33,65001.43,65001.53,65001.63,65001.73,65001.83,65001.93]",65001.03,"[0.001,0.002,0.003,0.004,0.005,0.006,0.007,0.008,0.009000000000000001,0.01]",0.001,"[65000.83,65000.73,65000.63,65000.53,65000.43,65000.33,65000.23,65000.13,65000.03,64999.93]",65000.83,"[0.001,0.002,0.003,0.004,0.005,0.006,0.007,0.008,0.009000000000000001,0.01]",0.001,1693,mock,InstrumentType.Spot,613680016,mock,BTC-USDT
2199944884,0,0,1783610796440227559,101,depth,"[65001.04,65001.14,65001.240000000005,65001.340000000004,65001.44,65001.54,65001.64,65001.740000000005,65001.840000000004,65001.94]",65001.04,"[0.001,0.002,0.003,0.004,0.005,0.006,0.007,0.008,0.009000000000000001,0.01]",0.001,"[65000.840000000004,65000.740000000005,65000.64,65000.54,65000.44,65000.340000000004,65000.240000000005,65000.14,65000.04,64999.94]",65000.840000000004,"[0.001,0.002,0.003,0.004,0.005,0.006,0.007,0.008,0.009000000000000001,0.01]",0.001,1694,mock,InstrumentType.Spot,613680576,mock,BTC-USDT
2199944884,0,0,1783610796440527594,101,depth,"[65001.049999999996,65001.149999999994,65001.25,65001.35,65001.45,65001.549999999996,65001.649999999994,65001.75,65001.85,65001.95]",65001.049999999996,"[0.001,0.002,0.003,0.004,0.005,0.006,0.007,0.008,0.009000000000000001,0.01]",0.001,"[65000.85,65000.75,65000.649999999994,65000.549999999996,65000.45,65000.35,65000.25,65000.149999999994,65000.049999999996,64999.95]",65000.85,"[0.001,0.002,0.003,0.004,0.005,0.006,0.007,0.008,0.009000000000000001,0.01]",0.001,1695,mock,InstrumentType.Spot,613681136,mock,BTC-USDT
2199944884,0,0,1783610796440828846,101,depth,"[65001.06,65001.159999999996,65001.26,65001.36,65001.46,65001.56,65001.659999999996,65001.76,65001.86,65001.96]",65001.06,"[0.001,0.002,0.003,0.004,0.005,0.006,0.007,0.008,0.009000000000000001,0.01]",0.001,"[65000.86,65000.76,65000.659999999996,65000.56,65000.46,65000.36,65000.26,65000.159999999996,65000.06,64999.96]",65000.86,"[0.001,0.002,0.003,0.004,0.005,0.006,0.007,0.008,0.009000000000000001,0.01]",0.001,1696,mock,InstrumentType.Spot,613681696,mock,BTC-USDT
2199944884,0,0,1783610796441129685,101,depth,"[65001.07,65001.17,65001.270000000004,65001.37,65001.47,65001.57,65001.67,65001.770000000004,65001.87,65001.97]",65001.07,"[0.001,0.002,0.003,0.004,0.005,0.006,0.007,0.008,0.009000000000000001,0.01]",0.001,"[65000.87,65000.770000000004,65000.67,65000.57,65000.47,65000.37,65000.270000000004,65000.17,65000.07,64999.97]",65000.87,"[0.001,0.002,0.003,0.004,0.005,0.006,0.007,0.008,0.009000000000000001,0.01]",0.001,1697,mock,InstrumentType.Spot,613682256,mock,BTC-USDT
2199944884,0,0,1783610796441431129,101,depth,"[65001.08,65001.18,65001.280000000006,65001.380000000005,65001.48,65001.58,65001.68,65001.780000000006,65001.880000000005,65001.98]",65001.08,"[0.001,0.002,0.003,0.004,0.005,0.006,0.007,0.008,0.009000000000000001,0.01]",0.001,"[65000.880000000005,65000.780000000006,65000.68,65000.58,65000.48,65000.380000000005,65000.280000000006,65000.18,65000.08,64999.98]",65000.880000000005,"[0.001,0.002,0.003,0.004,0.005,0.006,0.007,0.008,0.009000000000000001,0.01]",0.001,1698,mock,InstrumentType.Spot,613682816,mock,BTC-USDT
2199944884,0,0,1783610796441728492,101,depth,"[65001.09,65001.189999999995,65001.29,65001.39,65001.49,65001.59,65001.689999999995,65001.79,65001.89,65001.99]",65001.09,"[0.001,0.002,0.003,0.004,0.005,0.006,0.007,0.008,0.009000000000000001,0.01]",0.001,"[65000.89,65000.79,65000.689999999995,65000.59,65000.49,65000.39,65000.29,65000.189999999995,65000.09,64999.99]",65000.89,"[0.001,0.002,0.003,0.004,0.005,0.006,0.007,0.008,0.009000000000000001,0.01]",0.001,1699,mock,InstrumentType.Spot,613683376,mock,BTC-USDT
2199944884,0,0,1783610796442052857,101,depth,"[65000.1,65000.2,65000.3,65000.4,65000.5,65000.6,65000.7,65000.8,65000.9,65001.0]",65000.1,"[0.001,0.002,0.003,0.004,0.005,0.006,0.007,0.008,0.009000000000000001,0.01]",0.001,"[64999.9,64999.8,64999.7,64999.6,64999.5,64999.4,64999.3,64999.2,64999.1,64999.0]",64999.9,"[0.001,0.002,0.003,0.004,0.005,0.006,0.007,0.008,0.009000000000000001,0.01]",0.001,1700,mock,InstrumentType.Spot,613683936,mock,BTC-USDT
2199944884,0,0,1783610796442329504,101,depth,"[65000.11,65000.21,65000.310000000005,65000.41,65000.51,65000.61,65000.71,65000.810000000005,65000.91,65001.01]",65000.11,"[0.001,0.002,0.003,0.004,0.005,0.006,0.007,0.008,0.009000000000000001,0.01]",0.001,"[64999.91,64999.810000000005,64999.71,64999.61,64999.51,64999.41,64999.310000000005,64999.21,64999.11,64999.01]",64999.91,"[0.001,0.002,0.003,0.004,0.005,0.006,0.007,0.008,0.009000000000000001,0.01]",0.001,1701,mock,InstrumentType.Spot,613684496,mock,BTC-USDT
2199944884,0,0,1783610796442629927,101,depth,"[65000.119999999995,65000.219999999994,65000.32,65000.42,65000.52,65000.619999999995,65000.719999999994,65000.82,65000.92,65001.02]",65000.119999999995,"[0.001,0.002,0.003,0.004,0.005,0.006,0.007,0.008,0.009000000000000001,0.01]",0.001,"[64999.92,64999.82,64999.719999999994,64999.619999999995,64999.52,64999.42,64999.32,64999.219999999994,64999.119999999995,64999.02]",64999.92,"[0.001,0.002,0.003,0.004,0.005,0.006,0.007,0.008,0.009000000000000001,0.01]",0.001,1702,mock,InstrumentType.Spot,613685056,mock,BTC-USDT
2199944884,0,0,1783610796442930428,101,depth,"[65000.13,65000.229999999996,65000.33,65000.43,65000.53,65000.63,65000.729999999996,65000.83,65000.93,65001.03]",65000.13,"[0.001,0.002,0.003,0.004,0.005,0.006,0.007,0.008,0.009000000000000001,0.01]",0.001,"[64999.93,64999.83,64999.729999999996,64999.63,64999.53,64999.43,64999.33,64999.229999999996,64999.13,64999.03]",64999.93,"[0.001,0.002,0.003,0.004,0.005,0.006,0.007,0.008,0.009000000000000001,0.01]",0.001,1703,mock,InstrumentType.Spot,613685616,mock,BTC-USDT
2199944884,0,0,1783610796443228797,101,depth,"[65000.14,65000.24,65000.340000000004,65000.44,65000.54,65000.64,65000.74,65000.840000000004,65000.94,65001.04]",65000.14,"[0.001,0.002,0.003,0.004,0.005,0.006,0.007,0.008,0.009000000000000001,0.01]",0.001,"[64999.94,64999.840000000004,64999.74,64999.64,64999.54,64999.44,64999.340000000004,64999.24,64999.14,64999.04]",64999.94,"[0.001,0.002,0.003,0.004,0.005,0.006,0.007,0.008,0.009000000000000001,0.01]",0.001,1704,mock,InstrumentType.Spot,613686176,mock,BTC-USDT
2199944884,0,0,1783610796443527957,101,depth,"[65000.15,65000.25,65000.350000000006,65000.450000000004,65000.55,65000.65,65000.75,65000.850000000006,65000.950000000004,65001.05]",65000.15,"[0.001,0.002,0.003,0.004,0.005,0.006,0.007,0.008,0.009000000000000001,0.01]",0.001,"[64999.950000000004,64999.850000000006,64999.75,64999.65,64999.55,64999.450000000004,64999.350000000006,64999.25,64999.15,64999.05]",64999.950000000004,"[0.001,0.002,0.003,0.004,0.005,0.006,0.007,0.008,0.009000000000000001,0.01]",0.001,1705,mock,InstrumentType.Spot,613686736,mock,BTC-USDT
2199944884,0,0,1783610796443827909,101,depth,"[65000.159999999996,65000.259999999995,65000.36,65000.46,65000.56,65000.659999999996,65000.759999999995,65000.86,65000.96,65001.06]",65000.159999999996,"[0.001,0.002,0.003,0.004,0.005,0.006,0.007,0.008,0.009000000000000001,0.01]",0.001,"[64999.96,64999.86,64999.759999999995,64999.659999999996,64999.56,64999.46,64999.36,64999.259999999995,64999.159999999996,64999.06]",64999.96,"[0.001,0.002,0.003,0.004,0.005,0.006,0.007,0.008,0.009000000000000001,0.01]",0.001,1706,mock,InstrumentType.Spot,613687296,mock,BTC-USDT
2199944884,0,0,1783610796444127896,101,depth,"[65000.17,65000.27,65000.37,65000.47,65000.57,65000.67,65000.77,65000.87,65000.97,65001.07]",65000.17,"[0.001,0.002,0.003,0.004,0.005,0.006,0.007,0.008,0.009000000000000001,0.01]",0.001,"[64999.97,64999.87,64999.77,64999.67,64999.57,64999.47,64999.37,64999.27,64999.17,64999.07]",64999.97,"[0.001,0.002,0.003,0.004,0.005,0.006,0.007,0.008,0.009000000000000001,0.01]",0.001,1707,mock,InstrumentType.Spot,613687856,mock,BTC-USDT
2199944884,0,0,1783610796444427827,101,depth,"[65000.18,65000.28,65000.380000000005,65000.48,65000.58,65000.68,65000.78,65000.880000000005,65000.98,65001.08]",65000.18,"[0.001,0.002,0.003,0.004,0.005,0.006,0.007,0.008,0.009000000000000001,0.01]",0.001,"[64999.98,64999.880000000005,64999.78,64999.68,64999.58,64999.48,64999.380000000005,64999.28,64999.18,64999.08]",64999.98,"[0.001,0.002,0.003,0.004,0.005,0.006,0.007,0.008,0.009000000000000001,0.01]",0.001,1708,mock,InstrumentType.Spot,613688416,mock,BTC-USDT
2199944884,0,0,1783610796444741866,101,depth,"[65000.189999999995,65000.28999999999,65000.39,65000.49,65000.59,65000.689999999995,65000.78999999999,65000.89,65000.99,65001.09]",65000.189999999995,"[0.001,0.002,0.003,0.004,0.005,0.006,0.007,0.008,0.009000000000000001,0.01]",0.001,"[64999.99,64999.89,64999.78999999999,64999.689999999995,64999.59,64999.49,64999.39,64999.28999999999,64999.189999999995,64999.09]",64999.99,"[0.001,0.002,0.003,0.004,0.005,0.006,0.007,0.008,0.009000000000000001,0.01]",0.001,1709,mock,InstrumentType.Spot,613688976,mock,BTC-USDT
2199944884,0,0,1783610796445027854,101,depth,"[65000.2,65000.299999999996,65000.4,65000.5,65000.6,65000.7,65000.799999999996,65000.9,65001.0,65001.1]",65000.2,"[0.001,0.002,0.003,0.004,0.005,0.006,0.007,0.008,0.009000000000000001,0.01]",0.001,"[65000.0,64999.9,64999.799999999996,64999.7,64999.6,64999.5,64999.4,64999.299999999996,64999.2,64999.1]",65000.0,"[0.001,0.002,0.003,0.004,0.005,0.006,0.007,0.008,0.009000000000000001,0.01]",0.001,1710,mock,InstrumentType.Spot,613689536,mock,BTC-USDT
2199944884,0,0,1783610796445327727,101,depth,"[65000.21,65000.31,65000.41,65000.51,65000.61,65000.71,65000.81,65000.91,65001.01,65001.11]",65000.21,"[0.001,0.002,0.003,0.004,0.005,0.006,0.007,0.008,0.009000000000000001,0.01]",0.001,"[65000.01,64999.91,64999.81,64999.71,64999.61,64999.51,64999.41,64999.31,64999.21,64999.11]",65000.01,"[0.001,0.002,0.003,0.004,0.005,0.006,0.007,0.008,0.009000000000000001,0.01]",0.001,1711,mock,InstrumentType.Spot,613690096,mock,BTC-USDT
2199944884,0,0,1783610796445628127,101,depth,"[65000.22,65000.32,65000.420000000006,65000.520000000004,65000.62,65000.72,65000.82,65000.920000000006,65001.020000000004,65001.12]",65000.22,"[0.001,0.002,0.003,0.004,0.005,0.006,0.007,0.008,0.009000000000000001,0.01]",0.001,"[65000.020000000004,64999.920000000006,64999.82,64999.72,64999.62,64999.520000000004,64999.420000000006,64999.32,64999.22,64999.12]",65000.020000000004,"[0.001,0.002,0.003,0.004,0.005,0.006,0.007,0.008,0.009000000000000001,0.01]",0.001,1712,mock,InstrumentType.Spot,613690656,mock,BTC-USDT
2199944884,0,0,1783610796445927771,101,depth,"[65000.229999999996,65000.329999999994,65000.43,65000.53,65000.63,65000.729999999996,65000.829999999994,65000.93,65001.03,65001.13]",65000.229999999996,"[0.001,0.002,0.003,0.004,0.005,0.006,0.007,0.008,0.009000000000000001,0.01]",0.001,"[65000.03,64999.93,64999.829999999994,64999.729999999996,64999.63,64999.53,64999.43,64999.329999999994,64999.229999999996,64999.13]",65000.03,"[0.001,0.002,0.003,0.004,0.005,0.006,0.007,0.008,0.009000000000000001,0.01]",0.001,1713,mock,InstrumentType.Spot,613691216,mock,BTC-USDT
2199944884,0,0,1783610796446228077,101,depth,"[65000.24,65000.34,65000.44,65000.54,65000.64,65000.74,65000.84,65000.94,65001.04,65001.14]",65000.24,"[0.001,0.002,0.003,0.004,0.005,0.006,0.007,0.008,0.009000000000000001,0.01]",0.001,"[65000.04,64999.94,64999.84,64999.74,64999.64,64999.54,64999.44,64999.34,64999.24,64999.14]",65000.04,"[0.001,0.002,0.003,0.004,0.005,0.006,0.007,0.008,0.009000000000000001,0.01]",0.001,1714,mock,InstrumentType.Spot,613691776,mock,BTC-USDT
2199944884,0,0,1783610796446527987,101,depth,"[65000.25,65000.35,65000.450000000004,65000.55,65000.65,65000.75,65000.85,65000.950000000004,65001.05,65001.15]",65000.25,"[0.001,0.002,0.003,0.004,0.005,0.006,0.007,0.008,0.009000000000000001,0.01]",0.001,"[65000.05,64999.950000000004,64999.85,64999.75,64999.65,64999.55,64999.450000000004,64999.35,64999.25,64999.15]",65000.05,"[0.001,0.002,0.003,0.004,0.005,0.006,0.007,0.008,0.009000000000000001,0.01]",0.001,1715,mock,InstrumentType.Spot,613692336,mock,BTC-USDT
2199944884,0,0,1783610796446827729,101,depth,"[65000.26,65000.36,65000.46000000001,65000.560000000005,65000.66,65000.76,65000.86,65000.96000000001,65001.060000000005,65001.16]",65000.26,"[0.001,0.002,0.003,0.004,0.005,0.006,0.007,0.008,0.009000000000000001,0.01]",0.001,"[65000.060000000005,64999.96000000001,64999.86,64999.76,64999.66,64999.560000000005,64999.46000000001,64999.36,64999.26,64999.16]",65000.060000000005,"[0.001,0.002,0.003,0.004,0.005,0.006,0.007,0.008,0.009000000000000001,0.01]",0.001,1716,mock,InstrumentType.Spot,613692896,mock,BTC-USDT
2199944884,0,0,1783610796447127873,101,depth,"[65000.27,65000.369999999995,65000.47,65000.57,65000.67,65000.77,65000.869999999995,65000.97,65001.07,65001.17]",65000.27,"[0.001,0.002,0.003,0.004,0.005,0.006,0.007,0.008,0.009000000000000001,0.01]",0.001,"[65000.07,64999.97,64999.869999999995,64999.77,64999.67,64999.57,64999.47,64999.369999999995,64999.27,64999.17]",65000.07,"[0.001,0.002,0.003,0.004,0.005,0.006,0.007,0.008,0.009000000000000001,0.01]",0.001,1717,mock,InstrumentType.Spot,613693456,mock,BTC-USDT
2199944884,0,0,1783610796447427821,101,depth,"[65000.28,65000.38,65000.48,65000.58,65000.68,65000.78,65000.88,65000.98,65001.08,65001.18]",65000.28,"[0.001,0.002,0.003,0.004,0.005,0.006,0.007,0.008,0.009000000000000001,0.01]",0.001,"[65000.08,64999.98,64999.88,64999.78,64999.68,64999.58,64999.48,64999.38,64999.28,64999.18]",65000.08,"[0.001,0.002,0.003,0.004,0.005,0.006,0.007,0.008,0.009000000000000001,0.01]",0.001,1718,mock,InstrumentType.Spot,613694016,mock,BTC-USDT
2199944884,0,0,1783610796447734273,101,depth,"[65000.29,65000.39,65000.490000000005,65000.590000000004,65000.69,65000.79,65000.89,65000.990000000005,65001.090000000004,65001.19]",65000.29,"[0.001,0.002,0.003,0.004,0.005,0.006,0.007,0.008,0.009000000000000001,0.01]",0.001,"[65000.090000000004,64999.990000000005,64999.89,64999.79,64999.69,64999.590000000004,64999.490000000005,64999.39,64999.29,64999.19]",65000.090000000004,"[0.001,0.002,0.003,0.004,0.005,0.006,0.007,0.008,0.009000000000000001,0.01]",0.001,1719,mock,InstrumentType.Spot,613694576,mock,BTC-USDT
2199944884,0,0,1783610796448028073,101,depth,"[65000.299999999996,65000.399999999994,65000.5,65000.6,65000.7,65000.799999999996,65000.899999999994,65001.0,65001.1,65001.2]",65000.299999999996,"[0.001,0.002,0.003,0.004,0.005,0.006,0.007,0.008,0.009000000000000001,0.01]",0.001,"[65000.1,65000.0,64999.899999999994,64999.799999999996,64999.7,64999.6,64999.5,64999.399999999994,64999.299999999996,64999.2]",65000.1,"[0.001,0.002,0.003,0.004,0.005,0.006,0.007,0.008,0.009000000000000001,0.01]",0.001,1720,mock,InstrumentType.Spot,613695136,mock,BTC-USDT
2199944884,0,0,1783610796448327921,101,depth,"[65000.31,65000.409999999996,65000.51,65000.61,65000.71,65000.81,65000.909999999996,65001.01,65001.11,65001.21]",65000.31,"[0.001,0.002,0.003,0.004,0.005,0.006,0.007,0.008,0.009000000000000001,0.01]",0.001,"[65000.11,65000.01,64999.909999999996,64999.81,64999.71,64999.61,64999.51,64999.409999999996,64999.31,64999.21]",65000.11,"[0.001,0.002,0.003,0.004,0.005,0.006,0.007,0.008,0.009000000000000001,0.01]",0.001,1721,mock,InstrumentType.Spot,613695696,mock,BTC-USDT
2199944884,0,0,1783610796448627659,101,depth,"[65000.32,65000.42,65000.520000000004,65000.62,65000.72,65000.82,65000.92,65001.020000000004,65001.12,65001.22]",65000.32,"[0.001,0.002,0.003,0.004,0.005,0.006,0.007,0.008,0.009000000000000001,0.01]",0.001,"[65000.12,65000.020000000004,64999.92,64999.82,64999.72,64999.62,64999.520000000004,64999.42,64999.32,64999.22]",65000.12,"[0.001,0.002,0.003,0.004,0.005,0.006,0.007,0.008,0.009000000000000001,0.01]",0.001,1722,mock,InstrumentType.Spot,613696256,mock,BTC-USDT
2199944884,0,0,1783610796448927556,101,depth,"[65000.33,65000.43,65000.530000000006,65000.630000000005,65000.73,65000.83,65000.93,65001.030000000006,65001.130000000005,65001.23]",65000.33,"[0.001,0.002,0.003,0.004,0.005,0.006,0.007,0.008,0.009000000000000001,0.01]",0.001,"[65000.130000000005,65000.030000000006,64999.93,64999.83,64999.73,64999.630000000005,64999.530000000006,64999.43,64999.33,64999.23]",65000.130000000005,"[0.001,0.002,0.003,0.004,0.005,0.006,0.007,0.008,0.009000000000000001,0.01]",0.001,1723,mock,InstrumentType.Spot,613696816,mock,BTC-USDT
2199944884,0,0,1783610796449227637,101,depth,"[65000.34,65000.439999999995,65000.54,65000.64,65000.74,65000.84,65000.939999999995,65001.04,65001.14,65001.24]",65000.34,"[0.001,0.002,0.003,0.004,0.005,0.006,0.007,0.008,0.009000000000000001,0.01]",0.001,"[65000.14,65000.04,64999.939999999995,64999.84,64999.74,64999.64,64999.54,64999.439999999995,64999.34,64999.24]",65000.14,"[0.001,0.002,0.003,0.004,0.005,0.006,0.007,0.008,0.009000000000000001,0.01]",0.001,1724,mock,InstrumentType.Spot,613697376,mock,BTC-USDT
2199944884,0,0,1783610796449527879,101,depth,"[65000.35,65000.45,65000.55,65000.65,65000.75,65000.85,65000.95,65001.05,65001.15,65001.25]",65000.35,"[0.001,0.002,0.003,0.004,0.005,0.006,0.007,0.008,0.009000000000000001,0.01]",0.001,"[65000.15,65000.05,64999.95,64999.85,64999.75,64999.65,64999.55,64999.45,64999.35,64999.25]",65000.15,"[0.001,0.002,0.003,0.004,0.005,0.006,0.007,0.008,0.009000000000000001,0.01]",0.001,1725,mock,InstrumentType.Spot,613697936,mock,BTC-USDT
2199944884,0,0,1783610796449827628,101,depth,"[65000.36,65000.46,65000.560000000005,65000.66,65000.76,65000.86,65000.96,65001.060000000005,65001.16,65001.26]",65000.36,"[0.001,0.002,0.003,0.004,0.005,0.006,0.007,0.008,0.009000000000000001,0.01]",0.001,"[65000.16,65000.060000000005,64999.96,64999.86,64999.76,64999.66,64999.560000000005,64999.46,64999.36,64999.26]",65000.16,"[0.001,0.002,0.003,0.004,0.005,0.006,0.007,0.008,0.009000000000000001,0.01]",0.001,1726,mock,InstrumentType.Spot,613698496,mock,BTC-USDT
2199944884,0,0,1783610796450127648,101,depth,"[65000.369999999995,65000.469999999994,65000.57,65000.67,65000.77,65000.869999999995,65000.969999999994,65001.07,65001.17,65001.27]",65000.369999999995,"[0.001,0.002,0.003,0.004,0.005,0.006,0.007,0.008,0.009000000000000001,0.01]",0.001,"[65000.17,65000.07,64999.969999999994,64999.869999999995,64999.77,64999.67,64999.57,64999.469999999994,64999.369999999995,64999.27]",65000.17,"[0.001,0.002,0.003,0.004,0.005,0.006,0.007,0.008,0.009000000000000001,0.01]",0.001,1727,mock,InstrumentType.Spot,613699056,mock,BTC-USDT
2199944884,0,0,1783610796450432867,101,depth,"[65000.38,65000.479999999996,65000.58,65000.68,65000.78,65000.88,65000.979999999996,65001.08,65001.18,65001.28]",65000.38,"[0.001,0.002,0.003,0.004,0.005,0.006,0.007,0.008,0.009000000000000001,0.01]",0.001,"[65000.18,65000.08,64999.979999999996,64999.88,64999.78,64999.68,64999.58,64999.479999999996,64999.38,64999.28]",65000.18,"[0.001,0.002,0.003,0.004,0.005,0.006,0.007,0.008,0.009000000000000001,0.01]",0.001,1728,mock,InstrumentType.Spot,613699616,mock,BTC-USDT
2199944884,0,0,1783610796450727768,101,depth,"[65000.39,65000.49,65000.590000000004,65000.69,65000.79,65000.89,65000.99,65001.090000000004,65001.19,65001.29]",65000.39,"[0.001,0.002,0.003,0.004,0.005,0.006,0.007,0.008,0.009000000000000001,0.01]",0.001,"[65000.19,65000.090000000004,64999.99,64999.89,64999.79,64999.69,64999.590000000004,64999.49,64999.39,64999.29]",65000.19,"[0.001,0.002,0.003,0.004,0.005,0.006,0.007,0.008,0.009000000000000001,0.01]",0.001,1729,mock,InstrumentType.Spot,613700176,mock,BTC-USDT
2199944884,0,0,1783610796451027553,101,depth,"[65000.4,65000.5,65000.600000000006,65000.700000000004,65000.8,65000.9,65001.0,65001.100000000006,65001.200000000004,65001.3]",65000.4,"[0.001,0.002,0.003,0.004,0.005,0.006,0.007,0.008,0.009000000000000001,0.01]",0.001,"[65000.200000000004,65000.100000000006,65000.0,64999.9,64999.8,64999.700000000004,64999.600000000006,64999.5,64999.4,64999.3]",65000.200000000004,"[0.001,0.002,0.003,0.004,0.005,0.006,0.007,0.008,0.009000000000000001,0.01]",0.001,1730,mock,InstrumentType.Spot,613700736,mock,BTC-USDT
2199944884,0,0,1783610796451327588,101,depth,"[65000.409999999996,65000.509999999995,65000.61,65000.71,65000.81,65000.909999999996,65001.009999999995,65001.11,65001.21,65001.31]",65000.409999999996,"[0.001,0.002,0.003,0.004,0.005,0.006,0.007,0.008,0.009000000000000001,0.01]",0.001,"[65000.21,65000.11,65000.009999999995,64999.909999999996,64999.81,64999.71,64999.61,64999.509999999995,64999.409999999996,64999.31]",65000.21,"[0.001,0.002,0.003,0.004,0.005,0.006,0.007,0.008,0.009000000000000001,0.01]",0.001,1731,mock,InstrumentType.Spot,613701296,mock,BTC-USDT
2199944884,0,0,1783610796451627612,101,depth,"[65000.42,65000.52,65000.62,65000.72,65000.82,65000.92,65001.02,65001.12,65001.22,65001.32]",65000.42,"[0.001,0.002,0.003,0.004,0.005,0.006,0.007,0.008,0.009000000000000001,0.01]",0.001,"[65000.22,65000.12,65000.02,64999.92,64999.82,64999.72,64999.62,64999.52,64999.42,64999.32]",65000.22,"[0.001,0.002,0.003,0.004,0.005,0.006,0.007,0.008,0.009000000000000001,0.01]",0.001,1732,mock,InstrumentType.Spot,613701856,mock,BTC-USDT
2199944884,0,0,1783610796451927799,101,depth,"[65000.43,65000.53,65000.630000000005,65000.73,65000.83,65000.93,65001.03,65001.130000000005,65001.23,65001.33]",65000.43,"[0.001,0.002,0.003,0.004,0.005,0.006,0.007,0.008,0.009000000000000001,0.01]",0.001,"[65000.23,65000.130000000005,65000.03,64999.93,64999.83,64999.73,64999.630000000005,64999.53,64999.43,64999.33]",65000.23,"[0.001,0.002,0.003,0.004,0.005,0.006,0.007,0.008,0.009000000000000001,0.01]",0.001,1733,mock,InstrumentType.Spot,613702416,mock,BTC-USDT
2199944884,0,0,1783610796452227860,101,depth,"[65000.439999999995,65000.53999999999,65000.64,65000.74,65000.84,65000.939999999995,65001.03999999999,65001.14,65001.24,65001.34]",65000.439999999995,"[0.001,0.002,0.003,0.004,0.005,0.006,0.007,0.008,0.009000000000000001,0.01]",0.001,"[65000.24,65000.14,65000.03999999999,64999.939999999995,64999.84,64999.74,64999.64,64999.53999999999,64999.439999999995,64999.34]",65000.24,"[0.001,0.002,0.003,0.004,0.005,0.006,0.007,0.008,0.009000000000000001,0.01]",0.001,1734,mock,InstrumentType.Spot,613702976,mock,BTC-USDT
2199944884,0,0,1783610796452527632,101,depth,"[65000.45,65000.549999999996,65000.65,65000.75,65000.85,65000.95,65001.049999999996,65001.15,65001.25,65001.35]",65000.45,"[0.001,0.002,0.003,0.004,0.005,0.006,0.007,0.008,0.009000000000000001,0.01]",0.001,"[65000.25,65000.15,65000.049999999996,64999.95,64999.85,64999.75,64999.65,64999.549999999996,64999.45,64999.35]",65000.25,"[0.001,0.002,0.003,0.004,0.005,0.006,0.007,0.008,0.009000000000000001,0.01]",0.001,1735,mock,InstrumentType.Spot,613703536,mock,BTC-USDT
2199944884,0,0,1783610796452827682,101,depth,"[65000.46,65000.56,65000.66,65000.76,65000.86,65000.96,65001.06,65001.16,65001.26,65001.36]",65000.46,"[0.001,0.002,0.003,0.004,0.005,0.006,0.007,0.008,0.009000000000000001,0.01]",0.001,"[65000.26,65000.16,65000.06,64999.96,64999.86,64999.76,64999.66,64999.56,64999.46,64999.36]",65000.26,"[0.001,0.002,0.003,0.004,0.005,0.006,0.007,0.008,0.009000000000000001,0.01]",0.001,1736,mock,InstrumentType.Spot,613704096,mock,BTC-USDT
2199944884,0,0,1783610796453127609,101,depth,"[65000.47,65000.57,65000.670000000006,65000.770000000004,65000.87,65000.97,65001.07,65001.170000000006,65001.270000000004,65001.37]",65000.47,"[0.001,0.002,0.003,0.004,0.005,0.006,0.007,0.008,0.009000000000000001,0.01]",0.001,"[65000.270000000004,65000.170000000006,65000.07,64999.97,64999.87,64999.770000000004,64999.670000000006,64999.57,64999.47,64999.37]",65000.270000000004,"[0.001,0.002,0.003,0.004,0.005,0.006,0.007,0.008,0.009000000000000001,0.01]",0.001,1737,mock,InstrumentType.Spot,613704656,mock,BTC-USDT
2199944884,0,0,1783610796453434054,101,depth,"[65000.479999999996,65000.579999999994,65000.68,65000.78,65000.88,65000.979999999996,65001.079999999994,65001.18,65001.28,65001.38]",65000.479999999996,"[0.001,0.002,0.003,0.004,0.005,0.006,0.007,0.008,0.009000000000000001,0.01]",0.001,"[65000.28,65000.18,65000.079999999994,64999.979999999996,64999.88,64999.78,64999.68,64999.579999999994,64999.479999999996,64999.38]",65000.28,"[0.001,0.002,0.003,0.004,0.005,0.006,0.007,0.008,0.009000000000000001,0.01]",0.001,1738,mock,InstrumentType.Spot,613705216,mock,BTC-USDT
2199944884,0,0,1783610796453727868,101,depth,"[65000.49,65000.59,65000.69,65000.79,65000.89,65000.99,65001.09,65001.19,65001.29,65001.39]",65000.49,"[0.001,0.002,0.003,0.004,0.005,0.006,0.007,0.008,0.009000000000000001,0.01]",0.001,"[65000.29,65000.19,65000.09,64999.99,64999.89,64999.79,64999.69,64999.59,64999.49,64999.39]",65000.29,"[0.001,0.002,0.003,0.004,0.005,0.006,0.007,0.008,0.009000000000000001,0.01]",0.001,1739,mock,InstrumentType.Spot,613705776,mock,BTC-USDT
2199944884,0,0,1783610796454027823,101,depth,"[65000.5,65000.6,65000.700000000004,65000.8,65000.9,65001.0,65001.1,65001.200000000004,65001.3,65001.4]",65000.5,"[0.001,0.002,0.003,0.004,0.005,0.006,0.007,0.008,0.009000000000000001,0.01]",0.001,"[65000.3,65000.200000000004,65000.1,65000.0,64999.9,64999.8,64999.700000000004,64999.6,64999.5,64999.4]",65000.3,"[0.001,0.002,0.003,0.004,0.005,0.006,0.007,0.008,0.009000000000000001,0.01]",0.001,1740,mock,InstrumentType.Spot,613706336,mock,BTC-USDT
2199944884,0,0,1783610796454327991,101,depth,"[65000.51,65000.61,65000.71000000001,65000.810000000005,65000.91,65001.01,65001.11,65001.21000000001,65001.310000000005,65001.41]",65000.51,"[0.001,0.002,0.003,0.004,0.005,0.006,0.007,0.008,0.009000000000000001,0.01]",0.001,"[65000.310000000005,65000.21000000001,65000.11,65000.01,64999.91,64999.810000000005,64999.71000000001,64999.61,64999.51,64999.41]",65000.310000000005,"[0.001,0.002,0.003,0.004,0.005,0.006,0.007,0.008,0.009000000000000001,0.01]",0.001,1741,mock,InstrumentType.Spot,613706896,mock,BTC-USDT
2199944884,0,0,1783610796454627895,101,depth,"[65000.52,65000.619999999995,65000.72,65000.82,65000.92,65001.02,65001.119999999995,65001.22,65001.32,65001.42]",65000.52,"[0.001,0.002,0.003,0.004,0.005,0.006,0.007,0.008,0.009000000000000001,0.01]",0.001,"[65000.32,65000.22,65000.119999999995,65000.02,64999.92,64999.82,64999.72,64999.619999999995,64999.52,64999.42]",65000.32,"[0.001,0.002,0.003,0.004,0.005,0.006,0.007,0.008,0.009000000000000001,0.01]",0.001,1742,mock,InstrumentType.Spot,613707456,mock,BTC-USDT
2199944884,0,0,1783610796454927688,101,depth,"[65000.53,65000.63,65000.73,65000.83,65000.93,65001.03,65001.13,65001.23,65001.33,65001.43]",65000.53,"[0.001,0.002,0.003,0.004,0.005,0.006,0.007,0.008,0.009000000000000001,0.01]",0.001,"[65000.33,65000.23,65000.13,65000.03,64999.93,64999.83,64999.73,64999.63,64999.53,64999.43]",65000.33,"[0.001,0.002,0.003,0.004,0.005,0.006,0.007,0.008,0.009000000000000001,0.01]",0.001,1743,mock,InstrumentType.Spot,613708016,mock,BTC-USDT
2199944884,0,0,1783610796455228114,101,depth,"[65000.54,65000.64,65000.740000000005,65000.840000000004,65000.94,65001.04,65001.14,65001.240000000005,65001.340000000004,65001.44]",65000.54,"[0.001,0.002,0.003,0.004,0.005,0.006,0.007,0.008,0.009000000000000001,0.01]",0.001,"[65000.340000000004,65000.240000000005,65000.14,65000.04,64999.94,64999.840000000004,64999.740000000005,64999.64,64999.54,64999.44]",65000.340000000004,"[0.001,0.002,0.003,0.004,0.005,0.006,0.007,0.008,0.009000000000000001,0.01]",0.001,1744,mock,InstrumentType.Spot,613708576,mock,BTC-USDT
2199944884,0,0,1783610796455527777,101,depth,"[65000.549999999996,65000.649999999994,65000.75,65000.85,65000.95,65001.049999999996,65001.149999999994,65001.25,65001.35,65001.45]",65000.549999999996,"[0.001,0.002,0.003,0.004,0.005,0.006,0.007,0.008,0.009000000000000001,0.01]",0.001,"[65000.35,65000.25,65000.149999999994,65000.049999999996,64999.95,64999.85,64999.75,64999.649999999994,64999.549999999996,64999.45]",65000.35,"[0.001,0.002,0.003,0.004,0.005,0.006,0.007,0.008,0.009000000000000001,0.01]",0.001,1745,mock,InstrumentType.Spot,613709136,mock,BTC-USDT
2199944884,0,0,1783610796455827993,101,depth,"[65000.56,65000.659999999996,65000.76,65000.86,65000.96,65001.06,65001.159999999996,65001.26,65001.36,65001.46]",65000.56,"[0.001,0.002,0.003,0.004,0.005,0.006,0.007,0.008,0.009000000000000001,0.01]",0.001,"[65000.36,65000.26,65000.159999999996,65000.06,64999.96,64999.86,64999.76,64999.659999999996,64999.56,64999.46]",65000.36,"[0.001,0.002,0.003,0.004,0.005,0.006,0.007,0.008,0.009000000000000001,0.01]",0.001,1746,mock,InstrumentType.Spot,613709696,mock,BTC-USDT
2199944884,0,0,1783610796456128168,101,depth,"[65000.57,65000.67,65000.770000000004,65000.87,65000.97,65001.07,65001.17,65001.270000000004,65001.37,65001.47]",65000.57,"[0.001,0.002,0.003,0.004,0.005,0.006,0.007,0.008,0.009000000000000001,0.01]",0.001,"[65000.37,65000.270000000004,65000.17,65000.07,64999.97,64999.87,64999.770000000004,64999.67,64999.57,64999.47]",65000.37,"[0.001,0.002,0.003,0.004,0.005,0.006,0.007,0.008,0.009000000000000001,0.01]",0.001,1747,mock,InstrumentType.Spot,613710256,mock,BTC-USDT
2199944884,0,0,1783610796456433963,101,depth,"[65000.58,65000.68,65000.780000000006,65000.880000000005,65000.98,65001.08,65001.18,65001.280000000006,65001.380000000005,65001.48]",65000.58,"[0.001,0.002,0.003,0.004,0.005,0.006,0.007,0.008,0.009000000000000001,0.01]",0.001,"[65000.380000000005,65000.280000000006,65000.18,65000.08,64999.98,64999.880000000005,64999.780000000006,64999.68,64999.58,64999.48]",65000.380000000005,"[0.001,0.002,0.003,0.004,0.005,0.006,0.007,0.008,0.009000000000000001,0.01]",0.001,1748,mock,InstrumentType.Spot,613710816,mock,BTC-USDT
2199944884,0,0,1783610796456727927,101,depth,"[65000.59,65000.689999999995,65000.79,65000.89,65000.99,65001.09,65001.189999999995,65001.29,65001.39,65001.49]",65000.59,"[0.001,0.002,0.003,0.004,0.005,0.006,0.007,0.008,0.009000000000000001,0.01]",0.001,"[65000.39,65000.29,65000.189999999995,65000.09,64999.99,64999.89,64999.79,64999.689999999995,64999.59,64999.49]",65000.39,"[0.001,0.002,0.003,0.004,0.005,0.006,0.007,0.008,0.009000000000000001,0.01]",0.001,1749,mock,InstrumentType.Spot,613711376,mock,BTC-USDT
2199944884,0,0,1783610796457027880,101,depth,"[65000.6,65000.7,65000.8,65000.9,65001.0,65001.1,65001.2,65001.3,65001.4,65001.5]",65000.6,"[0.001,0.002,0.003,0.004,0.005,0.006,0.007,0.008,0.009000000000000001,0.01]",0.001,"[65000.4,65000.3,65000.2,65000.1,65000.0,64999.9,64999.8,64999.7,64999.6,64999.5]",65000.4,"[0.001,0.002,0.003,0.004,0.005,0.006,0.007,0.008,0.009000000000000001,0.01]",0.001,1750,mock,InstrumentType.Spot,613711936,mock,BTC-USDT
2199944884,0,0,1783610796457327886,101,depth,"[65000.61,65000.71,65000.810000000005,65000.91,65001.01,65001.11,65001.21,65001.310000000005,65001.41,65001.51]",65000.61,"[0.001,0.002,0.003,0.004,0.005,0.006,0.007,0.008,0.009000000000000001,0.01]",0.001,"[65000.41,65000.310000000005,65000.21,65000.11,65000.01,64999.91,64999.810000000005,64999.71,64999.61,64999.51]",65000.41,"[0.001,0.002,0.003,0.004,0.005,0.006,0.007,0.008,0.009000000000000001,0.01]",0.001,1751,mock,InstrumentType.Spot,613712496,mock,BTC-USDT
2199944884,0,0,1783610796457627850,101,depth,"[65000.619999999995,65000.719999999994,65000.82,65000.92,65001.02,65001.119999999995,65001.219999999994,65001.32,65001.42,65001.52]",65000.619999999995,"[0.001,0.002,0.003,0.004,0.005,0.006,0.007,0.008,0.009000000000000001,0.01]",0.001,"[65000.42,65000.32,65000.219999999994,65000.119999999995,65000.02,64999.92,64999.82,64999.719999999994,64999.619999999995,64999.52]",65000.42,"[0.001,0.002,0.003,0.004,0.005,0.006,0.007,0.008,0.009000000000000001,0.01]",0.001,1752,mock,InstrumentType.Spot,613713056,mock,BTC-USDT
2199944884,0,0,1783610796457927757,101,depth,"[65000.63,65000.729999999996,65000.83,65000.93,65001.03,65001.13,65001.229999999996,65001.33,65001.43,65001.53]",65000.63,"[0.001,0.002,0.003,0.004,0.005,0.006,0.007,0.008,0.009000000000000001,0.01]",0.001,"[65000.43,65000.33,65000.229999999996,65000.13,65000.03,64999.93,64999.83,64999.729999999996,64999.63,64999.53]",65000.43,"[0.001,0.002,0.003,0.004,0.005,0.006,0.007,0.008,0.009000000000000001,0.01]",0.001,1753,mock,InstrumentType.Spot,613713616,mock,BTC-USDT
2199944884,0,0,1783610796458227973,101,depth,"[65000.64,65000.74,65000.840000000004,65000.94,65001.04,65001.14,65001.24,65001.340000000004,65001.44,65001.54]",65000.64,"[0.001,0.002,0.003,0.004,0.005,0.006,0.007,0.008,0.009000000000000001,0.01]",0.001,"[65000.44,65000.340000000004,65000.24,65000.14,65000.04,64999.94,64999.840000000004,64999.74,64999.64,64999.54]",65000.44,"[0.001,0.002,0.003,0.004,0.005,0.006,0.007,0.008,0.009000000000000001,0.01]",0.001,1754,mock,InstrumentType.Spot,613714176,mock,BTC-USDT
2199944884,0,0,1783610796458527887,101,depth,"[65000.65,65000.75,65000.850000000006,65000.950000000004,65001.05,65001.15,65001.25,65001.350000000006,65001.450000000004,65001.55]",65000.65,"[0.001,0.002,0.003,0.004,0.005,0.006,0.007,0.008,0.009000000000000001,0.01]",0.001,"[65000.450000000004,65000.350000000006,65000.25,65000.15,65000.05,64999.950000000004,64999.850000000006,64999.75,64999.65,64999.55]",65000.450000000004,"[0.001,0.002,0.003,0.004,0.005,0.006,0.007,0.008,0.009000000000000001,0.01]",0.001,1755,mock,InstrumentType.Spot,613714736,mock,BTC-USDT
2199944884,0,0,1783610796458827810,101,depth,"[65000.659999999996,65000.759999999995,65000.86,65000.96,65001.06,65001.159999999996,65001.259999999995,65001.36,65001.46,65001.56]",65000.659999999996,"[0.001,0.002,0.003,0.004,0.005,0.006,0.007,0.008,0.009000000000000001,0.01]",0.001,"[65000.46,65000.36,65000.259999999995,65000.159999999996,65000.06,64999.96,64999.86,64999.759999999995,64999.659999999996,64999.56]",65000.46,"[0.001,0.002,0.003,0.004,0.005,0.006,0.007,0.008,0.009000000000000001,0.01]",0.001,1756,mock,InstrumentType.Spot,613715296,mock,BTC-USDT
2199944884,0,0,1783610796459132992,101,depth,"[65000.67,65000.77,65000.87,65000.97,65001.07,65001.17,65001.27,65001.37,65001.47,65001.57]",65000.67,"[0.001,0.002,0.003,0.004,0.005,0.006,0.007,0.008,0.009000000000000001,0.01]",0.001,"[65000.47,65000.37,65000.27,65000.17,65000.07,64999.97,64999.87,64999.77,64999.67,64999.57]",65000.47,"[0.001,0.002,0.003,0.004,0.005,0.006,0.007,0.008,0.009000000000000001,0.01]",0.001,1757,mock,InstrumentType.Spot,613715856,mock,BTC-USDT
2199944884,0,0,1783610796459427977,101,depth,"[65000.68,65000.78,65000.880000000005,65000.98,65001.08,65001.18,65001.28,65001.380000000005,65001.48,65001.58]",65000.68,"[0.001,0.002,0.003,0.004,0.005,0.006,0.007,0.008,0.009000000000000001,0.01]",0.001,"[65000.48,65000.380000000005,65000.28,65000.18,65000.08,64999.98,64999.880000000005,64999.78,64999.68,64999.58]",65000.48,"[0.001,0.002,0.003,0.004,0.005,0.006,0.007,0.008,0.009000000000000001,0.01]",0.001,1758,mock,InstrumentType.Spot,613716416,mock,BTC-USDT
2199944884,0,0,1783610796459727784,101,depth,"[65000.689999999995,65000.78999999999,65000.89,65000.99,65001.09,65001.189999999995,65001.28999999999,65001.39,65001.49,65001.59]",65000.689999999995,"[0.001,0.002,0.003,0.004,0.005,0.006,0.007,0.008,0.009000000000000001,0.01]",0.001,"[65000.49,65000.39,65000.28999999999,65000.189999999995,65000.09,64999.99,64999.89,64999.78999999999,64999.689999999995,64999.59]",65000.49,"[0.001,0.002,0.003,0.004,0.005,0.006,0.007,0.008,0.009000000000000001,0.01]",0.001,1759,mock,InstrumentType.Spot,613716976,mock,BTC-USDT
2199944884,0,0,1783610796460027573,101,depth,"[65000.7,65000.799999999996,65000.9,65001.0,65001.1,65001.2,65001.299999999996,65001.4,65001.5,65001.6]",65000.7,"[0.001,0.002,0.003,0.004,0.005,0.006,0.007,0.008,0.009000000000000001,0.01]",0.001,"[65000.5,65000.4,65000.299999999996,65000.2,65000.1,65000.0,64999.9,64999.799999999996,64999.7,64999.6]",65000.5,"[0.001,0.002,0.003,0.004,0.005,0.006,0.007,0.008,0.009000000000000001,0.01]",0.001,1760,mock,InstrumentType.Spot,613717536,mock,BTC-USDT
2199944884,0,0,1783610796460327556,101,depth,"[65000.71,65000.81,65000.91,65001.01,65001.11,65001.21,65001.31,65001.41,65001.51,65001.61]",65000.71,"[0.001,0.002,0.003,0.004,0.005,0.006,0.007,0.008,0.009000000000000001,0.01]",0.001,"[65000.51,65000.41,65000.31,65000.21,65000.11,65000.01,64999.91,64999.81,64999.71,64999.61]",65000.51,"[0.001,0.002,0.003,0.004,0.005,0.006,0.007,0.008,0.009000000000000001,0.01]",0.001,1761,mock,InstrumentType.Spot,613718096,mock,BTC-USDT
2199944884,0,0,1783610796460627553,101,depth,"[65000.72,65000.82,65000.920000000006,65001.020000000004,65001.12,65001.22,65001.32,65001.420000000006,65001.520000000004,65001.62]",65000.72,"[0.001,0.002,0.003,0.004,0.005,0.006,0.007,0.008,0.009000000000000001,0.01]",0.001,"[65000.520000000004,65000.420000000006,65000.32,65000.22,65000.12,65000.020000000004,64999.920000000006,64999.82,64999.72,64999.62]",65000.520000000004,"[0.001,0.002,0.003,0.004,0.005,0.006,0.007,0.008,0.009000000000000001,0.01]",0.001,1762,mock,InstrumentType.Spot,613718656,mock,BTC-USDT
2199944884,0,0,1783610796460927568,101,depth,"[65000.729999999996,65000.829999999994,65000.93,65001.03,65001.13,65001.229999999996,65001.329999999994,65001.43,65001.53,65001.63]",65000.729999999996,"[0.001,0.002,0.003,0.004,0.005,0.006,0.007,0.008,0.009000000000000001,0.01]",0.001,"[65000.53,65000.43,65000.329999999994,65000.229999999996,65000.13,65000.03,64999.93,64999.829999999994,64999.729999999996,64999.63]",65000.53,"[0.001,0.002,0.003,0.004,0.005,0.006,0.007,0.008,0.009000000000000001,0.01]",0.001,1763,mock,InstrumentType.Spot,613719216,mock,BTC-USDT
2199944884,0,0,1783610796461227640,101,depth,"[65000.74,65000.84,65000.94,65001.04,65001.14,65001.24,65001.34,65001.44,65001.54,65001.64]",65000.74,"[0.001,0.002,0.003,0.004,0.005,0.006,0.007,0.008,0.009000000000000001,0.01]",0.001,"[65000.54,65000.44,65000.34,65000.24,65000.14,65000.04,64999.94,64999.84,64999.74,64999.64]",65000.54,"[0.001,0.002,0.003,0.004,0.005,0.006,0.007,0.008,0.009000000000000001,0.01]",0.001,1764,mock,InstrumentType.Spot,613719776,mock,BTC-USDT
2199944884,0,0,1783610796461527624,101,depth,"[65000.75,65000.85,65000.950000000004,65001.05,65001.15,65001.25,65001.35,65001.450000000004,65001.55,65001.65]",65000.75,"[0.001,0.002,0.003,0.004,0.005,0.006,0.007,0.008,0.009000000000000001,0.01]",0.001,"[65000.55,65000.450000000004,65000.35,65000.25,65000.15,65000.05,64999.950000000004,64999.85,64999.75,64999.65]",65000.55,"[0.001,0.002,0.003,0.004,0.005,0.006,0.007,0.008,0.009000000000000001,0.01]",0.001,1765,mock,InstrumentType.Spot,613720336,mock,BTC-USDT
2199944884,0,0,1783610796461827708,101,depth,"[65000.76,65000.86,65000.96000000001,65001.060000000005,65001.16,65001.26,65001.36,65001.46000000001,65001.560000000005,65001.66]",65000.76,"[0.001,0.002,0.003,0.004,0.005,0.006,0.007,0.008,0.009000000000000001,0.01]",0.001,"[65000.560000000005,65000.46000000001,65000.36,65000.26,65000.16,65000.060000000005,64999.96000000001,64999.86,64999.76,64999.66]",65000.560000000005,"[0.001,0.002,0.003,0.004,0.005,0.006,0.007,0.008,0.009000000000000001,0.01]",0.001,1766,mock,InstrumentType.Spot,613720896,mock,BTC-USDT
2199944884,0,0,1783610796462132604,101,depth,"[65000.77,65000.869999999995,65000.97,65001.07,65001.17,65001.27,65001.369999999995,65001.47,65001.57,65001.67]",65000.77,"[0.001,0.002,0.003,0.004,0.005,0.006,0.007,0.008,0.009000000000000001,0.01]",0.001,"[65000.57,65000.47,65000.369999999995,65000.27,65000.17,65000.07,64999.97,64999.869999999995,64999.77,64999.67]",65000.57,"[0.001,0.002,0.003,0.004,0.005,0.006,0.007,0.008,0.009000000000000001,0.01]",0.001,1767,mock,InstrumentType.Spot,613721456,mock,BTC-USDT
2199944884,0,0,1783610796462427807,101,depth,"[65000.78,65000.88,65000.98,65001.08,65001.18,65001.28,65001.38,65001.48,65001.58,65001.68]",65000.78,"[0.001,0.002,0.003,0.004,0.005,0.006,0.007,0.008,0.009000000000000001,0.01]",0.001,"[65000.58,65000.48,65000.38,65000.28,65000.18,65000.08,64999.98,64999.88,64999.78,64999.68]",65000.58,"[0.001,0.002,0.003,0.004,0.005,0.006,0.007,0.008,0.009000000000000001,0.01]",0.001,1768,mock,InstrumentType.Spot,613722016,mock,BTC-USDT
2199944884,0,0,1783610796462727582,101,depth,"[65000.79,65000.89,65000.990000000005,65001.090000000004,65001.19,65001.29,65001.39,65001.490000000005,65001.590000000004,65001.69]",65000.79,"[0.001,0.002,0.003,0.004,0.005,0.006,0.007,0.008,0.009000000000000001,0.01]",0.001,"[65000.590000000004,65000.490000000005,65000.39,65000.29,65000.19,65000.090000000004,64999.990000000005,64999.89,64999.79,64999.69]",65000.590000000004,"[0.001,0.002,0.003,0.004,0.005,0.006,0.007,0.008,0.009000000000000001,0.01]",0.001,1769,mock,InstrumentType.Spot,613722576,mock,BTC-USDT
2199944884,0,0,1783610796463027672,101,depth,"[65000.799999999996,65000.899999999994,65001.0,65001.1,65001.2,65001.299999999996,65001.399999999994,65001.5,65001.6,65001.7]",65000.799999999996,"[0.001,0.002,0.003,0.004,0.005,0.006,0.007,0.008,0.009000000000000001,0.01]",0.001,"[65000.6,65000.5,65000.399999999994,65000.299999999996,65000.2,65000.1,65000.0,64999.899999999994,64999.799999999996,64999.7]",65000.6,"[0.001,0.002,0.003,0.004,0.005,0.006,0.007,0.008,0.009000000000000001,0.01]",0.001,1770,mock,InstrumentType.Spot,613723136,mock,BTC-USDT
2199944884,0,0,1783610796463327942,101,depth,"[65000.81,65000.909999999996,65001.01,65001.11,65001.21,65001.31,65001.409999999996,65001.51,65001.61,65001.71]",65000.81,"[0.001,0.002,0.003,0.004,0.005,0.006,0.007,0.008,0.009000000000000001,0.01]",0.001,"[65000.61,65000.51,65000.409999999996,65000.31,65000.21,65000.11,65000.01,64999.909999999996,64999.81,64999.71]",65000.61,"[0.001,0.002,0.003,0.004,0.005,0.006,0.007,0.008,0.009000000000000001,0.01]",0.001,1771,mock,InstrumentType.Spot,613723696,mock,BTC-USDT
2199944884,0,0,1783610796463627696,101,depth,"[65000.82,65000.92,65001.020000000004,65001.12,65001.22,65001.32,65001.42,65001.520000000004,65001.62,65001.72]",65000.82,"[0.001,0.002,0.003,0.004,0.005,0.006,0.007,0.008,0.009000000000000001,0.01]",0.001,"[65000.62,65000.520000000004,65000.42,65000.32,65000.22,65000.12,65000.020000000004,64999.92,64999.82,64999.72]",65000.62,"[0.001,0.002,0.003,0.004,0.005,0.006,0.007,0.008,0.009000000000000001,0.01]",0.001,1772,mock,InstrumentType.Spot,613724256,mock,BTC-USDT
2199944884,0,0,1783610796463927763,101,depth,"[65000.83,65000.93,65001.030000000006,65001.130000000005,65001.23,65001.33,65001.43,65001.530000000006,65001.630000000005,65001.73]",65000.83,"[0.001,0.002,0.003,0.004,0.005,0.006,0.007,0.008,0.009000000000000001,0.01]",0.001,"[65000.630000000005,65000.530000000006,65000.43,65000.33,65000.23,65000.130000000005,65000.030000000006,64999.93,64999.83,64999.73]",65000.630000000005,"[0.001,0.002,0.003,0.004,0.005,0.006,0.007,0.008,0.009000000000000001,0.01]",0.001,1773,mock,InstrumentType.Spot,613724816,mock,BTC-USDT
2199944884,0,0,1783610796464227733,101,depth,"[65000.84,65000.939999999995,65001.04,65001.14,65001.24,65001.34,65001.439999999995,65001.54,65001.64,65001.74]",65000.84,"[0.001,0.002,0.003,0.004,0.005,0.006,0.007,0.008,0.009000000000000001,0.01]",0.001,"[65000.64,65000.54,65000.439999999995,65000.34,65000.24,65000.14,65000.04,64999.939999999995,64999.84,64999.74]",65000.64,"[0.001,0.002,0.003,0.004,0.005,0.006,0.007,0.008,0.009000000000000001,0.01]",0.001,1774,mock,InstrumentType.Spot,613725376,mock,BTC-USDT
2199944884,0,0,1783610796464527706,101,depth,"[65000.85,65000.95,65001.05,65001.15,65001.25,65001.35,65001.45,65001.55,65001.65,65001.75]",65000.85,"[0.001,0.002,0.003,0.004,0.005,0.006,0.007,0.008,0.009000000000000001,0.01]",0.001,"[65000.65,65000.55,65000.45,65000.35,65000.25,65000.15,65000.05,64999.95,64999.85,64999.75]",65000.65,"[0.001,0.002,0.003,0.004,0.005,0.006,0.007,0.008,0.009000000000000001,0.01]",0.001,1775,mock,InstrumentType.Spot,613725936,mock,BTC-USDT
2199944884,0,0,1783610796464834438,101,depth,"[65000.86,65000.96,65001.060000000005,65001.16,65001.26,65001.36,65001.46,65001.560000000005,65001.66,65001.76]",65000.86,"[0.001,0.002,0.003,0.004,0.005,0.006,0.007,0.008,0.009000000000000001,0.01]",0.001,"[65000.66,65000.560000000005,65000.46,65000.36,65000.26,65000.16,65000.060000000005,64999.96,64999.86,64999.76]",65000.66,"[0.001,0.002,0.003,0.004,0.005,0.006,0.007,0.008,0.009000000000000001,0.01]",0.001,1776,mock,InstrumentType.Spot,613726496,mock,BTC-USDT
2199944884,0,0,1783610796465131101,101,depth,"[65000.869999999995,65000.969999999994,65001.07,65001.17,65001.27,65001.369999999995,65001.469999999994,65001.57,65001.67,65001.77]",65000.869999999995,"[0.001,0.002,0.003,0.004,0.005,0.006,0.007,0.008,0.009000000000000001,0.01]",0.001,"[65000.67,65000.57,65000.469999999994,65000.369999999995,65000.27,65000.17,65000.07,64999.969999999994,64999.869999999995,64999.77]",65000.67,"[0.001,0.002,0.003,0.004,0.005,0.006,0.007,0.008,0.009000000000000001,0.01]",0.001,1777,mock,InstrumentType.Spot,613727056,mock,BTC-USDT
2199944884,0,0,1783610796465432612,101,depth,"[65000.88,65000.979999999996,65001.08,65001.18,65001.28,65001.38,65001.479999999996,65001.58,65001.68,65001.78]",65000.88,"[0.001,0.002,0.003,0.004,0.005,0.006,0.007,0.008,0.009000000000000001,0.01]",0.001,"[65000.68,65000.58,65000.479999999996,65000.38,65000.28,65000.18,65000.08,64999.979999999996,64999.88,64999.78]",65000.68,"[0.001,0.002,0.003,0.004,0.005,0.006,0.007,0.008,0.009000000000000001,0.01]",0.001,1778,mock,InstrumentType.Spot,613727616,mock,BTC-USDT
2199944884,0,0,1783610796465735019,101,depth,"[65000.89,65000.99,65001.090000000004,65001.19,65001.29,65001.39,65001.49,65001.590000000004,65001.69,65001.79]",65000.89,"[0.001,0.002,0.003,0.004,0.005,0.006,0.007,0.008,0.009000000000000001,0.01]",0.001,"[65000.69,65000.590000000004,65000.49,65000.39,65000.29,65000.19,65000.090000000004,64999.99,64999.89,64999.79]",65000.69,"[0.001,0.002,0.003,0.004,0.005,0.006,0.007,0.008,0.009000000000000001,0.01]",0.001,1779,mock,InstrumentType.Spot,613728176,mock,BTC-USDT
2199944884,0,0,1783610796466029540,101,depth,"[65000.9,65001.0,65001.100000000006,65001.200000000004,65001.3,65001.4,65001.5,65001.600000000006,65001.700000000004,65001.8]",65000.9,"[0.001,0.002,0.003,0.004,0.005,0.006,0.007,0.008,0.009000000000000001,0.01]",0.001,"[65000.700000000004,65000.600000000006,65000.5,65000.4,65000.3,65000.200000000004,65000.100000000006,65000.0,64999.9,64999.8]",65000.700000000004,"[0.001,0.002,0.003,0.004,0.005,0.006,0.007,0.008,0.009000000000000001,0.01]",0.001,1780,mock,InstrumentType.Spot,613728736,mock,BTC-USDT
2199944884,0,0,1783610796466327985,101,depth,"[65000.909999999996,65001.009999999995,65001.11,65001.21,65001.31,65001.409999999996,65001.509999999995,65001.61,65001.71,65001.81]",65000.909999999996,"[0.001,0.002,0.003,0.004,0.005,0.006,0.007,0.008,0.009000000000000001,0.01]",0.001,"[65000.71,65000.61,65000.509999999995,65000.409999999996,65000.31,65000.21,65000.11,65000.009999999995,64999.909999999996,64999.81]",65000.71,"[0.001,0.002,0.003,0.004,0.005,0.006,0.007,0.008,0.009000000000000001,0.01]",0.001,1781,mock,InstrumentType.Spot,613729296,mock,BTC-USDT
2199944884,0,0,1783610796466627776,101,depth,"[65000.92,65001.02,65001.12,65001.22,65001.32,65001.42,65001.52,65001.62,65001.72,65001.82]",65000.92,"[0.001,0.002,0.003,0.004,0.005,0.006,0.007,0.008,0.009000000000000001,0.01]",0.001,"[65000.72,65000.62,65000.52,65000.42,65000.32,65000.22,65000.12,65000.02,64999.92,64999.82]",65000.72,"[0.001,0.002,0.003,0.004,0.005,0.006,0.007,0.008,0.009000000000000001,0.01]",0.001,1782,mock,InstrumentType.Spot,613729856,mock,BTC-USDT
2199944884,0,0,1783610796466927550,101,depth,"[65000.93,65001.03,65001.130000000005,65001.23,65001.33,65001.43,65001.53,65001.630000000005,65001.73,65001.83]",65000.93,"[0.001,0.002,0.003,0.004,0.005,0.006,0.007,0.008,0.009000000000000001,0.01]",0.001,"[65000.73,65000.630000000005,65000.53,65000.43,65000.33,65000.23,65000.130000000005,65000.03,64999.93,64999.83]",65000.73,"[0.001,0.002,0.003,0.004,0.005,0.006,0.007,0.008,0.009000000000000001,0.01]",0.001,1783,mock,InstrumentType.Spot,613730416,mock,BTC-USDT
2199944884,0,0,1783610796467227788,101,depth,"[65000.939999999995,65001.03999999999,65001.14,65001.24,65001.34,65001.439999999995,65001.53999999999,65001.64,65001.74,65001.84]",65000.939999999995,"[0.001,0.002,0.003,0.004,0.005,0.006,0.007,0.008,0.009000000000000001,0.01]",0.001,"[65000.74,65000.64,65000.53999999999,65000.439999999995,65000.34,65000.24,65000.14,65000.03999999999,64999.939999999995,64999.84]",65000.74,"[0.001,0.002,0.003,0.004,0.005,0.006,0.007,0.008,0.009000000000000001,0.01]",0.001,1784,mock,InstrumentType.Spot,613730976,mock,BTC-USDT
2199944884,0,0,1783610796467527634,101,depth,"[65000.95,65001.049999999996,65001.15,65001.25,65001.35,65001.45,65001.549999999996,65001.65,65001.75,65001.85]",65000.95,"[0.001,0.002,0.003,0.004,0.005,0.006,0.007,0.008,0.009000000000000001,0.01]",0.001,"[65000.75,65000.65,65000.549999999996,65000.45,65000.35,65000.25,65000.15,65000.049999999996,64999.95,64999.85]",65000.75,"[0.001,0.002,0.003,0.004,0.005,0.006,0.007,0.008,0.009000000000000001,0.01]",0.001,1785,mock,InstrumentType.Spot,613731536,mock,BTC-USDT
2199944884,0,0,1783610796467853398,101,depth,"[65000.96,65001.06,65001.16,65001.26,65001.36,65001.46,65001.56,65001.66,65001.76,65001.86]",65000.96,"[0.001,0.002,0.003,0.004,0.005,0.006,0.007,0.008,0.009000000000000001,0.01]",0.001,"[65000.76,65000.66,65000.56,65000.46,65000.36,65000.26,65000.16,65000.06,64999.96,64999.86]",65000.76,"[0.001,0.002,0.003,0.004,0.005,0.006,0.007,0.008,0.009000000000000001,0.01]",0.001,1786,mock,InstrumentType.Spot,613732096,mock,BTC-USDT
2199944884,0,0,1783610796468128234,101,depth,"[65000.97,65001.07,65001.170000000006,65001.270000000004,65001.37,65001.47,65001.57,65001.670000000006,65001.770000000004,65001.87]",65000.97,"[0.001,0.002,0.003,0.004,0.005,0.006,0.007,0.008,0.009000000000000001,0.01]",0.001,"[65000.770000000004,65000.670000000006,65000.57,65000.47,65000.37,65000.270000000004,65000.170000000006,65000.07,64999.97,64999.87]",65000.770000000004,"[0.001,0.002,0.003,0.004,0.005,0.006,0.007,0.008,0.009000000000000001,0.01]",0.001,1787,mock,InstrumentType.Spot,613732656,mock,BTC-USDT
2199944884,0,0,1783610796468429588,101,depth,"[65000.979999999996,65001.079999999994,65001.18,65001.28,65001.38,65001.479999999996,65001.579999999994,65001.68,65001.78,65001.88]",65000.979999999996,"[0.001,0.002,0.003,0.004,0.005,0.006,0.007,0.008,0.009000000000000001,0.01]",0.001,"[65000.78,65000.68,65000.579999999994,65000.479999999996,65000.38,65000.28,65000.18,65000.079999999994,64999.979999999996,64999.88]",65000.78,"[0.001,0.002,0.003,0.004,0.005,0.006,0.007,0.008,0.009000000000000001,0.01]",0.001,1788,mock,InstrumentType.Spot,613733216,mock,BTC-USDT
2199944884,0,0,1783610796468729277,101,depth,"[65000.99,65001.09,65001.19,65001.29,65001.39,65001.49,65001.59,65001.69,65001.79,65001.89]",65000.99,"[0.001,0.002,0.003,0.004,0.005,0.006,0.007,0.008,0.009000000000000001,0.01]",0.001,"[65000.79,65000.69,65000.59,65000.49,65000.39,65000.29,65000.19,65000.09,64999.99,64999.89]",65000.79,"[0.001,0.002,0.003,0.004,0.005,0.006,0.007,0.008,0.009000000000000001,0.01]",0.001,1789,mock,InstrumentType.Spot,613733776,mock,BTC-USDT
2199944884,0,0,1783610796469028278,101,depth,"[65001.0,65001.1,65001.200000000004,65001.3,65001.4,65001.5,65001.6,65001.700000000004,65001.8,65001.9]",65001.0,"[0.001,0.002,0.003,0.004,0.005,0.006,0.007,0.008,0.009000000000000001,0.01]",0.001,"[65000.8,65000.700000000004,65000.6,65000.5,65000.4,65000.3,65000.200000000004,65000.1,65000.0,64999.9]",65000.8,"[0.001,0.002,0.003,0.004,0.005,0.006,0.007,0.008,0.009000000000000001,0.01]",0.001,1790,mock,InstrumentType.Spot,613618464,mock,BTC-USDT
2199944884,0,0,1783610796469328391,101,depth,"[65001.01,65001.11,65001.21000000001,65001.310000000005,65001.41,65001.51,65001.61,65001.71000000001,65001.810000000005,65001.91]",65001.01,"[0.001,0.002,0.003,0.004,0.005,0.006,0.007,0.008,0.009000000000000001,0.01]",0.001,"[65000.810000000005,65000.71000000001,65000.61,65000.51,65000.41,65000.310000000005,65000.21000000001,65000.11,65000.01,64999.91]",65000.810000000005,"[0.001,0.002,0.003,0.004,0.005,0.006,0.007,0.008,0.009000000000000001,0.01]",0.001,1791,mock,InstrumentType.Spot,613619024,mock,BTC-USDT
2199944884,0,0,1783610796469628566,101,depth,"[65001.02,65001.119999999995,65001.22,65001.32,65001.42,65001.52,65001.619999999995,65001.72,65001.82,65001.92]",65001.02,"[0.001,0.002,0.003,0.004,0.005,0.006,0.007,0.008,0.009000000000000001,0.01]",0.001,"[65000.82,65000.72,65000.619999999995,65000.52,65000.42,65000.32,65000.22,65000.119999999995,65000.02,64999.92]",65000.82,"[0.001,0.002,0.003,0.004,0.005,0.006,0.007,0.008,0.009000000000000001,0.01]",0.001,1792,mock,InstrumentType.Spot,613619584,mock,BTC-USDT
2199944884,0,0,1783610796469928808,101,depth,"[65001.03,65001.13,65001.23,65001.33,65001.43,65001.53,65001.63,65001.73,65001.83,65001.93]",65001.03,"[0.001,0.002,0.003,0.004,0.005,0.006,0.007,0.008,0.009000000000000001,0.01]",0.001,"[65000.83,65000.73,65000.63,65000.53,65000.43,65000.33,65000.23,65000.13,65000.03,64999.93]",65000.83,"[0.001,0.002,0.003,0.004,0.005,0.006,0.007,0.008,0.009000000000000001,0.01]",0.001,1793,mock,InstrumentType.Spot,613620144,mock,BTC-USDT
2199944884,0,0,1783610796470228706,101,depth,"[65001.04,65001.14,65001.240000000005,65001.340000000004,65001.44,65001.54,65001.64,65001.740000000005,65001.840000000004,65001.94]",65001.04,"[0.001,0.002,0.003,0.004,0.005,0.006,0.007,0.008,0.009000000000000001,0.01]",0.001,"[65000.840000000004,65000.740000000005,65000.64,65000.54,65000.44,65000.340000000004,65000.240000000005,65000.14,65000.04,64999.94]",65000.840000000004,"[0.001,0.002,0.003,0.004,0.005,0.006,0.007,0.008,0.009000000000000001,0.01]",0.001,1794,mock,InstrumentType.Spot,613620704,mock,BTC-USDT
2199944884,0,0,1783610796470538745,101,depth,"[65001.049999999996,65001.149999999994,65001.25,65001.35,65001.45,65001.549999999996,65001.649999999994,65001.75,65001.85,65001.95]",65001.049999999996,"[0.001,0.002,0.003,0.004,0.005,0.006,0.007,0.008,0.009000000000000001,0.01]",0.001,"[65000.85,65000.75,65000.649999999994,65000.549999999996,65000.45,65000.35,65000.25,65000.149999999994,65000.049999999996,64999.95]",65000.85,"[0.001,0.002,0.003,0.004,0.005,0.006,0.007,0.008,0.009000000000000001,0.01]",0.001,1795,mock,InstrumentType.Spot,613621264,mock,BTC-USDT
2199944884,0,0,1783610796470830117,101,depth,"[65001.06,65001.159999999996,65001.26,65001.36,65001.46,65001.56,65001.659999999996,65001.76,65001.86,65001.96]",65001.06,"[0.001,0.002,0.003,0.004,0.005,0.006,0.007,0.008,0.009000000000000001,0.01]",0.001,"[65000.86,65000.76,65000.659999999996,65000.56,65000.46,65000.36,65000.26,65000.159999999996,65000.06,64999.96]",65000.86,"[0.001,0.002,0.003,0.004,0.005,0.006,0.007,0.008,0.009000000000000001,0.01]",0.001,1796,mock,InstrumentType.Spot,613621824,mock,BTC-USDT
2199944884,0,0,1783610796471129608,101,depth,"[65001.07,65001.17,65001.270000000004,65001.37,65001.47,65001.57,65001.67,65001.770000000004,65001.87,65001.97]",65001.07,"[0.001,0.002,0.003,0.004,0.005,0.006,0.007,0.008,0.009000000000000001,0.01]",0.001,"[65000.87,65000.770000000004,65000.67,65000.57,65000.47,65000.37,65000.270000000004,65000.17,65000.07,64999.97]",65000.87,"[0.001,0.002,0.003,0.004,0.005,0.006,0.007,0.008,0.009000000000000001,0.01]",0.001,1797,mock,InstrumentType.Spot,613622384,mock,BTC-USDT
2199944884,0,0,1783610796471428957,101,depth,"[65001.08,65001.18,65001.280000000006,65001.380000000005,65001.48,65001.58,65001.68,65001.780000000006,65001.880000000005,65001.98]",65001.08,"[0.001,0.002,0.003,0.004,0.005,0.006,0.007,0.008,0.009000000000000001,0.01]",0.001,"[65000.880000000005,65000.780000000006,65000.68,65000.58,65000.48,65000.380000000005,65000.280000000006,65000.18,65000.08,64999.98]",65000.880000000005,"[0.001,0.002,0.003,0.004,0.005,0.006,0.007,0.008,0.009000000000000001,0.01]",0.001,1798,mock,InstrumentType.Spot,613622944,mock,BTC-USDT
2199944884,0,0,1783610796471728763,101,depth,"[65001.09,65001.189999999995,65001.29,65001.39,65001.49,65001.59,65001.689999999995,65001.79,65001.89,65001.99]",65001.09,"[0.001,0.002,0.003,0.004,0.005,0.006,0.007,0.008,0.009000000000000001,0.01]",0.001,"[65000.89,65000.79,65000.689999999995,65000.59,65000.49,65000.39,65000.29,65000.189999999995,65000.09,64999.99]",65000.89,"[0.001,0.002,0.003,0.004,0.005,0.006,0.007,0.008,0.009000000000000001,0.01]",0.001,1799,mock,InstrumentType.Spot,613623504,mock,BTC-USDT
2199944884,0,0,1783610796472028863,101,depth,"[65000.1,65000.2,65000.3,65000.4,65000.5,65000.6,65000.7,65000.8,65000.9,65001.0]",65000.1,"[0.001,0.002,0.003,0.004,0.005,0.006,0.007,0.008,0.009000000000000001,0.01]",0.001,"[64999.9,64999.8,64999.7,64999.6,64999.5,64999.4,64999.3,64999.2,64999.1,64999.0]",64999.9,"[0.001,0.002,0.003,0.004,0.005,0.006,0.007,0.008,0.009000000000000001,0.01]",0.001,1800,mock,InstrumentType.Spot,613624064,mock,BTC-USDT
2199944884,0,0,1783610796472329806,101,depth,"[65000.11,65000.21,65000.310000000005,65000.41,65000.51,65000.61,65000.71,65000.810000000005,65000.91,65001.01]",65000.11,"[0.001,0.002,0.003,0.004,0.005,0.006,0.007,0.008,0.009000000000000001,0.01]",0.001,"[64999.91,64999.810000000005,64999.71,64999.61,64999.51,64999.41,64999.310000000005,64999.21,64999.11,64999.01]",64999.91,"[0.001,0.002,0.003,0.004,0.005,0.006,0.007,0.008,0.009000000000000001,0.01]",0.001,1801,mock,InstrumentType.Spot,613624624,mock,BTC-USDT
2199944884,0,0,1783610796472628708,101,depth,"[65000.119999999995,65000.219999999994,65000.32,65000.42,65000.52,65000.619999999995,65000.719999999994,65000.82,65000.92,65001.02]",65000.119999999995,"[0.001,0.002,0.003,0.004,0.005,0.006,0.007,0.008,0.009000000000000001,0.01]",0.001,"[64999.92,64999.82,64999.719999999994,64999.619999999995,64999.52,64999.42,64999.32,64999.219999999994,64999.119999999995,64999.02]",64999.92,"[0.001,0.002,0.003,0.004,0.005,0.006,0.007,0.008,0.009000000000000001,0.01]",0.001,1802,mock,InstrumentType.Spot,613625184,mock,BTC-USDT
2199944884,0,0,1783610796472928610,101,depth,"[65000.13,65000.229999999996,65000.33,65000.43,65000.53,65000.63,65000.729999999996,65000.83,65000.93,65001.03]",65000.13,"[0.001,0.002,0.003,0.004,0.005,0.006,0.007,0.008,0.009000000000000001,0.01]",0.001,"[64999.93,64999.83,64999.729999999996,64999.63,64999.53,64999.43,64999.33,64999.229999999996,64999.13,64999.03]",64999.93,"[0.001,0.002,0.003,0.004,0.005,0.006,0.007,0.008,0.009000000000000001,0.01]",0.001,1803,mock,InstrumentType.Spot,613625744,mock,BTC-USDT
2199944884,0,0,1783610796473228327,101,depth,"[65000.14,65000.24,65000.340000000004,65000.44,65000.54,65000.64,65000.74,65000.840000000004,65000.94,65001.04]",65000.14,"[0.001,0.002,0.003,0.004,0.005,0.006,0.007,0.008,0.009000000000000001,0.01]",0.001,"[64999.94,64999.840000000004,64999.74,64999.64,64999.54,64999.44,64999.340000000004,64999.24,64999.14,64999.04]",64999.94,"[0.001,0.002,0.003,0.004,0.005,0.006,0.007,0.008,0.009000000000000001,0.01]",0.001,1804,mock,InstrumentType.Spot,613626304,mock,BTC-USDT
2199944884,0,0,1783610796473539329,101,depth,"[65000.15,65000.25,65000.350000000006,65000.450000000004,65000.55,65000.65,65000.75,65000.850000000006,65000.950000000004,65001.05]",65000.15,"[0.001,0.002,0.003,0.004,0.005,0.006,0.007,0.008,0.009000000000000001,0.01]",0.001,"[64999.950000000004,64999.850000000006,64999.75,64999.65,64999.55,64999.450000000004,64999.350000000006,64999.25,64999.15,64999.05]",64999.950000000004,"[0.001,0.002,0.003,0.004,0.005,0.006,0.007,0.008,0.009000000000000001,0.01]",0.001,1805,mock,InstrumentType.Spot,613626864,mock,BTC-USDT
2199944884,0,0,1783610796473828135,101,depth,"[65000.159999999996,65000.259999999995,65000.36,65000.46,65000.56,65000.659999999996,65000.759999999995,65000.86,65000.96,65001.06]",65000.159999999996,"[0.001,0.002,0.003,0.004,0.005,0.006,0.007,0.008,0.009000000000000001,0.01]",0.001,"[64999.96,64999.86,64999.759999999995,64999.659999999996,64999.56,64999.46,64999.36,64999.259999999995,64999.159999999996,64999.06]",64999.96,"[0.001,0.002,0.003,0.004,0.005,0.006,0.007,0.008,0.009000000000000001,0.01]",0.001,1806,mock,InstrumentType.Spot,613627424,mock,BTC-USDT
2199944884,0,0,1783610796474128058,101,depth,"[65000.17,65000.27,65000.37,65000.47,65000.57,65000.67,65000.77,65000.87,65000.97,65001.07]",65000.17,"[0.001,0.002,0.003,0.004,0.005,0.006,0.007,0.008,0.009000000000000001,0.01]",0.001,"[64999.97,64999.87,64999.77,64999.67,64999.57,64999.47,64999.37,64999.27,64999.17,64999.07]",64999.97,"[0.001,0.002,0.003,0.004,0.005,0.006,0.007,0.008,0.009000000000000001,0.01]",0.001,1807,mock,InstrumentType.Spot,613627984,mock,BTC-USDT
2199944884,0,0,1783610796474431310,101,depth,"[65000.18,65000.28,65000.380000000005,65000.48,65000.58,65000.68,65000.78,65000.880000000005,65000.98,65001.08]",65000.18,"[0.001,0.002,0.003,0.004,0.005,0.006,0.007,0.008,0.009000000000000001,0.01]",0.001,"[64999.98,64999.880000000005,64999.78,64999.68,64999.58,64999.48,64999.380000000005,64999.28,64999.18,64999.08]",64999.98,"[0.001,0.002,0.003,0.004,0.005,0.006,0.007,0.008,0.009000000000000001,0.01]",0.001,1808,mock,InstrumentType.Spot,613628544,mock,BTC-USDT
2199944884,0,0,1783610796474730109,101,depth,"[65000.189999999995,65000.28999999999,65000.39,65000.49,65000.59,65000.689999999995,65000.78999999999,65000.89,65000.99,65001.09]",65000.189999999995,"[0.001,0.002,0.003,0.004,0.005,0.006,0.007,0.008,0.009000000000000001,0.01]",0.001,"[64999.99,64999.89,64999.78999999999,64999.689999999995,64999.59,64999.49,64999.39,64999.28999999999,64999.189999999995,64999.09]",64999.99,"[0.001,0.002,0.003,0.004,0.005,0.006,0.007,0.008,0.009000000000000001,0.01]",0.001,1809,mock,InstrumentType.Spot,613629104,mock,BTC-USDT
2199944884,0,0,1783610796475028375,101,depth,"[65000.2,65000.299999999996,65000.4,65000.5,65000.6,65000.7,65000.799999999996,65000.9,65001.0,65001.1]",65000.2,"[0.001,0.002,0.003,0.004,0.005,0.006,0.007,0.008,0.009000000000000001,0.01]",0.001,"[65000.0,64999.9,64999.799999999996,64999.7,64999.6,64999.5,64999.4,64999.299999999996,64999.2,64999.1]",65000.0,"[0.001,0.002,0.003,0.004,0.005,0.006,0.007,0.008,0.009000000000000001,0.01]",0.001,1810,mock,InstrumentType.Spot,613629664,mock,BTC-USDT
2199944884,0,0,1783610796475330149,101,depth,"[65000.21,65000.31,65000.41,65000.51,65000.61,65000.71,65000.81,65000.91,65001.01,65001.11]",65000.21,"[0.001,0.002,0.003,0.004,0.005,0.006,0.007,0.008,0.009000000000000001,0.01]",0.001,"[65000.01,64999.91,64999.81,64999.71,64999.61,64999.51,64999.41,64999.31,64999.21,64999.11]",65000.01,"[0.001,0.002,0.003,0.004,0.005,0.006,0.007,0.008,0.009000000000000001,0.01]",0.001,1811,mock,InstrumentType.Spot,613630224,mock,BTC-USDT
2199944884,0,0,1783610796475629332,101,depth,"[65000.22,65000.32,65000.420000000006,65000.520000000004,65000.62,65000.72,65000.82,65000.920000000006,65001.020000000004,65001.12]",65000.22,"[0.001,0.002,0.003,0.004,0.005,0.006,0.007,0.008,0.009000000000000001,0.01]",0.001,"[65000.020000000004,64999.920000000006,64999.82,64999.72,64999.62,64999.520000000004,64999.420000000006,64999.32,64999.22,64999.12]",65000.020000000004,"[0.001,0.002,0.003,0.004,0.005,0.006,0.007,0.008,0.009000000000000001,0.01]",0.001,1812,mock,InstrumentType.Spot,613630784,mock,BTC-USDT
2199944884,0,0,1783610796475929080,101,depth,"[65000.229999999996,65000.329999999994,65000.43,65000.53,65000.63,65000.729999999996,65000.829999999994,65000.93,65001.03,65001.13]",65000.229999999996,"[0.001,0.002,0.003,0.004,0.005,0.006,0.007,0.008,0.009000000000000001,0.01]",0.001,"[65000.03,64999.93,64999.829999999994,64999.729999999996,64999.63,64999.53,64999.43,64999.329999999994,64999.229999999996,64999.13]",65000.03,"[0.001,0.002,0.003,0.004,0.005,0.006,0.007,0.008,0.009000000000000001,0.01]",0.001,1813,mock,InstrumentType.Spot,613631344,mock,BTC-USDT
2199944884,0,0,1783610796476247284,101,depth,"[65000.24,65000.34,65000.44,65000.54,65000.64,65000.74,65000.84,65000.94,65001.04,65001.14]",65000.24,"[0.001,0.002,0.003,0.004,0.005,0.006,0.007,0.008,0.009000000000000001,0.01]",0.001,"[65000.04,64999.94,64999.84,64999.74,64999.64,64999.54,64999.44,64999.34,64999.24,64999.14]",65000.04,"[0.001,0.002,0.003,0.004,0.005,0.006,0.007,0.008,0.009000000000000001,0.01]",0.001,1814,mock,InstrumentType.Spot,613631904,mock,BTC-USDT
2199944884,0,0,1783610796476528309,101,depth,"[65000.25,65000.35,65000.450000000004,65000.55,65000.65,65000.75,65000.85,65000.950000000004,65001.05,65001.15]",65000.25,"[0.001,0.002,0.003,0.004,0.005,0.006,0.007,0.008,0.009000000000000001,0.01]",0.001,"[65000.05,64999.950000000004,64999.85,64999.75,64999.65,64999.55,64999.450000000004,64999.35,64999.25,64999.15]",65000.05,"[0.001,0.002,0.003,0.004,0.005,0.006,0.007,0.008,0.009000000000000001,0.01]",0.001,1815,mock,InstrumentType.Spot,613750480,mock,BTC-USDT
2199944884,0,0,1783610796476832244,101,depth,"[65000.26,65000.36,65000.46000000001,65000.560000000005,65000.66,65000.76,65000.86,65000.96000000001,65001.060000000005,65001.16]",65000.26,"[0.001,0.002,0.003,0.004,0.005,0.006,0.007,0.008,0.009000000000000001,0.01]",0.001,"[65000.060000000005,64999.96000000001,64999.86,64999.76,64999.66,64999.560000000005,64999.46000000001,64999.36,64999.26,64999.16]",65000.060000000005,"[0.001,0.002,0.003,0.004,0.005,0.006,0.007,0.008,0.009000000000000001,0.01]",0.001,1816,mock,InstrumentType.Spot,613750896,mock,BTC-USDT
2199944884,0,0,1783610796477130818,101,depth,"[65000.27,65000.369999999995,65000.47,65000.57,65000.67,65000.77,65000.869999999995,65000.97,65001.07,65001.17]",65000.27,"[0.001,0.002,0.003,0.004,0.005,0.006,0.007,0.008,0.009000000000000001,0.01]",0.001,"[65000.07,64999.97,64999.869999999995,64999.77,64999.67,64999.57,64999.47,64999.369999999995,64999.27,64999.17]",65000.07,"[0.001,0.002,0.003,0.004,0.005,0.006,0.007,0.008,0.009000000000000001,0.01]",0.001,1817,mock,InstrumentType.Spot,613751312,mock,BTC-USDT
2199944884,0,0,1783610796477428846,101,depth,"[65000.28,65000.38,65000.48,65000.58,65000.68,65000.78,65000.88,65000.98,65001.08,65001.18]",65000.28,"[0.001,0.002,0.003,0.004,0.005,0.006,0.007,0.008,0.009000000000000001,0.01]",0.001,"[65000.08,64999.98,64999.88,64999.78,64999.68,64999.58,64999.48,64999.38,64999.28,64999.18]",65000.08,"[0.001,0.002,0.003,0.004,0.005,0.006,0.007,0.008,0.009000000000000001,0.01]",0.001,1818,mock,InstrumentType.Spot,613751840,mock,BTC-USDT
2199944884,0,0,1783610796477728644,101,depth,"[65000.29,65000.39,65000.490000000005,65000.590000000004,65000.69,65000.79,65000.89,65000.990000000005,65001.090000000004,65001.19]",65000.29,"[0.001,0.002,0.003,0.004,0.005,0.006,0.007,0.008,0.009000000000000001,0.01]",0.001,"[65000.090000000004,64999.990000000005,64999.89,64999.79,64999.69,64999.590000000004,64999.490000000005,64999.39,64999.29,64999.19]",65000.090000000004,"[0.001,0.002,0.003,0.004,0.005,0.006,0.007,0.008,0.009000000000000001,0.01]",0.001,1819,mock,InstrumentType.Spot,613752400,mock,BTC-USDT
2199944884,0,0,1783610796478028561,101,depth,"[65000.299999999996,65000.399999999994,65000.5,65000.6,65000.7,65000.799999999996,65000.899999999994,65001.0,65001.1,65001.2]",65000.299999999996,"[0.001,0.002,0.003,0.004,0.005,0.006,0.007,0.008,0.009000000000000001,0.01]",0.001,"[65000.1,65000.0,64999.899999999994,64999.799999999996,64999.7,64999.6,64999.5,64999.399999999994,64999.299999999996,64999.2]",65000.1,"[0.001,0.002,0.003,0.004,0.005,0.006,0.007,0.008,0.009000000000000001,0.01]",0.001,1820,mock,InstrumentType.Spot,613752960,mock,BTC-USDT
2199944884,0,0,1783610796478328600,101,depth,"[65000.31,65000.409999999996,65000.51,65000.61,65000.71,65000.81,65000.909999999996,65001.01,65001.11,65001.21]",65000.31,"[0.001,0.002,0.003,0.004,0.005,0.006,0.007,0.008,0.009000000000000001,0.01]",0.001,"[65000.11,65000.01,64999.909999999996,64999.81,64999.71,64999.61,64999.51,64999.409999999996,64999.31,64999.21]",65000.11,"[0.001,0.002,0.003,0.004,0.005,0.006,0.007,0.008,0.009000000000000001,0.01]",0.001,1821,mock,InstrumentType.Spot,613753520,mock,BTC-USDT
2199944884,0,0,1783610796478628578,101,depth,"[65000.32,65000.42,65000.520000000004,65000.62,65000.72,65000.82,65000.92,65001.020000000004,65001.12,65001.22]",65000.32,"[0.001,0.002,0.003,0.004,0.005,0.006,0.007,0.008,0.009000000000000001,0.01]",0.001,"[65000.12,65000.020000000004,64999.92,64999.82,64999.72,64999.62,64999.520000000004,64999.42,64999.32,64999.22]",65000.12,"[0.001,0.002,0.003,0.004,0.005,0.006,0.007,0.008,0.009000000000000001,0.01]",0.001,1822,mock,InstrumentType.Spot,613754080,mock,BTC-USDT
2199944884,0,0,1783610796478928541,101,depth,"[65000.33,65000.43,65000.530000000006,65000.630000000005,65000.73,65000.83,65000.93,65001.030000000006,65001.130000000005,65001.23]",65000.33,"[0.001,0.002,0.003,0.004,0.005,0.006,0.007,0.008,0.009000000000000001,0.01]",0.001,"[65000.130000000005,65000.030000000006,64999.93,64999.83,64999.73,64999.630000000005,64999.530000000006,64999.43,64999.33,64999.23]",65000.130000000005,"[0.001,0.002,0.003,0.004,0.005,0.006,0.007,0.008,0.009000000000000001,0.01]",0.001,1823,mock,InstrumentType.Spot,613754640,mock,BTC-USDT
2199944884,0,0,1783610796479246144,101,depth,"[65000.34,65000.439999999995,65000.54,65000.64,65000.74,65000.84,65000.939999999995,65001.04,65001.14,65001.24]",65000.34,"[0.001,0.002,0.003,0.004,0.005,0.006,0.007,0.008,0.009000000000000001,0.01]",0.001,"[65000.14,65000.04,64999.939999999995,64999.84,64999.74,64999.64,64999.54,64999.439999999995,64999.34,64999.24]",65000.14,"[0.001,0.002,0.003,0.004,0.005,0.006,0.007,0.008,0.009000000000000001,0.01]",0.001,1824,mock,InstrumentType.Spot,613755200,mock,BTC-USDT
2199944884,0,0,1783610796479528381,101,depth,"[65000.35,65000.45,65000.55,65000.65,65000.75,65000.85,65000.95,65001.05,65001.15,65001.25]",65000.35,"[0.001,0.002,0.003,0.004,0.005,0.006,0.007,0.008,0.009000000000000001,0.01]",0.001,"[65000.15,65000.05,64999.95,64999.85,64999.75,64999.65,64999.55,64999.45,64999.35,64999.25]",65000.15,"[0.001,0.002,0.003,0.004,0.005,0.006,0.007,0.008,0.009000000000000001,0.01]",0.001,1825,mock,InstrumentType.Spot,613755760,mock,BTC-USDT
2199944884,0,0,1783610796479828331,101,depth,"[65000.36,65000.46,65000.560000000005,65000.66,65000.76,65000.86,65000.96,65001.060000000005,65001.16,65001.26]",65000.36,"[0.001,0.002,0.003,0.004,0.005,0.006,0.007,0.008,0.009000000000000001,0.01]",0.001,"[65000.16,65000.060000000005,64999.96,64999.86,64999.76,64999.66,64999.560000000005,64999.46,64999.36,64999.26]",65000.16,"[0.001,0.002,0.003,0.004,0.005,0.006,0.007,0.008,0.009000000000000001,0.01]",0.001,1826,mock,InstrumentType.Spot,613756320,mock,BTC-USDT
2199944884,0,0,1783610796480128338,101,depth,"[65000.369999999995,65000.469999999994,65000.57,65000.67,65000.77,65000.869999999995,65000.969999999994,65001.07,65001.17,65001.27]",65000.369999999995,"[0.001,0.002,0.003,0.004,0.005,0.006,0.007,0.008,0.009000000000000001,0.01]",0.001,"[65000.17,65000.07,64999.969999999994,64999.869999999995,64999.77,64999.67,64999.57,64999.469999999994,64999.369999999995,64999.27]",65000.17,"[0.001,0.002,0.003,0.004,0.005,0.006,0.007,0.008,0.009000000000000001,0.01]",0.001,1827,mock,InstrumentType.Spot,613756880,mock,BTC-USDT
2199944884,0,0,1783610796480428165,101,depth,"[65000.38,65000.479999999996,65000.58,65000.68,65000.78,65000.88,65000.979999999996,65001.08,65001.18,65001.28]",65000.38,"[0.001,0.002,0.003,0.004,0.005,0.006,0.007,0.008,0.009000000000000001,0.01]",0.001,"[65000.18,65000.08,64999.979999999996,64999.88,64999.78,64999.68,64999.58,64999.479999999996,64999.38,64999.28]",65000.18,"[0.001,0.002,0.003,0.004,0.005,0.006,0.007,0.008,0.009000000000000001,0.01]",0.001,1828,mock,InstrumentType.Spot,613757440,mock,BTC-USDT
2199944884,0,0,1783610796480727862,101,depth,"[65000.39,65000.49,65000.590000000004,65000.69,65000.79,65000.89,65000.99,65001.090000000004,65001.19,65001.29]",65000.39,"[0.001,0.002,0.003,0.004,0.005,0.006,0.007,0.008,0.009000000000000001,0.01]",0.001,"[65000.19,65000.090000000004,64999.99,64999.89,64999.79,64999.69,64999.590000000004,64999.49,64999.39,64999.29]",65000.19,"[0.001,0.002,0.003,0.004,0.005,0.006,0.007,0.008,0.009000000000000001,0.01]",0.001,1829,mock,InstrumentType.Spot,613758000,mock,BTC-USDT
2199944884,0,0,1783610796481027878,101,depth,"[65000.4,65000.5,65000.600000000006,65000.700000000004,65000.8,65000.9,65001.0,65001.100000000006,65001.200000000004,65001.3]",65000.4,"[0.001,0.002,0.003,0.004,0.005,0.006,0.007,0.008,0.009000000000000001,0.01]",0.001,"[65000.200000000004,65000.100000000006,65000.0,64999.9,64999.8,64999.700000000004,64999.600000000006,64999.5,64999.4,64999.3]",65000.200000000004,"[0.001,0.002,0.003,0.004,0.005,0.006,0.007,0.008,0.009000000000000001,0.01]",0.001,1830,mock,InstrumentType.Spot,613758560,mock,BTC-USDT
2199944884,0,0,1783610796481327879,101,depth,"[65000.409999999996,65000.509999999995,65000.61,65000.71,65000.81,65000.909999999996,65001.009999999995,65001.11,65001.21,65001.31]",65000.409999999996,"[0.001,0.002,0.003,0.004,0.005,0.006,0.007,0.008,0.009000000000000001,0.01]",0.001,"[65000.21,65000.11,65000.009999999995,64999.909999999996,64999.81,64999.71,64999.61,64999.509999999995,64999.409999999996,64999.31]",65000.21,"[0.001,0.002,0.003,0.004,0.005,0.006,0.007,0.008,0.009000000000000001,0.01]",0.001,1831,mock,InstrumentType.Spot,613759120,mock,BTC-USDT
2199944884,0,0,1783610796481627894,101,depth,"[65000.42,65000.52,65000.62,65000.72,65000.82,65000.92,65001.02,65001.12,65001.22,65001.32]",65000.42,"[0.001,0.002,0.003,0.004,0.005,0.006,0.007,0.008,0.009000000000000001,0.01]",0.001,"[65000.22,65000.12,65000.02,64999.92,64999.82,64999.72,64999.62,64999.52,64999.42,64999.32]",65000.22,"[0.001,0.002,0.003,0.004,0.005,0.006,0.007,0.008,0.009000000000000001,0.01]",0.001,1832,mock,InstrumentType.Spot,613759680,mock,BTC-USDT
2199944884,0,0,1783610796481993099,101,depth,"[65000.43,65000.53,65000.630000000005,65000.73,65000.83,65000.93,65001.03,65001.130000000005,65001.23,65001.33]",65000.43,"[0.001,0.002,0.003,0.004,0.005,0.006,0.007,0.008,0.009000000000000001,0.01]",0.001,"[65000.23,65000.130000000005,65000.03,64999.93,64999.83,64999.73,64999.630000000005,64999.53,64999.43,64999.33]",65000.23,"[0.001,0.002,0.003,0.004,0.005,0.006,0.007,0.008,0.009000000000000001,0.01]",0.001,1833,mock,InstrumentType.Spot,613760240,mock,BTC-USDT
2199944884,0,0,1783610796482228339,101,depth,"[65000.439999999995,65000.53999999999,65000.64,65000.74,65000.84,65000.939999999995,65001.03999999999,65001.14,65001.24,65001.34]",65000.439999999995,"[0.001,0.002,0.003,0.004,0.005,0.006,0.007,0.008,0.009000000000000001,0.01]",0.001,"[65000.24,65000.14,65000.03999999999,64999.939999999995,64999.84,64999.74,64999.64,64999.53999999999,64999.439999999995,64999.34]",65000.24,"[0.001,0.002,0.003,0.004,0.005,0.006,0.007,0.008,0.009000000000000001,0.01]",0.001,1834,mock,InstrumentType.Spot,613760800,mock,BTC-USDT
2199944884,0,0,1783610796482527830,101,depth,"[65000.45,65000.549999999996,65000.65,65000.75,65000.85,65000.95,65001.049999999996,65001.15,65001.25,65001.35]",65000.45,"[0.001,0.002,0.003,0.004,0.005,0.006,0.007,0.008,0.009000000000000001,0.01]",0.001,"[65000.25,65000.15,65000.049999999996,64999.95,64999.85,64999.75,64999.65,64999.549999999996,64999.45,64999.35]",65000.25,"[0.001,0.002,0.003,0.004,0.005,0.006,0.007,0.008,0.009000000000000001,0.01]",0.001,1835,mock,InstrumentType.Spot,613761360,mock,BTC-USDT
2199944884,0,0,1783610796482827983,101,depth,"[65000.46,65000.56,65000.66,65000.76,65000.86,65000.96,65001.06,65001.16,65001.26,65001.36]",65000.46,"[0.001,0.002,0.003,0.004,0.005,0.006,0.007,0.008,0.009000000000000001,0.01]",0.001,"[65000.26,65000.16,65000.06,64999.96,64999.86,64999.76,64999.66,64999.56,64999.46,64999.36]",65000.26,"[0.001,0.002,0.003,0.004,0.005,0.006,0.007,0.008,0.009000000000000001,0.01]",0.001,1836,mock,InstrumentType.Spot,613761920,mock,BTC-USDT
2199944884,0,0,1783610796483128685,101,depth,"[65000.47,65000.57,65000.670000000006,65000.770000000004,65000.87,65000.97,65001.07,65001.170000000006,65001.270000000004,65001.37]",65000.47,"[0.001,0.002,0.003,0.004,0.005,0.006,0.007,0.008,0.009000000000000001,0.01]",0.001,"[65000.270000000004,65000.170000000006,65000.07,64999.97,64999.87,64999.770000000004,64999.670000000006,64999.57,64999.47,64999.37]",65000.270000000004,"[0.001,0.002,0.003,0.004,0.005,0.006,0.007,0.008,0.009000000000000001,0.01]",0.001,1837,mock,InstrumentType.Spot,613762480,mock,BTC-USDT
2199944884,0,0,1783610796483427989,101,depth,"[65000.479999999996,65000.579999999994,65000.68,65000.78,65000.88,65000.979999999996,65001.079999999994,65001.18,65001.28,65001.38]",65000.479999999996,"[0.001,0.002,0.003,0.004,0.005,0.006,0.007,0.008,0.009000000000000001,0.01]",0.001,"[65000.28,65000.18,65000.079999999994,64999.979999999996,64999.88,64999.78,64999.68,64999.579999999994,64999.479999999996,64999.38]",65000.28,"[0.001,0.002,0.003,0.004,0.005,0.006,0.007,0.008,0.009000000000000001,0.01]",0.001,1838,mock,InstrumentType.Spot,613763040,mock,BTC-USDT
2199944884,0,0,1783610796483727935,101,depth,"[65000.49,65000.59,65000.69,65000.79,65000.89,65000.99,65001.09,65001.19,65001.29,65001.39]",65000.49,"[0.001,0.002,0.003,0.004,0.005,0.006,0.007,0.008,0.009000000000000001,0.01]",0.001,"[65000.29,65000.19,65000.09,64999.99,64999.89,64999.79,64999.69,64999.59,64999.49,64999.39]",65000.29,"[0.001,0.002,0.003,0.004,0.005,0.006,0.007,0.008,0.009000000000000001,0.01]",0.001,1839,mock,InstrumentType.Spot,613763600,mock,BTC-USDT
2199944884,0,0,1783610796484027946,101,depth,"[65000.5,65000.6,65000.700000000004,65000.8,65000.9,65001.0,65001.1,65001.200000000004,65001.3,65001.4]",65000.5,"[0.001,0.002,0.003,0.004,0.005,0.006,0.007,0.008,0.009000000000000001,0.01]",0.001,"[65000.3,65000.200000000004,65000.1,65000.0,64999.9,64999.8,64999.700000000004,64999.6,64999.5,64999.4]",65000.3,"[0.001,0.002,0.003,0.004,0.005,0.006,0.007,0.008,0.009000000000000001,0.01]",0.001,1840,mock,InstrumentType.Spot,613764160,mock,BTC-USDT
2199944884,0,0,1783610796484328004,101,depth,"[65000.51,65000.61,65000.71000000001,65000.810000000005,65000.91,65001.01,65001.11,65001.21000000001,65001.310000000005,65001.41]",65000.51,"[0.001,0.002,0.003,0.004,0.005,0.006,0.007,0.008,0.009000000000000001,0.01]",0.001,"[65000.310000000005,65000.21000000001,65000.11,65000.01,64999.91,64999.810000000005,64999.71000000001,64999.61,64999.51,64999.41]",65000.310000000005,"[0.001,0.002,0.003,0.004,0.005,0.006,0.007,0.008,0.009000000000000001,0.01]",0.001,1841,mock,InstrumentType.Spot,613764720,mock,BTC-USDT
2199944884,0,0,1783610796484627872,101,depth,"[65000.52,65000.619999999995,65000.72,65000.82,65000.92,65001.02,65001.119999999995,65001.22,65001.32,65001.42]",65000.52,"[0.001,0.002,0.003,0.004,0.005,0.006,0.007,0.008,0.009000000000000001,0.01]",0.001,"[65000.32,65000.22,65000.119999999995,65000.02,64999.92,64999.82,64999.72,64999.619999999995,64999.52,64999.42]",65000.32,"[0.001,0.002,0.003,0.004,0.005,0.006,0.007,0.008,0.009000000000000001,0.01]",0.001,1842,mock,InstrumentType.Spot,613765280,mock,BTC-USDT
2199944884,0,0,1783610796484935820,101,depth,"[65000.53,65000.63,65000.73,65000.83,65000.93,65001.03,65001.13,65001.23,65001.33,65001.43]",65000.53,"[0.001,0.002,0.003,0.004,0.005,0.006,0.007,0.008,0.009000000000000001,0.01]",0.001,"[65000.33,65000.23,65000.13,65000.03,64999.93,64999.83,64999.73,64999.63,64999.53,64999.43]",65000.33,"[0.001,0.002,0.003,0.004,0.005,0.006,0.007,0.008,0.009000000000000001,0.01]",0.001,1843,mock,InstrumentType.Spot,613765840,mock,BTC-USDT
2199944884,0,0,1783610796485228017,101,depth,"[65000.54,65000.64,65000.740000000005,65000.840000000004,65000.94,65001.04,65001.14,65001.240000000005,65001.340000000004,65001.44]",65000.54,"[0.001,0.002,0.003,0.004,0.005,0.006,0.007,0.008,0.009000000000000001,0.01]",0.001,"[65000.340000000004,65000.240000000005,65000.14,65000.04,64999.94,64999.840000000004,64999.740000000005,64999.64,64999.54,64999.44]",65000.340000000004,"[0.001,0.002,0.003,0.004,0.005,0.006,0.007,0.008,0.009000000000000001,0.01]",0.001,1844,mock,InstrumentType.Spot,613766400,mock,BTC-USDT
2199944884,0,0,1783610796485527952,101,depth,"[65000.549999999996,65000.649999999994,65000.75,65000.85,65000.95,65001.049999999996,65001.149999999994,65001.25,65001.35,65001.45]",65000.549999999996,"[0.001,0.002,0.003,0.004,0.005,0.006,0.007,0.008,0.009000000000000001,0.01]",0.001,"[65000.35,65000.25,65000.149999999994,65000.049999999996,64999.95,64999.85,64999.75,64999.649999999994,64999.549999999996,64999.45]",65000.35,"[0.001,0.002,0.003,0.004,0.005,0.006,0.007,0.008,0.009000000000000001,0.01]",0.001,1845,mock,InstrumentType.Spot,613766960,mock,BTC-USDT
2199944884,0,0,1783610796485827729,101,depth,"[65000.56,65000.659999999996,65000.76,65000.86,65000.96,65001.06,65001.159999999996,65001.26,65001.36,65001.46]",65000.56,"[0.001,0.002,0.003,0.004,0.005,0.006,0.007,0.008,0.009000000000000001,0.01]",0.001,"[65000.36,65000.26,65000.159999999996,65000.06,64999.96,64999.86,64999.76,64999.659999999996,64999.56,64999.46]",65000.36,"[0.001,0.002,0.003,0.004,0.005,0.006,0.007,0.008,0.009000000000000001,0.01]",0.001,1846,mock,InstrumentType.Spot,613767520,mock,BTC-USDT
2199944884,0,0,1783610796486127741,101,depth,"[65000.57,65000.67,65000.770000000004,65000.87,65000.97,65001.07,65001.17,65001.270000000004,65001.37,65001.47]",65000.57,"[0.001,0.002,0.003,0.004,0.005,0.006,0.007,0.008,0.009000000000000001,0.01]",0.001,"[65000.37,65000.270000000004,65000.17,65000.07,64999.97,64999.87,64999.770000000004,64999.67,64999.57,64999.47]",65000.37,"[0.001,0.002,0.003,0.004,0.005,0.006,0.007,0.008,0.009000000000000001,0.01]",0.001,1847,mock,InstrumentType.Spot,613768080,mock,BTC-USDT
2199944884,0,0,1783610796486427782,101,depth,"[65000.58,65000.68,65000.780000000006,65000.880000000005,65000.98,65001.08,65001.18,65001.280000000006,65001.380000000005,65001.48]",65000.58,"[0.001,0.002,0.003,0.004,0.005,0.006,0.007,0.008,0.009000000000000001,0.01]",0.001,"[65000.380000000005,65000.280000000006,65000.18,65000.08,64999.98,64999.880000000005,64999.780000000006,64999.68,64999.58,64999.48]",65000.380000000005,"[0.001,0.002,0.003,0.004,0.005,0.006,0.007,0.008,0.009000000000000001,0.01]",0.001,1848,mock,InstrumentType.Spot,613768640,mock,BTC-USDT
2199944884,0,0,1783610796486727582,101,depth,"[65000.59,65000.689999999995,65000.79,65000.89,65000.99,65001.09,65001.189999999995,65001.29,65001.39,65001.49]",65000.59,"[0.001,0.002,0.003,0.004,0.005,0.006,0.007,0.008,0.009000000000000001,0.01]",0.001,"[65000.39,65000.29,65000.189999999995,65000.09,64999.99,64999.89,64999.79,64999.689999999995,64999.59,64999.49]",65000.39,"[0.001,0.002,0.003,0.004,0.005,0.006,0.007,0.008,0.009000000000000001,0.01]",0.001,1849,mock,InstrumentType.Spot,613769200,mock,BTC-USDT
2199944884,0,0,1783610796487027630,101,depth,"[65000.6,65000.7,65000.8,65000.9,65001.0,65001.1,65001.2,65001.3,65001.4,65001.5]",65000.6,"[0.001,0.002,0.003,0.004,0.005,0.006,0.007,0.008,0.009000000000000001,0.01]",0.001,"[65000.4,65000.3,65000.2,65000.1,65000.0,64999.9,64999.8,64999.7,64999.6,64999.5]",65000.4,"[0.001,0.002,0.003,0.004,0.005,0.006,0.007,0.008,0.009000000000000001,0.01]",0.001,1850,mock,InstrumentType.Spot,613769760,mock,BTC-USDT
2199944884,0,0,1783610796487330506,101,depth,"[65000.61,65000.71,65000.810000000005,65000.91,65001.01,65001.11,65001.21,65001.310000000005,65001.41,65001.51]",65000.61,"[0.001,0.002,0.003,0.004,0.005,0.006,0.007,0.008,0.009000000000000001,0.01]",0.001,"[65000.41,65000.310000000005,65000.21,65000.11,65000.01,64999.91,64999.810000000005,64999.71,64999.61,64999.51]",65000.41,"[0.001,0.002,0.003,0.004,0.005,0.006,0.007,0.008,0.009000000000000001,0.01]",0.001,1851,mock,InstrumentType.Spot,613770320,mock,BTC-USDT
2199944884,0,0,1783610796487628385,101,depth,"[65000.619999999995,65000.719999999994,65000.82,65000.92,65001.02,65001.119999999995,65001.219999999994,65001.32,65001.42,65001.52]",65000.619999999995,"[0.001,0.002,0.003,0.004,0.005,0.006,0.007,0.008,0.009000000000000001,0.01]",0.001,"[65000.42,65000.32,65000.219999999994,65000.119999999995,65000.02,64999.92,64999.82,64999.719999999994,64999.619999999995,64999.52]",65000.42,"[0.001,0.002,0.003,0.004,0.005,0.006,0.007,0.008,0.009000000000000001,0.01]",0.001,1852,mock,InstrumentType.Spot,613770880,mock,BTC-USDT
2199944884,0,0,1783610796487941722,101,depth,"[65000.63,65000.729999999996,65000.83,65000.93,65001.03,65001.13,65001.229999999996,65001.33,65001.43,65001.53]",65000.63,"[0.001,0.002,0.003,0.004,0.005,0.006,0.007,0.008,0.009000000000000001,0.01]",0.001,"[65000.43,65000.33,65000.229999999996,65000.13,65000.03,64999.93,64999.83,64999.729999999996,64999.63,64999.53]",65000.43,"[0.001,0.002,0.003,0.004,0.005,0.006,0.007,0.008,0.009000000000000001,0.01]",0.001,1853,mock,InstrumentType.Spot,613771440,mock,BTC-USDT
2199944884,0,0,1783610796488228247,101,depth,"[65000.64,65000.74,65000.840000000004,65000.94,65001.04,65001.14,65001.24,65001.340000000004,65001.44,65001.54]",65000.64,"[0.001,0.002,0.003,0.004,0.005,0.006,0.007,0.008,0.009000000000000001,0.01]",0.001,"[65000.44,65000.340000000004,65000.24,65000.14,65000.04,64999.94,64999.840000000004,64999.74,64999.64,64999.54]",65000.44,"[0.001,0.002,0.003,0.004,0.005,0.006,0.007,0.008,0.009000000000000001,0.01]",0.001,1854,mock,InstrumentType.Spot,613772000,mock,BTC-USDT
2199944884,0,0,1783610796488527976,101,depth,"[65000.65,65000.75,65000.850000000006,65000.950000000004,65001.05,65001.15,65001.25,65001.350000000006,65001.450000000004,65001.55]",65000.65,"[0.001,0.002,0.003,0.004,0.005,0.006,0.007,0.008,0.009000000000000001,0.01]",0.001,"[65000.450000000004,65000.350000000006,65000.25,65000.15,65000.05,64999.950000000004,64999.850000000006,64999.75,64999.65,64999.55]",65000.450000000004,"[0.001,0.002,0.003,0.004,0.005,0.006,0.007,0.008,0.009000000000000001,0.01]",0.001,1855,mock,InstrumentType.Spot,613772560,mock,BTC-USDT
2199944884,0,0,1783610796488828483,101,depth,"[65000.659999999996,65000.759999999995,65000.86,65000.96,65001.06,65001.159999999996,65001.259999999995,65001.36,65001.46,65001.56]",65000.659999999996,"[0.001,0.002,0.003,0.004,0.005,0.006,0.007,0.008,0.009000000000000001,0.01]",0.001,"[65000.46,65000.36,65000.259999999995,65000.159999999996,65000.06,64999.96,64999.86,64999.759999999995,64999.659999999996,64999.56]",65000.46,"[0.001,0.002,0.003,0.004,0.005,0.006,0.007,0.008,0.009000000000000001,0.01]",0.001,1856,mock,InstrumentType.Spot,613773120,mock,BTC-USDT
2199944884,0,0,1783610796489128302,101,depth,"[65000.67,65000.77,65000.87,65000.97,65001.07,65001.17,65001.27,65001.37,65001.47,65001.57]",65000.67,"[0.001,0.002,0.003,0.004,0.005,0.006,0.007,0.008,0.009000000000000001,0.01]",0.001,"[65000.47,65000.37,65000.27,65000.17,65000.07,64999.97,64999.87,64999.77,64999.67,64999.57]",65000.47,"[0.001,0.002,0.003,0.004,0.005,0.006,0.007,0.008,0.009000000000000001,0.01]",0.001,1857,mock,InstrumentType.Spot,613773680,mock,BTC-USDT
2199944884,0,0,1783610796489428247,101,depth,"[65000.68,65000.78,65000.880000000005,65000.98,65001.08,65001.18,65001.28,65001.380000000005,65001.48,65001.58]",65000.68,"[0.001,0.002,0.003,0.004,0.005,0.006,0.007,0.008,0.009000000000000001,0.01]",0.001,"[65000.48,65000.380000000005,65000.28,65000.18,65000.08,64999.98,64999.880000000005,64999.78,64999.68,64999.58]",65000.48,"[0.001,0.002,0.003,0.004,0.005,0.006,0.007,0.008,0.009000000000000001,0.01]",0.001,1858,mock,InstrumentType.Spot,613774240,mock,BTC-USDT
2199944884,0,0,1783610796489728226,101,depth,"[65000.689999999995,65000.78999999999,65000.89,65000.99,65001.09,65001.189999999995,65001.28999999999,65001.39,65001.49,65001.59]",65000.689999999995,"[0.001,0.002,0.003,0.004,0.005,0.006,0.007,0.008,0.009000000000000001,0.01]",0.001,"[65000.49,65000.39,65000.28999999999,65000.189999999995,65000.09,64999.99,64999.89,64999.78999999999,64999.689999999995,64999.59]",65000.49,"[0.001,0.002,0.003,0.004,0.005,0.006,0.007,0.008,0.009000000000000001,0.01]",0.001,1859,mock,InstrumentType.Spot,613774800,mock,BTC-USDT
2199944884,0,0,1783610796490028926,101,depth,"[65000.7,65000.799999999996,65000.9,65001.0,65001.1,65001.2,65001.299999999996,65001.4,65001.5,65001.6]",65000.7,"[0.001,0.002,0.003,0.004,0.005,0.006,0.007,0.008,0.009000000000000001,0.01]",0.001,"[65000.5,65000.4,65000.299999999996,65000.2,65000.1,65000.0,64999.9,64999.799999999996,64999.7,64999.6]",65000.5,"[0.001,0.002,0.003,0.004,0.005,0.006,0.007,0.008,0.009000000000000001,0.01]",0.001,1860,mock,InstrumentType.Spot,613775360,mock,BTC-USDT
2199944884,0,0,1783610796490332262,101,depth,"[65000.71,65000.81,65000.91,65001.01,65001.11,65001.21,65001.31,65001.41,65001.51,65001.61]",65000.71,"[0.001,0.002,0.003,0.004,0.005,0.006,0.007,0.008,0.009000000000000001,0.01]",0.001,"[65000.51,65000.41,65000.31,65000.21,65000.11,65000.01,64999.91,64999.81,64999.71,64999.61]",65000.51,"[0.001,0.002,0.003,0.004,0.005,0.006,0.007,0.008,0.009000000000000001,0.01]",0.001,1861,mock,InstrumentType.Spot,613775920,mock,BTC-USDT
2199944884,0,0,1783610796490642653,101,depth,"[65000.72,65000.82,65000.920000000006,65001.020000000004,65001.12,65001.22,65001.32,65001.420000000006,65001.520000000004,65001.62]",65000.72,"[0.001,0.002,0.003,0.004,0.005,0.006,0.007,0.008,0.009000000000000001,0.01]",0.001,"[65000.520000000004,65000.420000000006,65000.32,65000.22,65000.12,65000.020000000004,64999.920000000006,64999.82,64999.72,64999.62]",65000.520000000004,"[0.001,0.002,0.003,0.004,0.005,0.006,0.007,0.008,0.009000000000000001,0.01]",0.001,1862,mock,InstrumentType.Spot,613776480,mock,BTC-USDT
2199944884,0,0,1783610796490928239,101,depth,"[65000.729999999996,65000.829999999994,65000.93,65001.03,65001.13,65001.229999999996,65001.329999999994,65001.43,65001.53,65001.63]",65000.729999999996,"[0.001,0.002,0.003,0.004,0.005,0.006,0.007,0.008,0.009000000000000001,0.01]",0.001,"[65000.53,65000.43,65000.329999999994,65000.229999999996,65000.13,65000.03,64999.93,64999.829999999994,64999.729999999996,64999.63]",65000.53,"[0.001,0.002,0.003,0.004,0.005,0.006,0.007,0.008,0.009000000000000001,0.01]",0.001,1863,mock,InstrumentType.Spot,613777040,mock,BTC-USDT
2199944884,0,0,1783610796491228287,101,depth,"[65000.74,65000.84,65000.94,65001.04,65001.14,65001.24,65001.34,65001.44,65001.54,65001.64]",65000.74,"[0.001,0.002,0.003,0.004,0.005,0.006,0.007,0.008,0.009000000000000001,0.01]",0.001,"[65000.54,65000.44,65000.34,65000.24,65000.14,65000.04,64999.94,64999.84,64999.74,64999.64]",65000.54,"[0.001,0.002,0.003,0.004,0.005,0.006,0.007,0.008,0.009000000000000001,0.01]",0.001,1864,mock,InstrumentType.Spot,613777600,mock,BTC-USDT
2199944884,0,0,1783610796491528117,101,depth,"[65000.75,65000.85,65000.950000000004,65001.05,65001.15,65001.25,65001.35,65001.450000000004,65001.55,65001.65]",65000.75,"[0.001,0.002,0.003,0.004,0.005,0.006,0.007,0.008,0.009000000000000001,0.01]",0.001,"[65000.55,65000.450000000004,65000.35,65000.25,65000.15,65000.05,64999.950000000004,64999.85,64999.75,64999.65]",65000.55,"[0.001,0.002,0.003,0.004,0.005,0.006,0.007,0.008,0.009000000000000001,0.01]",0.001,1865,mock,InstrumentType.Spot,613778160,mock,BTC-USDT
2199944884,0,0,1783610796491829399,101,depth,"[65000.76,65000.86,65000.96000000001,65001.060000000005,65001.16,65001.26,65001.36,65001.46000000001,65001.560000000005,65001.66]",65000.76,"[0.001,0.002,0.003,0.004,0.005,0.006,0.007,0.008,0.009000000000000001,0.01]",0.001,"[65000.560000000005,65000.46000000001,65000.36,65000.26,65000.16,65000.060000000005,64999.96000000001,64999.86,64999.76,64999.66]",65000.560000000005,"[0.001,0.002,0.003,0.004,0.005,0.006,0.007,0.008,0.009000000000000001,0.01]",0.001,1866,mock,InstrumentType.Spot,613778720,mock,BTC-USDT
2199944884,0,0,1783610796492128330,101,depth,"[65000.77,65000.869999999995,65000.97,65001.07,65001.17,65001.27,65001.369999999995,65001.47,65001.57,65001.67]",65000.77,"[0.001,0.002,0.003,0.004,0.005,0.006,0.007,0.008,0.009000000000000001,0.01]",0.001,"[65000.57,65000.47,65000.369999999995,65000.27,65000.17,65000.07,64999.97,64999.869999999995,64999.77,64999.67]",65000.57,"[0.001,0.002,0.003,0.004,0.005,0.006,0.007,0.008,0.009000000000000001,0.01]",0.001,1867,mock,InstrumentType.Spot,613779280,mock,BTC-USDT
2199944884,0,0,1783610796492427902,101,depth,"[65000.78,65000.88,65000.98,65001.08,65001.18,65001.28,65001.38,65001.48,65001.58,65001.68]",65000.78,"[0.001,0.002,0.003,0.004,0.005,0.006,0.007,0.008,0.009000000000000001,0.01]",0.001,"[65000.58,65000.48,65000.38,65000.28,65000.18,65000.08,64999.98,64999.88,64999.78,64999.68]",65000.58,"[0.001,0.002,0.003,0.004,0.005,0.006,0.007,0.008,0.009000000000000001,0.01]",0.001,1868,mock,InstrumentType.Spot,613779840,mock,BTC-USDT
2199944884,0,0,1783610796492727938,101,depth,"[65000.79,65000.89,65000.990000000005,65001.090000000004,65001.19,65001.29,65001.39,65001.490000000005,65001.590000000004,65001.69]",65000.79,"[0.001,0.002,0.003,0.004,0.005,0.006,0.007,0.008,0.009000000000000001,0.01]",0.001,"[65000.590000000004,65000.490000000005,65000.39,65000.29,65000.19,65000.090000000004,64999.990000000005,64999.89,64999.79,64999.69]",65000.590000000004,"[0.001,0.002,0.003,0.004,0.005,0.006,0.007,0.008,0.009000000000000001,0.01]",0.001,1869,mock,InstrumentType.Spot,613780400,mock,BTC-USDT
2199944884,0,0,1783610796493028101,101,depth,"[65000.799999999996,65000.899999999994,65001.0,65001.1,65001.2,65001.299999999996,65001.399999999994,65001.5,65001.6,65001.7]",65000.799999999996,"[0.001,0.002,0.003,0.004,0.005,0.006,0.007,0.008,0.009000000000000001,0.01]",0.001,"[65000.6,65000.5,65000.399999999994,65000.299999999996,65000.2,65000.1,65000.0,64999.899999999994,64999.799999999996,64999.7]",65000.6,"[0.001,0.002,0.003,0.004,0.005,0.006,0.007,0.008,0.009000000000000001,0.01]",0.001,1870,mock,InstrumentType.Spot,613780960,mock,BTC-USDT
2199944884,0,0,1783610796493327987,101,depth,"[65000.81,65000.909999999996,65001.01,65001.11,65001.21,65001.31,65001.409999999996,65001.51,65001.61,65001.71]",65000.81,"[0.001,0.002,0.003,0.004,0.005,0.006,0.007,0.008,0.009000000000000001,0.01]",0.001,"[65000.61,65000.51,65000.409999999996,65000.31,65000.21,65000.11,65000.01,64999.909999999996,64999.81,64999.71]",65000.61,"[0.001,0.002,0.003,0.004,0.005,0.006,0.007,0.008,0.009000000000000001,0.01]",0.001,1871,mock,InstrumentType.Spot,613781520,mock,BTC-USDT
2199944884,0,0,1783610796493638520,101,depth,"[65000.82,65000.92,65001.020000000004,65001.12,65001.22,65001.32,65001.42,65001.520000000004,65001.62,65001.72]",65000.82,"[0.001,0.002,0.003,0.004,0.005,0.006,0.007,0.008,0.009000000000000001,0.01]",0.001,"[65000.62,65000.520000000004,65000.42,65000.32,65000.22,65000.12,65000.020000000004,64999.92,64999.82,64999.72]",65000.62,"[0.001,0.002,0.003,0.004,0.005,0.006,0.007,0.008,0.009000000000000001,0.01]",0.001,1872,mock,InstrumentType.Spot,613782080,mock,BTC-USDT
2199944884,0,0,1783610796493927943,101,depth,"[65000.83,65000.93,65001.030000000006,65001.130000000005,65001.23,65001.33,65001.43,65001.530000000006,65001.630000000005,65001.73]",65000.83,"[0.001,0.002,0.003,0.004,0.005,0.006,0.007,0.008,0.009000000000000001,0.01]",0.001,"[65000.630000000005,65000.530000000006,65000.43,65000.33,65000.23,65000.130000000005,65000.030000000006,64999.93,64999.83,64999.73]",65000.630000000005,"[0.001,0.002,0.003,0.004,0.005,0.006,0.007,0.008,0.009000000000000001,0.01]",0.001,1873,mock,InstrumentType.Spot,613782640,mock,BTC-USDT
2199944884,0,0,1783610796494227897,101,depth,"[65000.84,65000.939999999995,65001.04,65001.14,65001.24,65001.34,65001.439999999995,65001.54,65001.64,65001.74]",65000.84,"[0.001,0.002,0.003,0.004,0.005,0.006,0.007,0.008,0.009000000000000001,0.01]",0.001,"[65000.64,65000.54,65000.439999999995,65000.34,65000.24,65000.14,65000.04,64999.939999999995,64999.84,64999.74]",65000.64,"[0.001,0.002,0.003,0.004,0.005,0.006,0.007,0.008,0.009000000000000001,0.01]",0.001,1874,mock,InstrumentType.Spot,613783200,mock,BTC-USDT
2199944884,0,0,1783610796494527926,101,depth,"[65000.85,65000.95,65001.05,65001.15,65001.25,65001.35,65001.45,65001.55,65001.65,65001.75]",65000.85,"[0.001,0.002,0.003,0.004,0.005,0.006,0.007,0.008,0.009000000000000001,0.01]",0.001,"[65000.65,65000.55,65000.45,65000.35,65000.25,65000.15,65000.05,64999.95,64999.85,64999.75]",65000.65,"[0.001,0.002,0.003,0.004,0.005,0.006,0.007,0.008,0.009000000000000001,0.01]",0.001,1875,mock,InstrumentType.Spot,613783760,mock,BTC-USDT
2199944884,0,0,1783610796494827928,101,depth,"[65000.86,65000.96,65001.060000000005,65001.16,65001.26,65001.36,65001.46,65001.560000000005,65001.66,65001.76]",65000.86,"[0.001,0.002,0.003,0.004,0.005,0.006,0.007,0.008,0.009000000000000001,0.01]",0.001,"[65000.66,65000.560000000005,65000.46,65000.36,65000.26,65000.16,65000.060000000005,64999.96,64999.86,64999.76]",65000.66,"[0.001,0.002,0.003,0.004,0.005,0.006,0.007,0.008,0.009000000000000001,0.01]",0.001,1876,mock,InstrumentType.Spot,613784320,mock,BTC-USDT
2199944884,0,0,1783610796495129340,101,depth,"[65000.869999999995,65000.969999999994,65001.07,65001.17,65001.27,65001.369999999995,65001.469999999994,65001.57,65001.67,65001.77]",65000.869999999995,"[0.001,0.002,0.003,0.004,0.005,0.006,0.007,0.008,0.009000000000000001,0.01]",0.001,"[65000.67,65000.57,65000.469999999994,65000.369999999995,65000.27,65000.17,65000.07,64999.969999999994,64999.869999999995,64999.77]",65000.67,"[0.001,0.002,0.003,0.004,0.005,0.006,0.007,0.008,0.009000000000000001,0.01]",0.001,1877,mock,InstrumentType.Spot,613784880,mock,BTC-USDT
2199944884,0,0,1783610796495428162,101,depth,"[65000.88,65000.979999999996,65001.08,65001.18,65001.28,65001.38,65001.479999999996,65001.58,65001.68,65001.78]",65000.88,"[0.001,0.002,0.003,0.004,0.005,0.006,0.007,0.008,0.009000000000000001,0.01]",0.001,"[65000.68,65000.58,65000.479999999996,65000.38,65000.28,65000.18,65000.08,64999.979999999996,64999.88,64999.78]",65000.68,"[0.001,0.002,0.003,0.004,0.005,0.006,0.007,0.008,0.009000000000000001,0.01]",0.001,1878,mock,InstrumentType.Spot,613785440,mock,BTC-USDT
2199944884,0,0,1783610796495729217,101,depth,"[65000.89,65000.99,65001.090000000004,65001.19,65001.29,65001.39,65001.49,65001.590000000004,65001.69,65001.79]",65000.89,"[0.001,0.002,0.003,0.004,0.005,0.006,0.007,0.008,0.009000000000000001,0.01]",0.001,"[65000.69,65000.590000000004,65000.49,65000.39,65000.29,65000.19,65000.090000000004,64999.99,64999.89,64999.79]",65000.69,"[0.001,0.002,0.003,0.004,0.005,0.006,0.007,0.008,0.009000000000000001,0.01]",0.001,1879,mock,InstrumentType.Spot,613786000,mock,BTC-USDT
2199944884,0,0,1783610796496029503,101,depth,"[65000.9,65001.0,65001.100000000006,65001.200000000004,65001.3,65001.4,65001.5,65001.600000000006,65001.700000000004,65001.8]",65000.9,"[0.001,0.002,0.003,0.004,0.005,0.006,0.007,0.008,0.009000000000000001,0.01]",0.001,"[65000.700000000004,65000.600000000006,65000.5,65000.4,65000.3,65000.200000000004,65000.100000000006,65000.0,64999.9,64999.8]",65000.700000000004,"[0.001,0.002,0.003,0.004,0.005,0.006,0.007,0.008,0.009000000000000001,0.01]",0.001,1880,mock,InstrumentType.Spot,613786560,mock,BTC-USDT
2199944884,0,0,1783610796496342018,101,depth,"[65000.909999999996,65001.009999999995,65001.11,65001.21,65001.31,65001.409999999996,65001.509999999995,65001.61,65001.71,65001.81]",65000.909999999996,"[0.001,0.002,0.003,0.004,0.005,0.006,0.007,0.008,0.009000000000000001,0.01]",0.001,"[65000.71,65000.61,65000.509999999995,65000.409999999996,65000.31,65000.21,65000.11,65000.009999999995,64999.909999999996,64999.81]",65000.71,"[0.001,0.002,0.003,0.004,0.005,0.006,0.007,0.008,0.009000000000000001,0.01]",0.001,1881,mock,InstrumentType.Spot,613787120,mock,BTC-USDT
2199944884,0,0,1783610796496629088,101,depth,"[65000.92,65001.02,65001.12,65001.22,65001.32,65001.42,65001.52,65001.62,65001.72,65001.82]",65000.92,"[0.001,0.002,0.003,0.004,0.005,0.006,0.007,0.008,0.009000000000000001,0.01]",0.001,"[65000.72,65000.62,65000.52,65000.42,65000.32,65000.22,65000.12,65000.02,64999.92,64999.82]",65000.72,"[0.001,0.002,0.003,0.004,0.005,0.006,0.007,0.008,0.009000000000000001,0.01]",0.001,1882,mock,InstrumentType.Spot,613787680,mock,BTC-USDT
2199944884,0,0,1783610796496928086,101,depth,"[65000.93,65001.03,65001.130000000005,65001.23,65001.33,65001.43,65001.53,65001.630000000005,65001.73,65001.83]",65000.93,"[0.001,0.002,0.003,0.004,0.005,0.006,0.007,0.008,0.009000000000000001,0.01]",0.001,"[65000.73,65000.630000000005,65000.53,65000.43,65000.33,65000.23,65000.130000000005,65000.03,64999.93,64999.83]",65000.73,"[0.001,0.002,0.003,0.004,0.005,0.006,0.007,0.008,0.009000000000000001,0.01]",0.001,1883,mock,InstrumentType.Spot,613788240,mock,BTC-USDT
2199944884,0,0,1783610796497228860,101,depth,"[65000.939999999995,65001.03999999999,65001.14,65001.24,65001.34,65001.439999999995,65001.53999999999,65001.64,65001.74,65001.84]",65000.939999999995,"[0.001,0.002,0.003,0.004,0.005,0.006,0.007,0.008,0.009000000000000001,0.01]",0.001,"[65000.74,65000.64,65000.53999999999,65000.439999999995,65000.34,65000.24,65000.14,65000.03999999999,64999.939999999995,64999.84]",65000.74,"[0.001,0.002,0.003,0.004,0.005,0.006,0.007,0.008,0.009000000000000001,0.01]",0.001,1884,mock,InstrumentType.Spot,613788800,mock,BTC-USDT
2199944884,0,0,1783610796497529170,101,depth,"[65000.95,65001.049999999996,65001.15,65001.25,65001.35,65001.45,65001.549999999996,65001.65,65001.75,65001.85]",65000.95,"[0.001,0.002,0.003,0.004,0.005,0.006,0.007,0.008,0.009000000000000001,0.01]",0.001,"[65000.75,65000.65,65000.549999999996,65000.45,65000.35,65000.25,65000.15,65000.049999999996,64999.95,64999.85]",65000.75,"[0.001,0.002,0.003,0.004,0.005,0.006,0.007,0.008,0.009000000000000001,0.01]",0.001,1885,mock,InstrumentType.Spot,613789360,mock,BTC-USDT
2199944884,0,0,1783610796497828140,101,depth,"[65000.96,65001.06,65001.16,65001.26,65001.36,65001.46,65001.56,65001.66,65001.76,65001.86]",65000.96,"[0.001,0.002,0.003,0.004,0.005,0.006,0.007,0.008,0.009000000000000001,0.01]",0.001,"[65000.76,65000.66,65000.56,65000.46,65000.36,65000.26,65000.16,65000.06,64999.96,64999.86]",65000.76,"[0.001,0.002,0.003,0.004,0.005,0.006,0.007,0.008,0.009000000000000001,0.01]",0.001,1886,mock,InstrumentType.Spot,613789920,mock,BTC-USDT
2199944884,0,0,1783610796498128321,101,depth,"[65000.97,65001.07,65001.170000000006,65001.270000000004,65001.37,65001.47,65001.57,65001.670000000006,65001.770000000004,65001.87]",65000.97,"[0.001,0.002,0.003,0.004,0.005,0.006,0.007,0.008,0.009000000000000001,0.01]",0.001,"[65000.770000000004,65000.670000000006,65000.57,65000.47,65000.37,65000.270000000004,65000.170000000006,65000.07,64999.97,64999.87]",65000.770000000004,"[0.001,0.002,0.003,0.004,0.005,0.006,0.007,0.008,0.009000000000000001,0.01]",0.001,1887,mock,InstrumentType.Spot,613790480,mock,BTC-USDT
2199944884,0,0,1783610796498428029,101,depth,"[65000.979999999996,65001.079999999994,65001.18,65001.28,65001.38,65001.479999999996,65001.579999999994,65001.68,65001.78,65001.88]",65000.979999999996,"[0.001,0.002,0.003,0.004,0.005,0.006,0.007,0.008,0.009000000000000001,0.01]",0.001,"[65000.78,65000.68,65000.579999999994,65000.479999999996,65000.38,65000.28,65000.18,65000.079999999994,64999.979999999996,64999.88]",65000.78,"[0.001,0.002,0.003,0.004,0.005,0.006,0.007,0.008,0.009000000000000001,0.01]",0.001,1888,mock,InstrumentType.Spot,613791040,mock,BTC-USDT
2199944884,0,0,1783610796498728171,101,depth,"[65000.99,65001.09,65001.19,65001.29,65001.39,65001.49,65001.59,65001.69,65001.79,65001.89]",65000.99,"[0.001,0.002,0.003,0.004,0.005,0.006,0.007,0.008,0.009000000000000001,0.01]",0.001,"[65000.79,65000.69,65000.59,65000.49,65000.39,65000.29,65000.19,65000.09,64999.99,64999.89]",65000.79,"[0.001,0.002,0.003,0.004,0.005,0.006,0.007,0.008,0.009000000000000001,0.01]",0.001,1889,mock,InstrumentType.Spot,613791600,mock,BTC-USDT
2199944884,0,0,1783610796499028064,101,depth,"[65001.0,65001.1,65001.200000000004,65001.3,65001.4,65001.5,65001.6,65001.700000000004,65001.8,65001.9]",65001.0,"[0.001,0.002,0.003,0.004,0.005,0.006,0.007,0.008,0.009000000000000001,0.01]",0.001,"[65000.8,65000.700000000004,65000.6,65000.5,65000.4,65000.3,65000.200000000004,65000.1,65000.0,64999.9]",65000.8,"[0.001,0.002,0.003,0.004,0.005,0.006,0.007,0.008,0.009000000000000001,0.01]",0.001,1890,mock,InstrumentType.Spot,613792160,mock,BTC-USDT
2199944884,0,0,1783610796499342420,101,depth,"[65001.01,65001.11,65001.21000000001,65001.310000000005,65001.41,65001.51,65001.61,65001.71000000001,65001.810000000005,65001.91]",65001.01,"[0.001,0.002,0.003,0.004,0.005,0.006,0.007,0.008,0.009000000000000001,0.01]",0.001,"[65000.810000000005,65000.71000000001,65000.61,65000.51,65000.41,65000.310000000005,65000.21000000001,65000.11,65000.01,64999.91]",65000.810000000005,"[0.001,0.002,0.003,0.004,0.005,0.006,0.007,0.008,0.009000000000000001,0.01]",0.001,1891,mock,InstrumentType.Spot,613792720,mock,BTC-USDT
2199944884,0,0,1783610796499628377,101,depth,"[65001.02,65001.119999999995,65001.22,65001.32,65001.42,65001.52,65001.619999999995,65001.72,65001.82,65001.92]",65001.02,"[0.001,0.002,0.003,0.004,0.005,0.006,0.007,0.008,0.009000000000000001,0.01]",0.001,"[65000.82,65000.72,65000.619999999995,65000.52,65000.42,65000.32,65000.22,65000.119999999995,65000.02,64999.92]",65000.82,"[0.001,0.002,0.003,0.004,0.005,0.006,0.007,0.008,0.009000000000000001,0.01]",0.001,1892,mock,InstrumentType.Spot,613793280,mock,BTC-USDT
2199944884,0,0,1783610796499928452,101,depth,"[65001.03,65001.13,65001.23,65001.33,65001.43,65001.53,65001.63,65001.73,65001.83,65001.93]",65001.03,"[0.001,0.002,0.003,0.004,0.005,0.006,0.007,0.008,0.009000000000000001,0.01]",0.001,"[65000.83,65000.73,65000.63,65000.53,65000.43,65000.33,65000.23,65000.13,65000.03,64999.93]",65000.83,"[0.001,0.002,0.003,0.004,0.005,0.006,0.007,0.008,0.009000000000000001,0.01]",0.001,1893,mock,InstrumentType.Spot,613793840,mock,BTC-USDT
2199944884,0,0,1783610796500228484,101,depth,"[65001.04,65001.14,65001.240000000005,65001.340000000004,65001.44,65001.54,65001.64,65001.740000000005,65001.840000000004,65001.94]",65001.04,"[0.001,0.002,0.003,0.004,0.005,0.006,0.007,0.008,0.009000000000000001,0.01]",0.001,"[65000.840000000004,65000.740000000005,65000.64,65000.54,65000.44,65000.340000000004,65000.240000000005,65000.14,65000.04,64999.94]",65000.840000000004,"[0.001,0.002,0.003,0.004,0.005,0.006,0.007,0.008,0.009000000000000001,0.01]",0.001,1894,mock,InstrumentType.Spot,613794400,mock,BTC-USDT
2199944884,0,0,1783610796500527873,101,depth,"[65001.049999999996,65001.149999999994,65001.25,65001.35,65001.45,65001.549999999996,65001.649999999994,65001.75,65001.85,65001.95]",65001.049999999996,"[0.001,0.002,0.003,0.004,0.005,0.006,0.007,0.008,0.009000000000000001,0.01]",0.001,"[65000.85,65000.75,65000.649999999994,65000.549999999996,65000.45,65000.35,65000.25,65000.149999999994,65000.049999999996,64999.95]",65000.85,"[0.001,0.002,0.003,0.004,0.005,0.006,0.007,0.008,0.009000000000000001,0.01]",0.001,1895,mock,InstrumentType.Spot,613794960,mock,BTC-USDT
2199944884,0,0,1783610796500828060,101,depth,"[65001.06,65001.159999999996,65001.26,65001.36,65001.46,65001.56,65001.659999999996,65001.76,65001.86,65001.96]",65001.06,"[0.001,0.002,0.003,0.004,0.005,0.006,0.007,0.008,0.009000000000000001,0.01]",0.001,"[65000.86,65000.76,65000.659999999996,65000.56,65000.46,65000.36,65000.26,65000.159999999996,65000.06,64999.96]",65000.86,"[0.001,0.002,0.003,0.004,0.005,0.006,0.007,0.008,0.009000000000000001,0.01]",0.001,1896,mock,InstrumentType.Spot,613795520,mock,BTC-USDT
2199944884,0,0,1783610796501128307,101,depth,"[65001.07,65001.17,65001.270000000004,65001.37,65001.47,65001.57,65001.67,65001.770000000004,65001.87,65001.97]",65001.07,"[0.001,0.002,0.003,0.004,0.005,0.006,0.007,0.008,0.009000000000000001,0.01]",0.001,"[65000.87,65000.770000000004,65000.67,65000.57,65000.47,65000.37,65000.270000000004,65000.17,65000.07,64999.97]",65000.87,"[0.001,0.002,0.003,0.004,0.005,0.006,0.007,0.008,0.009000000000000001,0.01]",0.001,1897,mock,InstrumentType.Spot,613796080,mock,BTC-USDT
2199944884,0,0,1783610796501428176,101,depth,"[65001.08,65001.18,65001.280000000006,65001.380000000005,65001.48,65001.58,65001.68,65001.780000000006,65001.880000000005,65001.98]",65001.08,"[0.001,0.002,0.003,0.004,0.005,0.006,0.007,0.008,0.009000000000000001,0.01]",0.001,"[65000.880000000005,65000.780000000006,65000.68,65000.58,65000.48,65000.380000000005,65000.280000000006,65000.18,65000.08,64999.98]",65000.880000000005,"[0.001,0.002,0.003,0.004,0.005,0.006,0.007,0.008,0.009000000000000001,0.01]",0.001,1898,mock,InstrumentType.Spot,613796640,mock,BTC-USDT
2199944884,0,0,1783610796501728106,101,depth,"[65001.09,65001.189999999995,65001.29,65001.39,65001.49,65001.59,65001.689999999995,65001.79,65001.89,65001.99]",65001.09,"[0.001,0.002,0.003,0.004,0.005,0.006,0.007,0.008,0.009000000000000001,0.01]",0.001,"[65000.89,65000.79,65000.689999999995,65000.59,65000.49,65000.39,65000.29,65000.189999999995,65000.09,64999.99]",65000.89,"[0.001,0.002,0.003,0.004,0.005,0.006,0.007,0.008,0.009000000000000001,0.01]",0.001,1899,mock,InstrumentType.Spot,613797200,mock,BTC-USDT
2199944884,0,0,1783610796502037899,101,depth,"[65000.1,65000.2,65000.3,65000.4,65000.5,65000.6,65000.7,65000.8,65000.9,65001.0]",65000.1,"[0.001,0.002,0.003,0.004,0.005,0.006,0.007,0.008,0.009000000000000001,0.01]",0.001,"[64999.9,64999.8,64999.7,64999.6,64999.5,64999.4,64999.3,64999.2,64999.1,64999.0]",64999.9,"[0.001,0.002,0.003,0.004,0.005,0.006,0.007,0.008,0.009000000000000001,0.01]",0.001,1900,mock,InstrumentType.Spot,613797760,mock,BTC-USDT
2199944884,0,0,1783610796502328101,101,depth,"[65000.11,65000.21,65000.310000000005,65000.41,65000.51,65000.61,65000.71,65000.810000000005,65000.91,65001.01]",65000.11,"[0.001,0.002,0.003,0.004,0.005,0.006,0.007,0.008,0.009000000000000001,0.01]",0.001,"[64999.91,64999.810000000005,64999.71,64999.61,64999.51,64999.41,64999.310000000005,64999.21,64999.11,64999.01]",64999.91,"[0.001,0.002,0.003,0.004,0.005,0.006,0.007,0.008,0.009000000000000001,0.01]",0.001,1901,mock,InstrumentType.Spot,613798320,mock,BTC-USDT
2199944884,0,0,1783610796502627863,101,depth,"[65000.119999999995,65000.219999999994,65000.32,65000.42,65000.52,65000.619999999995,65000.719999999994,65000.82,65000.92,65001.02]",65000.119999999995,"[0.001,0.002,0.003,0.004,0.005,0.006,0.007,0.008,0.009000000000000001,0.01]",0.001,"[64999.92,64999.82,64999.719999999994,64999.619999999995,64999.52,64999.42,64999.32,64999.219999999994,64999.119999999995,64999.02]",64999.92,"[0.001,0.002,0.003,0.004,0.005,0.006,0.007,0.008,0.009000000000000001,0.01]",0.001,1902,mock,InstrumentType.Spot,613798880,mock,BTC-USDT
2199944884,0,0,1783610796502928263,101,depth,"[65000.13,65000.229999999996,65000.33,65000.43,65000.53,65000.63,65000.729999999996,65000.83,65000.93,65001.03]",65000.13,"[0.001,0.002,0.003,0.004,0.005,0.006,0.007,0.008,0.009000000000000001,0.01]",0.001,"[64999.93,64999.83,64999.729999999996,64999.63,64999.53,64999.43,64999.33,64999.229999999996,64999.13,64999.03]",64999.93,"[0.001,0.002,0.003,0.004,0.005,0.006,0.007,0.008,0.009000000000000001,0.01]",0.001,1903,mock,InstrumentType.Spot,613799440,mock,BTC-USDT
2199944884,0,0,1783610796503228335,101,depth,"[65000.14,65000.24,65000.340000000004,65000.44,65000.54,65000.64,65000.74,65000.840000000004,65000.94,65001.04]",65000.14,"[0.001,0.002,0.003,0.004,0.005,0.006,0.007,0.008,0.009000000000000001,0.01]",0.001,"[64999.94,64999.840000000004,64999.74,64999.64,64999.54,64999.44,64999.340000000004,64999.24,64999.14,64999.04]",64999.94,"[0.001,0.002,0.003,0.004,0.005,0.006,0.007,0.008,0.009000000000000001,0.01]",0.001,1904,mock,InstrumentType.Spot,613800000,mock,BTC-USDT
2199944884,0,0,1783610796503528118,101,depth,"[65000.15,65000.25,65000.350000000006,65000.450000000004,65000.55,65000.65,65000.75,65000.850000000006,65000.950000000004,65001.05]",65000.15,"[0.001,0.002,0.003,0.004,0.005,0.006,0.007,0.008,0.009000000000000001,0.01]",0.001,"[64999.950000000004,64999.850000000006,64999.75,64999.65,64999.55,64999.450000000004,64999.350000000006,64999.25,64999.15,64999.05]",64999.950000000004,"[0.001,0.002,0.003,0.004,0.005,0.006,0.007,0.008,0.009000000000000001,0.01]",0.001,1905,mock,InstrumentType.Spot,613800560,mock,BTC-USDT
2199944884,0,0,1783610796503828063,101,depth,"[65000.159999999996,65000.259999999995,65000.36,65000.46,65000.56,65000.659999999996,65000.759999999995,65000.86,65000.96,65001.06]",65000.159999999996,"[0.001,0.002,0.003,0.004,0.005,0.006,0.007,0.008,0.009000000000000001,0.01]",0.001,"[64999.96,64999.86,64999.759999999995,64999.659999999996,64999.56,64999.46,64999.36,64999.259999999995,64999.159999999996,64999.06]",64999.96,"[0.001,0.002,0.003,0.004,0.005,0.006,0.007,0.008,0.009000000000000001,0.01]",0.001,1906,mock,InstrumentType.Spot,613801120,mock,BTC-USDT
2199944884,0,0,1783610796504130860,101,depth,"[65000.17,65000.27,65000.37,65000.47,65000.57,65000.67,65000.77,65000.87,65000.97,65001.07]",65000.17,"[0.001,0.002,0.003,0.004,0.005,0.006,0.007,0.008,0.009000000000000001,0.01]",0.001,"[64999.97,64999.87,64999.77,64999.67,64999.57,64999.47,64999.37,64999.27,64999.17,64999.07]",64999.97,"[0.001,0.002,0.003,0.004,0.005,0.006,0.007,0.008,0.009000000000000001,0.01]",0.001,1907,mock,InstrumentType.Spot,613801680,mock,BTC-USDT
2199944884,0,0,1783610796504428345,101,depth,"[65000.18,65000.28,65000.380000000005,65000.48,65000.58,65000.68,65000.78,65000.880000000005,65000.98,65001.08]",65000.18,"[0.001,0.002,0.003,0.004,0.005,0.006,0.007,0.008,0.009000000000000001,0.01]",0.001,"[64999.98,64999.880000000005,64999.78,64999.68,64999.58,64999.48,64999.380000000005,64999.28,64999.18,64999.08]",64999.98,"[0.001,0.002,0.003,0.004,0.005,0.006,0.007,0.008,0.009000000000000001,0.01]",0.001,1908,mock,InstrumentType.Spot,613802240,mock,BTC-USDT
2199944884,0,0,1783610796504727988,101,depth,"[65000.189999999995,65000.28999999999,65000.39,65000.49,65000.59,65000.689999999995,65000.78999999999,65000.89,65000.99,65001.09]",65000.189999999995,"[0.001,0.002,0.003,0.004,0.005,0.006,0.007,0.008,0.009000000000000001,0.01]",0.001,"[64999.99,64999.89,64999.78999999999,64999.689999999995,64999.59,64999.49,64999.39,64999.28999999999,64999.189999999995,64999.09]",64999.99,"[0.001,0.002,0.003,0.004,0.005,0.006,0.007,0.008,0.009000000000000001,0.01]",0.001,1909,mock,InstrumentType.Spot,613802800,mock,BTC-USDT
2199944884,0,0,1783610796505043775,101,depth,"[65000.2,65000.299999999996,65000.4,65000.5,65000.6,65000.7,65000.799999999996,65000.9,65001.0,65001.1]",65000.2,"[0.001,0.002,0.003,0.004,0.005,0.006,0.007,0.008,0.009000000000000001,0.01]",0.001,"[65000.0,64999.9,64999.799999999996,64999.7,64999.6,64999.5,64999.4,64999.299999999996,64999.2,64999.1]",65000.0,"[0.001,0.002,0.003,0.004,0.005,0.006,0.007,0.008,0.009000000000000001,0.01]",0.001,1910,mock,InstrumentType.Spot,613803360,mock,BTC-USDT
2199944884,0,0,1783610796505327950,101,depth,"[65000.21,65000.31,65000.41,65000.51,65000.61,65000.71,65000.81,65000.91,65001.01,65001.11]",65000.21,"[0.001,0.002,0.003,0.004,0.005,0.006,0.007,0.008,0.009000000000000001,0.01]",0.001,"[65000.01,64999.91,64999.81,64999.71,64999.61,64999.51,64999.41,64999.31,64999.21,64999.11]",65000.01,"[0.001,0.002,0.003,0.004,0.005,0.006,0.007,0.008,0.009000000000000001,0.01]",0.001,1911,mock,InstrumentType.Spot,613803920,mock,BTC-USDT
2199944884,0,0,1783610796505628501,101,depth,"[65000.22,65000.32,65000.420000000006,65000.520000000004,65000.62,65000.72,65000.82,65000.920000000006,65001.020000000004,65001.12]",65000.22,"[0.001,0.002,0.003,0.004,0.005,0.006,0.007,0.008,0.009000000000000001,0.01]",0.001,"[65000.020000000004,64999.920000000006,64999.82,64999.72,64999.62,64999.520000000004,64999.420000000006,64999.32,64999.22,64999.12]",65000.020000000004,"[0.001,0.002,0.003,0.004,0.005,0.006,0.007,0.008,0.009000000000000001,0.01]",0.001,1912,mock,InstrumentType.Spot,613804480,mock,BTC-USDT
2199944884,0,0,1783610796505927896,101,depth,"[65000.229999999996,65000.329999999994,65000.43,65000.53,65000.63,65000.729999999996,65000.829999999994,65000.93,65001.03,65001.13]",65000.229999999996,"[0.001,0.002,0.003,0.004,0.005,0.006,0.007,0.008,0.009000000000000001,0.01]",0.001,"[65000.03,64999.93,64999.829999999994,64999.729999999996,64999.63,64999.53,64999.43,64999.329999999994,64999.229999999996,64999.13]",65000.03,"[0.001,0.002,0.003,0.004,0.005,0.006,0.007,0.008,0.009000000000000001,0.01]",0.001,1913,mock,InstrumentType.Spot,613805040,mock,BTC-USDT
2199944884,0,0,1783610796506229412,101,depth,"[65000.24,65000.34,65000.44,65000.54,65000.64,65000.74,65000.84,65000.94,65001.04,65001.14]",65000.24,"[0.001,0.002,0.003,0.004,0.005,0.006,0.007,0.008,0.009000000000000001,0.01]",0.001,"[65000.04,64999.94,64999.84,64999.74,64999.64,64999.54,64999.44,64999.34,64999.24,64999.14]",65000.04,"[0.001,0.002,0.003,0.004,0.005,0.006,0.007,0.008,0.009000000000000001,0.01]",0.001,1914,mock,InstrumentType.Spot,613805600,mock,BTC-USDT
2199944884,0,0,1783610796506528725,101,depth,"[65000.25,65000.35,65000.450000000004,65000.55,65000.65,65000.75,65000.85,65000.950000000004,65001.05,65001.15]",65000.25,"[0.001,0.002,0.003,0.004,0.005,0.006,0.007,0.008,0.009000000000000001,0.01]",0.001,"[65000.05,64999.950000000004,64999.85,64999.75,64999.65,64999.55,64999.450000000004,64999.35,64999.25,64999.15]",65000.05,"[0.001,0.002,0.003,0.004,0.005,0.006,0.007,0.008,0.009000000000000001,0.01]",0.001,1915,mock,InstrumentType.Spot,613806160,mock,BTC-USDT
2199944884,0,0,1783610796506827977,101,depth,"[65000.26,65000.36,65000.46000000001,65000.560000000005,65000.66,65000.76,65000.86,65000.96000000001,65001.060000000005,65001.16]",65000.26,"[0.001,0.002,0.003,0.004,0.005,0.006,0.007,0.008,0.009000000000000001,0.01]",0.001,"[65000.060000000005,64999.96000000001,64999.86,64999.76,64999.66,64999.560000000005,64999.46000000001,64999.36,64999.26,64999.16]",65000.060000000005,"[0.001,0.002,0.003,0.004,0.005,0.006,0.007,0.008,0.009000000000000001,0.01]",0.001,1916,mock,InstrumentType.Spot,613806720,mock,BTC-USDT
2199944884,0,0,1783610796507129355,101,depth,"[65000.27,65000.369999999995,65000.47,65000.57,65000.67,65000.77,65000.869999999995,65000.97,65001.07,65001.17]",65000.27,"[0.001,0.002,0.003,0.004,0.005,0.006,0.007,0.008,0.009000000000000001,0.01]",0.001,"[65000.07,64999.97,64999.869999999995,64999.77,64999.67,64999.57,64999.47,64999.369999999995,64999.27,64999.17]",65000.07,"[0.001,0.002,0.003,0.004,0.005,0.006,0.007,0.008,0.009000000000000001,0.01]",0.001,1917,mock,InstrumentType.Spot,613807280,mock,BTC-USDT
2199944884,0,0,1783610796507428206,101,depth,"[65000.28,65000.38,65000.48,65000.58,65000.68,65000.78,65000.88,65000.98,65001.08,65001.18]",65000.28,"[0.001,0.002,0.003,0.004,0.005,0.006,0.007,0.008,0.009000000000000001,0.01]",0.001,"[65000.08,64999.98,64999.88,64999.78,64999.68,64999.58,64999.48,64999.38,64999.28,64999.18]",65000.08,"[0.001,0.002,0.003,0.004,0.005,0.006,0.007,0.008,0.009000000000000001,0.01]",0.001,1918,mock,InstrumentType.Spot,613807840,mock,BTC-USDT
2199944884,0,0,1783610796507745623,101,depth,"[65000.29,65000.39,65000.490000000005,65000.590000000004,65000.69,65000.79,65000.89,65000.990000000005,65001.090000000004,65001.19]",65000.29,"[0.001,0.002,0.003,0.004,0.005,0.006,0.007,0.008,0.009000000000000001,0.01]",0.001,"[65000.090000000004,64999.990000000005,64999.89,64999.79,64999.69,64999.590000000004,64999.490000000005,64999.39,64999.29,64999.19]",65000.090000000004,"[0.001,0.002,0.003,0.004,0.005,0.006,0.007,0.008,0.009000000000000001,0.01]",0.001,1919,mock,InstrumentType.Spot,613808400,mock,BTC-USDT
2199944884,0,0,1783610796508029002,101,depth,"[65000.299999999996,65000.399999999994,65000.5,65000.6,65000.7,65000.799999999996,65000.899999999994,65001.0,65001.1,65001.2]",65000.299999999996,"[0.001,0.002,0.003,0.004,0.005,0.006,0.007,0.008,0.009000000000000001,0.01]",0.001,"[65000.1,65000.0,64999.899999999994,64999.799999999996,64999.7,64999.6,64999.5,64999.399999999994,64999.299999999996,64999.2]",65000.1,"[0.001,0.002,0.003,0.004,0.005,0.006,0.007,0.008,0.009000000000000001,0.01]",0.001,1920,mock,InstrumentType.Spot,613808960,mock,BTC-USDT
2199944884,0,0,1783610796508328451,101,depth,"[65000.31,65000.409999999996,65000.51,65000.61,65000.71,65000.81,65000.909999999996,65001.01,65001.11,65001.21]",65000.31,"[0.001,0.002,0.003,0.004,0.005,0.006,0.007,0.008,0.009000000000000001,0.01]",0.001,"[65000.11,65000.01,64999.909999999996,64999.81,64999.71,64999.61,64999.51,64999.409999999996,64999.31,64999.21]",65000.11,"[0.001,0.002,0.003,0.004,0.005,0.006,0.007,0.008,0.009000000000000001,0.01]",0.001,1921,mock,InstrumentType.Spot,613809520,mock,BTC-USDT
2199944884,0,0,1783610796508628360,101,depth,"[65000.32,65000.42,65000.520000000004,65000.62,65000.72,65000.82,65000.92,65001.020000000004,65001.12,65001.22]",65000.32,"[0.001,0.002,0.003,0.004,0.005,0.006,0.007,0.008,0.009000000000000001,0.01]",0.001,"[65000.12,65000.020000000004,64999.92,64999.82,64999.72,64999.62,64999.520000000004,64999.42,64999.32,64999.22]",65000.12,"[0.001,0.002,0.003,0.004,0.005,0.006,0.007,0.008,0.009000000000000001,0.01]",0.001,1922,mock,InstrumentType.Spot,613810080,mock,BTC-USDT
2199944884,0,0,1783610796508928458,101,depth,"[65000.33,65000.43,65000.530000000006,65000.630000000005,65000.73,65000.83,65000.93,65001.030000000006,65001.130000000005,65001.23]",65000.33,"[0.001,0.002,0.003,0.004,0.005,0.006,0.007,0.008,0.009000000000000001,0.01]",0.001,"[65000.130000000005,65000.030000000006,64999.93,64999.83,64999.73,64999.630000000005,64999.530000000006,64999.43,64999.33,64999.23]",65000.130000000005,"[0.001,0.002,0.003,0.004,0.005,0.006,0.007,0.008,0.009000000000000001,0.01]",0.001,1923,mock,InstrumentType.Spot,613810640,mock,BTC-USDT
2199944884,0,0,1783610796509228716,101,depth,"[65000.34,65000.439999999995,65000.54,65000.64,65000.74,65000.84,65000.939999999995,65001.04,65001.14,65001.24]",65000.34,"[0.001,0.002,0.003,0.004,0.005,0.006,0.007,0.008,0.009000000000000001,0.01]",0.001,"[65000.14,65000.04,64999.939999999995,64999.84,64999.74,64999.64,64999.54,64999.439999999995,64999.34,64999.24]",65000.14,"[0.001,0.002,0.003,0.004,0.005,0.006,0.007,0.008,0.009000000000000001,0.01]",0.001,1924,mock,InstrumentType.Spot,613811200,mock,BTC-USDT
2199944884,0,0,1783610796509528354,101,depth,"[65000.35,65000.45,65000.55,65000.65,65000.75,65000.85,65000.95,65001.05,65001.15,65001.25]",65000.35,"[0.001,0.002,0.003,0.004,0.005,0.006,0.007,0.008,0.009000000000000001,0.01]",0.001,"[65000.15,65000.05,64999.95,64999.85,64999.75,64999.65,64999.55,64999.45,64999.35,64999.25]",65000.15,"[0.001,0.002,0.003,0.004,0.005,0.006,0.007,0.008,0.009000000000000001,0.01]",0.001,1925,mock,InstrumentType.Spot,613811760,mock,BTC-USDT
2199944884,0,0,1783610796509829066,101,depth,"[65000.36,65000.46,65000.560000000005,65000.66,65000.76,65000.86,65000.96,65001.060000000005,65001.16,65001.26]",65000.36,"[0.001,0.002,0.003,0.004,0.005,0.006,0.007,0.008,0.009000000000000001,0.01]",0.001,"[65000.16,65000.060000000005,64999.96,64999.86,64999.76,64999.66,64999.560000000005,64999.46,64999.36,64999.26]",65000.16,"[0.001,0.002,0.003,0.004,0.005,0.006,0.007,0.008,0.009000000000000001,0.01]",0.001,1926,mock,InstrumentType.Spot,613812320,mock,BTC-USDT
2199944884,0,0,1783610796510128759,101,depth,"[65000.369999999995,65000.469999999994,65000.57,65000.67,65000.77,65000.869999999995,65000.969999999994,65001.07,65001.17,65001.27]",65000.369999999995,"[0.001,0.002,0.003,0.004,0.005,0.006,0.007,0.008,0.009000000000000001,0.01]",0.001,"[65000.17,65000.07,64999.969999999994,64999.869999999995,64999.77,64999.67,64999.57,64999.469999999994,64999.369999999995,64999.27]",65000.17,"[0.001,0.002,0.003,0.004,0.005,0.006,0.007,0.008,0.009000000000000001,0.01]",0.001,1927,mock,InstrumentType.Spot,613812880,mock,BTC-USDT
2199944884,0,0,1783610796510428466,101,depth,"[65000.38,65000.479999999996,65000.58,65000.68,65000.78,65000.88,65000.979999999996,65001.08,65001.18,65001.28]",65000.38,"[0.001,0.002,0.003,0.004,0.005,0.006,0.007,0.008,0.009000000000000001,0.01]",0.001,"[65000.18,65000.08,64999.979999999996,64999.88,64999.78,64999.68,64999.58,64999.479999999996,64999.38,64999.28]",65000.18,"[0.001,0.002,0.003,0.004,0.005,0.006,0.007,0.008,0.009000000000000001,0.01]",0.001,1928,mock,InstrumentType.Spot,613813440,mock,BTC-USDT
2199944884,0,0,1783610796510741187,101,depth,"[65000.39,65000.49,65000.590000000004,65000.69,65000.79,65000.89,65000.99,65001.090000000004,65001.19,65001.29]",65000.39,"[0.001,0.002,0.003,0.004,0.005,0.006,0.007,0.008,0.009000000000000001,0.01]",0.001,"[65000.19,65000.090000000004,64999.99,64999.89,64999.79,64999.69,64999.590000000004,64999.49,64999.39,64999.29]",65000.19,"[0.001,0.002,0.003,0.004,0.005,0.006,0.007,0.008,0.009000000000000001,0.01]",0.001,1929,mock,InstrumentType.Spot,613814000,mock,BTC-USDT
2199944884,0,0,1783610796511028679,101,depth,"[65000.4,65000.5,65000.600000000006,65000.700000000004,65000.8,65000.9,65001.0,65001.100000000006,65001.200000000004,65001.3]",65000.4,"[0.001,0.002,0.003,0.004,0.005,0.006,0.007,0.008,0.009000000000000001,0.01]",0.001,"[65000.200000000004,65000.100000000006,65000.0,64999.9,64999.8,64999.700000000004,64999.600000000006,64999.5,64999.4,64999.3]",65000.200000000004,"[0.001,0.002,0.003,0.004,0.005,0.006,0.007,0.008,0.009000000000000001,0.01]",0.001,1930,mock,InstrumentType.Spot,613814560,mock,BTC-USDT
2199944884,0,0,1783610796511328504,101,depth,"[65000.409999999996,65000.509999999995,65000.61,65000.71,65000.81,65000.909999999996,65001.009999999995,65001.11,65001.21,65001.31]",65000.409999999996,"[0.001,0.002,0.003,0.004,0.005,0.006,0.007,0.008,0.009000000000000001,0.01]",0.001,"[65000.21,65000.11,65000.009999999995,64999.909999999996,64999.81,64999.71,64999.61,64999.509999999995,64999.409999999996,64999.31]",65000.21,"[0.001,0.002,0.003,0.004,0.005,0.006,0.007,0.008,0.009000000000000001,0.01]",0.001,1931,mock,InstrumentType.Spot,613815120,mock,BTC-USDT
2199944884,0,0,1783610796511628422,101,depth,"[65000.42,65000.52,65000.62,65000.72,65000.82,65000.92,65001.02,65001.12,65001.22,65001.32]",65000.42,"[0.001,0.002,0.003,0.004,0.005,0.006,0.007,0.008,0.009000000000000001,0.01]",0.001,"[65000.22,65000.12,65000.02,64999.92,64999.82,64999.72,64999.62,64999.52,64999.42,64999.32]",65000.22,"[0.001,0.002,0.003,0.004,0.005,0.006,0.007,0.008,0.009000000000000001,0.01]",0.001,1932,mock,InstrumentType.Spot,613815680,mock,BTC-USDT
2199944884,0,0,1783610796511928315,101,depth,"[65000.43,65000.53,65000.630000000005,65000.73,65000.83,65000.93,65001.03,65001.130000000005,65001.23,65001.33]",65000.43,"[0.001,0.002,0.003,0.004,0.005,0.006,0.007,0.008,0.009000000000000001,0.01]",0.001,"[65000.23,65000.130000000005,65000.03,64999.93,64999.83,64999.73,64999.630000000005,64999.53,64999.43,64999.33]",65000.23,"[0.001,0.002,0.003,0.004,0.005,0.006,0.007,0.008,0.009000000000000001,0.01]",0.001,1933,mock,InstrumentType.Spot,613816240,mock,BTC-USDT
2199944884,0,0,1783610796512228484,101,depth,"[65000.439999999995,65000.53999999999,65000.64,65000.74,65000.84,65000.939999999995,65001.03999999999,65001.14,65001.24,65001.34]",65000.439999999995,"[0.001,0.002,0.003,0.004,0.005,0.006,0.007,0.008,0.009000000000000001,0.01]",0.001,"[65000.24,65000.14,65000.03999999999,64999.939999999995,64999.84,64999.74,64999.64,64999.53999999999,64999.439999999995,64999.34]",65000.24,"[0.001,0.002,0.003,0.004,0.005,0.006,0.007,0.008,0.009000000000000001,0.01]",0.001,1934,mock,InstrumentType.Spot,613816800,mock,BTC-USDT
2199944884,0,0,1783610796512528271,101,depth,"[65000.45,65000.549999999996,65000.65,65000.75,65000.85,65000.95,65001.049999999996,65001.15,65001.25,65001.35]",65000.45,"[0.001,0.002,0.003,0.004,0.005,0.006,0.007,0.008,0.009000000000000001,0.01]",0.001,"[65000.25,65000.15,65000.049999999996,64999.95,64999.85,64999.75,64999.65,64999.549999999996,64999.45,64999.35]",65000.25,"[0.001,0.002,0.003,0.004,0.005,0.006,0.007,0.008,0.009000000000000001,0.01]",0.001,1935,mock,InstrumentType.Spot,613817360,mock,BTC-USDT
2199944884,0,0,1783610796512828324,101,depth,"[65000.46,65000.56,65000.66,65000.76,65000.86,65000.96,65001.06,65001.16,65001.26,65001.36]",65000.46,"[0.001,0.002,0.003,0.004,0.005,0.006,0.007,0.008,0.009000000000000001,0.01]",0.001,"[65000.26,65000.16,65000.06,64999.96,64999.86,64999.76,64999.66,64999.56,64999.46,64999.36]",65000.26,"[0.001,0.002,0.003,0.004,0.005,0.006,0.007,0.008,0.009000000000000001,0.01]",0.001,1936,mock,InstrumentType.Spot,613817920,mock,BTC-USDT
2199944884,0,0,1783610796513128177,101,depth,"[65000.47,65000.57,65000.670000000006,65000.770000000004,65000.87,65000.97,65001.07,65001.170000000006,65001.270000000004,65001.37]",65000.47,"[0.001,0.002,0.003,0.004,0.005,0.006,0.007,0.008,0.009000000000000001,0.01]",0.001,"[65000.270000000004,65000.170000000006,65000.07,64999.97,64999.87,64999.770000000004,64999.670000000006,64999.57,64999.47,64999.37]",65000.270000000004,"[0.001,0.002,0.003,0.004,0.005,0.006,0.007,0.008,0.009000000000000001,0.01]",0.001,1937,mock,InstrumentType.Spot,613818480,mock,BTC-USDT
2199944884,0,0,1783610796513434734,101,depth,"[65000.479999999996,65000.579999999994,65000.68,65000.78,65000.88,65000.979999999996,65001.079999999994,65001.18,65001.28,65001.38]",65000.479999999996,"[0.001,0.002,0.003,0.004,0.005,0.006,0.007,0.008,0.009000000000000001,0.01]",0.001,"[65000.28,65000.18,65000.079999999994,64999.979999999996,64999.88,64999.78,64999.68,64999.579999999994,64999.479999999996,64999.38]",65000.28,"[0.001,0.002,0.003,0.004,0.005,0.006,0.007,0.008,0.009000000000000001,0.01]",0.001,1938,mock,InstrumentType.Spot,613819040,mock,BTC-USDT
2199944884,0,0,1783610796513728109,101,depth,"[65000.49,65000.59,65000.69,65000.79,65000.89,65000.99,65001.09,65001.19,65001.29,65001.39]",65000.49,"[0.001,0.002,0.003,0.004,0.005,0.006,0.007,0.008,0.009000000000000001,0.01]",0.001,"[65000.29,65000.19,65000.09,64999.99,64999.89,64999.79,64999.69,64999.59,64999.49,64999.39]",65000.29,"[0.001,0.002,0.003,0.004,0.005,0.006,0.007,0.008,0.009000000000000001,0.01]",0.001,1939,mock,InstrumentType.Spot,613819600,mock,BTC-USDT
2199944884,0,0,1783610796514027898,101,depth,"[65000.5,65000.6,65000.700000000004,65000.8,65000.9,65001.0,65001.1,65001.200000000004,65001.3,65001.4]",65000.5,"[0.001,0.002,0.003,0.004,0.005,0.006,0.007,0.008,0.009000000000000001,0.01]",0.001,"[65000.3,65000.200000000004,65000.1,65000.0,64999.9,64999.8,64999.700000000004,64999.6,64999.5,64999.4]",65000.3,"[0.001,0.002,0.003,0.004,0.005,0.006,0.007,0.008,0.009000000000000001,0.01]",0.001,1940,mock,InstrumentType.Spot,613820160,mock,BTC-USDT
2199944884,0,0,1783610796514327888,101,depth,"[65000.51,65000.61,65000.71000000001,65000.810000000005,65000.91,65001.01,65001.11,65001.21000000001,65001.310000000005,65001.41]",65000.51,"[0.001,0.002,0.003,0.004,0.005,0.006,0.007,0.008,0.009000000000000001,0.01]",0.001,"[65000.310000000005,65000.21000000001,65000.11,65000.01,64999.91,64999.810000000005,64999.71000000001,64999.61,64999.51,64999.41]",65000.310000000005,"[0.001,0.002,0.003,0.004,0.005,0.006,0.007,0.008,0.009000000000000001,0.01]",0.001,1941,mock,InstrumentType.Spot,613820720,mock,BTC-USDT
2199944884,0,0,1783610796514627835,101,depth,"[65000.52,65000.619999999995,65000.72,65000.82,65000.92,65001.02,65001.119999999995,65001.22,65001.32,65001.42]",65000.52,"[0.001,0.002,0.003,0.004,0.005,0.006,0.007,0.008,0.009000000000000001,0.01]",0.001,"[65000.32,65000.22,65000.119999999995,65000.02,64999.92,64999.82,64999.72,64999.619999999995,64999.52,64999.42]",65000.32,"[0.001,0.002,0.003,0.004,0.005,0.006,0.007,0.008,0.009000000000000001,0.01]",0.001,1942,mock,InstrumentType.Spot,613821280,mock,BTC-USDT
2199944884,0,0,1783610796514927793,101,depth,"[65000.53,65000.63,65000.73,65000.83,65000.93,65001.03,65001.13,65001.23,65001.33,65001.43]",65000.53,"[0.001,0.002,0.003,0.004,0.005,0.006,0.007,0.008,0.009000000000000001,0.01]",0.001,"[65000.33,65000.23,65000.13,65000.03,64999.93,64999.83,64999.73,64999.63,64999.53,64999.43]",65000.33,"[0.001,0.002,0.003,0.004,0.005,0.006,0.007,0.008,0.009000000000000001,0.01]",0.001,1943,mock,InstrumentType.Spot,613821840,mock,BTC-USDT
2199944884,0,0,1783610796515228089,101,depth,"[65000.54,65000.64,65000.740000000005,65000.840000000004,65000.94,65001.04,65001.14,65001.240000000005,65001.340000000004,65001.44]",65000.54,"[0.001,0.002,0.003,0.004,0.005,0.006,0.007,0.008,0.009000000000000001,0.01]",0.001,"[65000.340000000004,65000.240000000005,65000.14,65000.04,64999.94,64999.840000000004,64999.740000000005,64999.64,64999.54,64999.44]",65000.340000000004,"[0.001,0.002,0.003,0.004,0.005,0.006,0.007,0.008,0.009000000000000001,0.01]",0.001,1944,mock,InstrumentType.Spot,613822400,mock,BTC-USDT
2199944884,0,0,1783610796515527808,101,depth,"[65000.549999999996,65000.649999999994,65000.75,65000.85,65000.95,65001.049999999996,65001.149999999994,65001.25,65001.35,65001.45]",65000.549999999996,"[0.001,0.002,0.003,0.004,0.005,0.006,0.007,0.008,0.009000000000000001,0.01]",0.001,"[65000.35,65000.25,65000.149999999994,65000.049999999996,64999.95,64999.85,64999.75,64999.649999999994,64999.549999999996,64999.45]",65000.35,"[0.001,0.002,0.003,0.004,0.005,0.006,0.007,0.008,0.009000000000000001,0.01]",0.001,1945,mock,InstrumentType.Spot,613822960,mock,BTC-USDT
2199944884,0,0,1783610796515827726,101,depth,"[65000.56,65000.659999999996,65000.76,65000.86,65000.96,65001.06,65001.159999999996,65001.26,65001.36,65001.46]",65000.56,"[0.001,0.002,0.003,0.004,0.005,0.006,0.007,0.008,0.009000000000000001,0.01]",0.001,"[65000.36,65000.26,65000.159999999996,65000.06,64999.96,64999.86,64999.76,64999.659999999996,64999.56,64999.46]",65000.36,"[0.001,0.002,0.003,0.004,0.005,0.006,0.007,0.008,0.009000000000000001,0.01]",0.001,1946,mock,InstrumentType.Spot,613823520,mock,BTC-USDT
2199944884,0,0,1783610796516127971,101,depth,"[65000.57,65000.67,65000.770000000004,65000.87,65000.97,65001.07,65001.17,65001.270000000004,65001.37,65001.47]",65000.57,"[0.001,0.002,0.003,0.004,0.005,0.006,0.007,0.008,0.009000000000000001,0.01]",0.001,"[65000.37,65000.270000000004,65000.17,65000.07,64999.97,64999.87,64999.770000000004,64999.67,64999.57,64999.47]",65000.37,"[0.001,0.002,0.003,0.004,0.005,0.006,0.007,0.008,0.009000000000000001,0.01]",0.001,1947,mock,InstrumentType.Spot,613824080,mock,BTC-USDT
2199944884,0,0,1783610796516432920,101,depth,"[65000.58,65000.68,65000.780000000006,65000.880000000005,65000.98,65001.08,65001.18,65001.280000000006,65001.380000000005,65001.48]",65000.58,"[0.001,0.002,0.003,0.004,0.005,0.006,0.007,0.008,0.009000000000000001,0.01]",0.001,"[65000.380000000005,65000.280000000006,65000.18,65000.08,64999.98,64999.880000000005,64999.780000000006,64999.68,64999.58,64999.48]",65000.380000000005,"[0.001,0.002,0.003,0.004,0.005,0.006,0.007,0.008,0.009000000000000001,0.01]",0.001,1948,mock,InstrumentType.Spot,613824640,mock,BTC-USDT
2199944884,0,0,1783610796516727929,101,depth,"[65000.59,65000.689999999995,65000.79,65000.89,65000.99,65001.09,65001.189999999995,65001.29,65001.39,65001.49]",65000.59,"[0.001,0.002,0.003,0.004,0.005,0.006,0.007,0.008,0.009000000000000001,0.01]",0.001,"[65000.39,65000.29,65000.189999999995,65000.09,64999.99,64999.89,64999.79,64999.689999999995,64999.59,64999.49]",65000.39,"[0.001,0.002,0.003,0.004,0.005,0.006,0.007,0.008,0.009000000000000001,0.01]",0.001,1949,mock,InstrumentType.Spot,613825200,mock,BTC-USDT
2199944884,0,0,1783610796517027925,101,depth,"[65000.6,65000.7,65000.8,65000.9,65001.0,65001.1,65001.2,65001.3,65001.4,65001.5]",65000.6,"[0.001,0.002,0.003,0.004,0.005,0.006,0.007,0.008,0.009000000000000001,0.01]",0.001,"[65000.4,65000.3,65000.2,65000.1,65000.0,64999.9,64999.8,64999.7,64999.6,64999.5]",65000.4,"[0.001,0.002,0.003,0.004,0.005,0.006,0.007,0.008,0.009000000000000001,0.01]",0.001,1950,mock,InstrumentType.Spot,613825760,mock,BTC-USDT
2199944884,0,0,1783610796517343859,101,depth,"[65000.61,65000.71,65000.810000000005,65000.91,65001.01,65001.11,65001.21,65001.310000000005,65001.41,65001.51]",65000.61,"[0.001,0.002,0.003,0.004,0.005,0.006,0.007,0.008,0.009000000000000001,0.01]",0.001,"[65000.41,65000.310000000005,65000.21,65000.11,65000.01,64999.91,64999.810000000005,64999.71,64999.61,64999.51]",65000.41,"[0.001,0.002,0.003,0.004,0.005,0.006,0.007,0.008,0.009000000000000001,0.01]",0.001,1951,mock,InstrumentType.Spot,613826320,mock,BTC-USDT
2199944884,0,0,1783610796517632231,101,depth,"[65000.619999999995,65000.719999999994,65000.82,65000.92,65001.02,65001.119999999995,65001.219999999994,65001.32,65001.42,65001.52]",65000.619999999995,"[0.001,0.002,0.003,0.004,0.005,0.006,0.007,0.008,0.009000000000000001,0.01]",0.001,"[65000.42,65000.32,65000.219999999994,65000.119999999995,65000.02,64999.92,64999.82,64999.719999999994,64999.619999999995,64999.52]",65000.42,"[0.001,0.002,0.003,0.004,0.005,0.006,0.007,0.008,0.009000000000000001,0.01]",0.001,1952,mock,InstrumentType.Spot,613826880,mock,BTC-USDT
2199944884,0,0,1783610796517928008,101,depth,"[65000.63,65000.729999999996,65000.83,65000.93,65001.03,65001.13,65001.229999999996,65001.33,65001.43,65001.53]",65000.63,"[0.001,0.002,0.003,0.004,0.005,0.006,0.007,0.008,0.009000000000000001,0.01]",0.001,"[65000.43,65000.33,65000.229999999996,65000.13,65000.03,64999.93,64999.83,64999.729999999996,64999.63,64999.53]",65000.43,"[0.001,0.002,0.003,0.004,0.005,0.006,0.007,0.008,0.009000000000000001,0.01]",0.001,1953,mock,InstrumentType.Spot,613827440,mock,BTC-USDT
2199944884,0,0,1783610796518228004,101,depth,"[65000.64,65000.74,65000.840000000004,65000.94,65001.04,65001.14,65001.24,65001.340000000004,65001.44,65001.54]",65000.64,"[0.001,0.002,0.003,0.004,0.005,0.006,0.007,0.008,0.009000000000000001,0.01]",0.001,"[65000.44,65000.340000000004,65000.24,65000.14,65000.04,64999.94,64999.840000000004,64999.74,64999.64,64999.54]",65000.44,"[0.001,0.002,0.003,0.004,0.005,0.006,0.007,0.008,0.009000000000000001,0.01]",0.001,1954,mock,InstrumentType.Spot,613828000,mock,BTC-USDT
2199944884,0,0,1783610796518527829,101,depth,"[65000.65,65000.75,65000.850000000006,65000.950000000004,65001.05,65001.15,65001.25,65001.350000000006,65001.450000000004,65001.55]",65000.65,"[0.001,0.002,0.003,0.004,0.005,0.006,0.007,0.008,0.009000000000000001,0.01]",0.001,"[65000.450000000004,65000.350000000006,65000.25,65000.15,65000.05,64999.950000000004,64999.850000000006,64999.75,64999.65,64999.55]",65000.450000000004,"[0.001,0.002,0.003,0.004,0.005,0.006,0.007,0.008,0.009000000000000001,0.01]",0.001,1955,mock,InstrumentType.Spot,613828560,mock,BTC-USDT
2199944884,0,0,1783610796518828182,101,depth,"[65000.659999999996,65000.759999999995,65000.86,65000.96,65001.06,65001.159999999996,65001.259999999995,65001.36,65001.46,65001.56]",65000.659999999996,"[0.001,0.002,0.003,0.004,0.005,0.006,0.007,0.008,0.009000000000000001,0.01]",0.001,"[65000.46,65000.36,65000.259999999995,65000.159999999996,65000.06,64999.96,64999.86,64999.759999999995,64999.659999999996,64999.56]",65000.46,"[0.001,0.002,0.003,0.004,0.005,0.006,0.007,0.008,0.009000000000000001,0.01]",0.001,1956,mock,InstrumentType.Spot,613829120,mock,BTC-USDT
2199944884,0,0,1783610796519128045,101,depth,"[65000.67,65000.77,65000.87,65000.97,65001.07,65001.17,65001.27,65001.37,65001.47,65001.57]",65000.67,"[0.001,0.002,0.003,0.004,0.005,0.006,0.007,0.008,0.009000000000000001,0.01]",0.001,"[65000.47,65000.37,65000.27,65000.17,65000.07,64999.97,64999.87,64999.77,64999.67,64999.57]",65000.47,"[0.001,0.002,0.003,0.004,0.005,0.006,0.007,0.008,0.009000000000000001,0.01]",0.001,1957,mock,InstrumentType.Spot,613829680,mock,BTC-USDT
2199944884,0,0,1783610796519443823,101,depth,"[65000.68,65000.78,65000.880000000005,65000.98,65001.08,65001.18,65001.28,65001.380000000005,65001.48,65001.58]",65000.68,"[0.001,0.002,0.003,0.004,0.005,0.006,0.007,0.008,0.009000000000000001,0.01]",0.001,"[65000.48,65000.380000000005,65000.28,65000.18,65000.08,64999.98,64999.880000000005,64999.78,64999.68,64999.58]",65000.48,"[0.001,0.002,0.003,0.004,0.005,0.006,0.007,0.008,0.009000000000000001,0.01]",0.001,1958,mock,InstrumentType.Spot,613830240,mock,BTC-USDT
2199944884,0,0,1783610796519727984,101,depth,"[65000.689999999995,65000.78999999999,65000.89,65000.99,65001.09,65001.189999999995,65001.28999999999,65001.39,65001.49,65001.59]",65000.689999999995,"[0.001,0.002,0.003,0.004,0.005,0.006,0.007,0.008,0.009000000000000001,0.01]",0.001,"[65000.49,65000.39,65000.28999999999,65000.189999999995,65000.09,64999.99,64999.89,64999.78999999999,64999.689999999995,64999.59]",65000.49,"[0.001,0.002,0.003,0.004,0.005,0.006,0.007,0.008,0.009000000000000001,0.01]",0.001,1959,mock,InstrumentType.Spot,613830800,mock,BTC-USDT
2199944884,0,0,1783610796520028159,101,depth,"[65000.7,65000.799999999996,65000.9,65001.0,65001.1,65001.2,65001.299999999996,65001.4,65001.5,65001.6]",65000.7,"[0.001,0.002,0.003,0.004,0.005,0.006,0.007,0.008,0.009000000000000001,0.01]",0.001,"[65000.5,65000.4,65000.299999999996,65000.2,65000.1,65000.0,64999.9,64999.799999999996,64999.7,64999.6]",65000.5,"[0.001,0.002,0.003,0.004,0.005,0.006,0.007,0.008,0.009000000000000001,0.01]",0.001,1960,mock,InstrumentType.Spot,613831360,mock,BTC-USDT
2199944884,0,0,1783610796520327836,101,depth,"[65000.71,65000.81,65000.91,65001.01,65001.11,65001.21,65001.31,65001.41,65001.51,65001.61]",65000.71,"[0.001,0.002,0.003,0.004,0.005,0.006,0.007,0.008,0.009000000000000001,0.01]",0.001,"[65000.51,65000.41,65000.31,65000.21,65000.11,65000.01,64999.91,64999.81,64999.71,64999.61]",65000.51,"[0.001,0.002,0.003,0.004,0.005,0.006,0.007,0.008,0.009000000000000001,0.01]",0.001,1961,mock,InstrumentType.Spot,613831920,mock,BTC-USDT
2199944884,0,0,1783610796520628113,101,depth,"[65000.72,65000.82,65000.920000000006,65001.020000000004,65001.12,65001.22,65001.32,65001.420000000006,65001.520000000004,65001.62]",65000.72,"[0.001,0.002,0.003,0.004,0.005,0.006,0.007,0.008,0.009000000000000001,0.01]",0.001,"[65000.520000000004,65000.420000000006,65000.32,65000.22,65000.12,65000.020000000004,64999.920000000006,64999.82,64999.72,64999.62]",65000.520000000004,"[0.001,0.002,0.003,0.004,0.005,0.006,0.007,0.008,0.009000000000000001,0.01]",0.001,1962,mock,InstrumentType.Spot,613832480,mock,BTC-USDT
2199944884,0,0,1783610796520928180,101,depth,"[65000.729999999996,65000.829999999994,65000.93,65001.03,65001.13,65001.229999999996,65001.329999999994,65001.43,65001.53,65001.63]",65000.729999999996,"[0.001,0.002,0.003,0.004,0.005,0.006,0.007,0.008,0.009000000000000001,0.01]",0.001,"[65000.53,65000.43,65000.329999999994,65000.229999999996,65000.13,65000.03,64999.93,64999.829999999994,64999.729999999996,64999.63]",65000.53,"[0.001,0.002,0.003,0.004,0.005,0.006,0.007,0.008,0.009000000000000001,0.01]",0.001,1963,mock,InstrumentType.Spot,613833040,mock,BTC-USDT
2199944884,0,0,1783610796521228152,101,depth,"[65000.74,65000.84,65000.94,65001.04,65001.14,65001.24,65001.34,65001.44,65001.54,65001.64]",65000.74,"[0.001,0.002,0.003,0.004,0.005,0.006,0.007,0.008,0.009000000000000001,0.01]",0.001,"[65000.54,65000.44,65000.34,65000.24,65000.14,65000.04,64999.94,64999.84,64999.74,64999.64]",65000.54,"[0.001,0.002,0.003,0.004,0.005,0.006,0.007,0.008,0.009000000000000001,0.01]",0.001,1964,mock,InstrumentType.Spot,613833600,mock,BTC-USDT
2199944884,0,0,1783610796521528373,101,depth,"[65000.75,65000.85,65000.950000000004,65001.05,65001.15,65001.25,65001.35,65001.450000000004,65001.55,65001.65]",65000.75,"[0.001,0.002,0.003,0.004,0.005,0.006,0.007,0.008,0.009000000000000001,0.01]",0.001,"[65000.55,65000.450000000004,65000.35,65000.25,65000.15,65000.05,64999.950000000004,64999.85,64999.75,64999.65]",65000.55,"[0.001,0.002,0.003,0.004,0.005,0.006,0.007,0.008,0.009000000000000001,0.01]",0.001,1965,mock,InstrumentType.Spot,613834160,mock,BTC-USDT
2199944884,0,0,1783610796521828443,101,depth,"[65000.76,65000.86,65000.96000000001,65001.060000000005,65001.16,65001.26,65001.36,65001.46000000001,65001.560000000005,65001.66]",65000.76,"[0.001,0.002,0.003,0.004,0.005,0.006,0.007,0.008,0.009000000000000001,0.01]",0.001,"[65000.560000000005,65000.46000000001,65000.36,65000.26,65000.16,65000.060000000005,64999.96000000001,64999.86,64999.76,64999.66]",65000.560000000005,"[0.001,0.002,0.003,0.004,0.005,0.006,0.007,0.008,0.009000000000000001,0.01]",0.001,1966,mock,InstrumentType.Spot,613834720,mock,BTC-USDT
2199944884,0,0,1783610796522135783,101,depth,"[65000.77,65000.869999999995,65000.97,65001.07,65001.17,65001.27,65001.369999999995,65001.47,65001.57,65001.67]",65000.77,"[0.001,0.002,0.003,0.004,0.005,0.006,0.007,0.008,0.009000000000000001,0.01]",0.001,"[65000.57,65000.47,65000.369999999995,65000.27,65000.17,65000.07,64999.97,64999.869999999995,64999.77,64999.67]",65000.57,"[0.001,0.002,0.003,0.004,0.005,0.006,0.007,0.008,0.009000000000000001,0.01]",0.001,1967,mock,InstrumentType.Spot,613835280,mock,BTC-USDT
2199944884,0,0,1783610796522428637,101,depth,"[65000.78,65000.88,65000.98,65001.08,65001.18,65001.28,65001.38,65001.48,65001.58,65001.68]",65000.78,"[0.001,0.002,0.003,0.004,0.005,0.006,0.007,0.008,0.009000000000000001,0.01]",0.001,"[65000.58,65000.48,65000.38,65000.28,65000.18,65000.08,64999.98,64999.88,64999.78,64999.68]",65000.58,"[0.001,0.002,0.003,0.004,0.005,0.006,0.007,0.008,0.009000000000000001,0.01]",0.001,1968,mock,InstrumentType.Spot,613835840,mock,BTC-USDT
2199944884,0,0,1783610796522728544,101,depth,"[65000.79,65000.89,65000.990000000005,65001.090000000004,65001.19,65001.29,65001.39,65001.490000000005,65001.590000000004,65001.69]",65000.79,"[0.001,0.002,0.003,0.004,0.005,0.006,0.007,0.008,0.009000000000000001,0.01]",0.001,"[65000.590000000004,65000.490000000005,65000.39,65000.29,65000.19,65000.090000000004,64999.990000000005,64999.89,64999.79,64999.69]",65000.590000000004,"[0.001,0.002,0.003,0.004,0.005,0.006,0.007,0.008,0.009000000000000001,0.01]",0.001,1969,mock,InstrumentType.Spot,613836400,mock,BTC-USDT
2199944884,0,0,1783610796523028165,101,depth,"[65000.799999999996,65000.899999999994,65001.0,65001.1,65001.2,65001.299999999996,65001.399999999994,65001.5,65001.6,65001.7]",65000.799999999996,"[0.001,0.002,0.003,0.004,0.005,0.006,0.007,0.008,0.009000000000000001,0.01]",0.001,"[65000.6,65000.5,65000.399999999994,65000.299999999996,65000.2,65000.1,65000.0,64999.899999999994,64999.799999999996,64999.7]",65000.6,"[0.001,0.002,0.003,0.004,0.005,0.006,0.007,0.008,0.009000000000000001,0.01]",0.001,1970,mock,InstrumentType.Spot,613836960,mock,BTC-USDT
2199944884,0,0,1783610796523328117,101,depth,"[65000.81,65000.909999999996,65001.01,65001.11,65001.21,65001.31,65001.409999999996,65001.51,65001.61,65001.71]",65000.81,"[0.001,0.002,0.003,0.004,0.005,0.006,0.007,0.008,0.009000000000000001,0.01]",0.001,"[65000.61,65000.51,65000.409999999996,65000.31,65000.21,65000.11,65000.01,64999.909999999996,64999.81,64999.71]",65000.61,"[0.001,0.002,0.003,0.004,0.005,0.006,0.007,0.008,0.009000000000000001,0.01]",0.001,1971,mock,InstrumentType.Spot,613837520,mock,BTC-USDT
2199944884,0,0,1783610796523628130,101,depth,"[65000.82,65000.92,65001.020000000004,65001.12,65001.22,65001.32,65001.42,65001.520000000004,65001.62,65001.72]",65000.82,"[0.001,0.002,0.003,0.004,0.005,0.006,0.007,0.008,0.009000000000000001,0.01]",0.001,"[65000.62,65000.520000000004,65000.42,65000.32,65000.22,65000.12,65000.020000000004,64999.92,64999.82,64999.72]",65000.62,"[0.001,0.002,0.003,0.004,0.005,0.006,0.007,0.008,0.009000000000000001,0.01]",0.001,1972,mock,InstrumentType.Spot,613838080,mock,BTC-USDT
2199944884,0,0,1783610796523927869,101,depth,"[65000.83,65000.93,65001.030000000006,65001.130000000005,65001.23,65001.33,65001.43,65001.530000000006,65001.630000000005,65001.73]",65000.83,"[0.001,0.002,0.003,0.004,0.005,0.006,0.007,0.008,0.009000000000000001,0.01]",0.001,"[65000.630000000005,65000.530000000006,65000.43,65000.33,65000.23,65000.130000000005,65000.030000000006,64999.93,64999.83,64999.73]",65000.630000000005,"[0.001,0.002,0.003,0.004,0.005,0.006,0.007,0.008,0.009000000000000001,0.01]",0.001,1973,mock,InstrumentType.Spot,613838640,mock,BTC-USDT
2199944884,0,0,1783610796524227894,101,depth,"[65000.84,65000.939999999995,65001.04,65001.14,65001.24,65001.34,65001.439999999995,65001.54,65001.64,65001.74]",65000.84,"[0.001,0.002,0.003,0.004,0.005,0.006,0.007,0.008,0.009000000000000001,0.01]",0.001,"[65000.64,65000.54,65000.439999999995,65000.34,65000.24,65000.14,65000.04,64999.939999999995,64999.84,64999.74]",65000.64,"[0.001,0.002,0.003,0.004,0.005,0.006,0.007,0.008,0.009000000000000001,0.01]",0.001,1974,mock,InstrumentType.Spot,613839200,mock,BTC-USDT
2199944884,0,0,1783610796524527852,101,depth,"[65000.85,65000.95,65001.05,65001.15,65001.25,65001.35,65001.45,65001.55,65001.65,65001.75]",65000.85,"[0.001,0.002,0.003,0.004,0.005,0.006,0.007,0.008,0.009000000000000001,0.01]",0.001,"[65000.65,65000.55,65000.45,65000.35,65000.25,65000.15,65000.05,64999.95,64999.85,64999.75]",65000.65,"[0.001,0.002,0.003,0.004,0.005,0.006,0.007,0.008,0.009000000000000001,0.01]",0.001,1975,mock,InstrumentType.Spot,613839760,mock,BTC-USDT
2199944884,0,0,1783610796524827844,101,depth,"[65000.86,65000.96,65001.060000000005,65001.16,65001.26,65001.36,65001.46,65001.560000000005,65001.66,65001.76]",65000.86,"[0.001,0.002,0.003,0.004,0.005,0.006,0.007,0.008,0.009000000000000001,0.01]",0.001,"[65000.66,65000.560000000005,65000.46,65000.36,65000.26,65000.16,65000.060000000005,64999.96,64999.86,64999.76]",65000.66,"[0.001,0.002,0.003,0.004,0.005,0.006,0.007,0.008,0.009000000000000001,0.01]",0.001,1976,mock,InstrumentType.Spot,613840320,mock,BTC-USDT
2199944884,0,0,1783610796525133464,101,depth,"[65000.869999999995,65000.969999999994,65001.07,65001.17,65001.27,65001.369999999995,65001.469999999994,65001.57,65001.67,65001.77]",65000.869999999995,"[0.001,0.002,0.003,0.004,0.005,0.006,0.007,0.008,0.009000000000000001,0.01]",0.001,"[65000.67,65000.57,65000.469999999994,65000.369999999995,65000.27,65000.17,65000.07,64999.969999999994,64999.869999999995,64999.77]",65000.67,"[0.001,0.002,0.003,0.004,0.005,0.006,0.007,0.008,0.009000000000000001,0.01]",0.001,1977,mock,InstrumentType.Spot,613840880,mock,BTC-USDT
2199944884,0,0,1783610796525427959,101,depth,"[65000.88,65000.979999999996,65001.08,65001.18,65001.28,65001.38,65001.479999999996,65001.58,65001.68,65001.78]",65000.88,"[0.001,0.002,0.003,0.004,0.005,0.006,0.007,0.008,0.009000000000000001,0.01]",0.001,"[65000.68,65000.58,65000.479999999996,65000.38,65000.28,65000.18,65000.08,64999.979999999996,64999.88,64999.78]",65000.68,"[0.001,0.002,0.003,0.004,0.005,0.006,0.007,0.008,0.009000000000000001,0.01]",0.001,1978,mock,InstrumentType.Spot,613841440,mock,BTC-USDT
2199944884,0,0,1783610796525727733,101,depth,"[65000.89,65000.99,65001.090000000004,65001.19,65001.29,65001.39,65001.49,65001.590000000004,65001.69,65001.79]",65000.89,"[0.001,0.002,0.003,0.004,0.005,0.006,0.007,0.008,0.009000000000000001,0.01]",0.001,"[65000.69,65000.590000000004,65000.49,65000.39,65000.29,65000.19,65000.090000000004,64999.99,64999.89,64999.79]",65000.69,"[0.001,0.002,0.003,0.004,0.005,0.006,0.007,0.008,0.009000000000000001,0.01]",0.001,1979,mock,InstrumentType.Spot,613842000,mock,BTC-USDT
2199944884,0,0,1783610796526027978,101,depth,"[65000.9,65001.0,65001.100000000006,65001.200000000004,65001.3,65001.4,65001.5,65001.600000000006,65001.700000000004,65001.8]",65000.9,"[0.001,0.002,0.003,0.004,0.005,0.006,0.007,0.008,0.009000000000000001,0.01]",0.001,"[65000.700000000004,65000.600000000006,65000.5,65000.4,65000.3,65000.200000000004,65000.100000000006,65000.0,64999.9,64999.8]",65000.700000000004,"[0.001,0.002,0.003,0.004,0.005,0.006,0.007,0.008,0.009000000000000001,0.01]",0.001,1980,mock,InstrumentType.Spot,613842560,mock,BTC-USDT
2199944884,0,0,1783610796526327918,101,depth,"[65000.909999999996,65001.009999999995,65001.11,65001.21,65001.31,65001.409999999996,65001.509999999995,65001.61,65001.71,65001.81]",65000.909999999996,"[0.001,0.002,0.003,0.004,0.005,0.006,0.007,0.008,0.009000000000000001,0.01]",0.001,"[65000.71,65000.61,65000.509999999995,65000.409999999996,65000.31,65000.21,65000.11,65000.009999999995,64999.909999999996,64999.81]",65000.71,"[0.001,0.002,0.003,0.004,0.005,0.006,0.007,0.008,0.009000000000000001,0.01]",0.001,1981,mock,InstrumentType.Spot,613843120,mock,BTC-USDT
2199944884,0,0,1783610796526627880,101,depth,"[65000.92,65001.02,65001.12,65001.22,65001.32,65001.42,65001.52,65001.62,65001.72,65001.82]",65000.92,"[0.001,0.002,0.003,0.004,0.005,0.006,0.007,0.008,0.009000000000000001,0.01]",0.001,"[65000.72,65000.62,65000.52,65000.42,65000.32,65000.22,65000.12,65000.02,64999.92,64999.82]",65000.72,"[0.001,0.002,0.003,0.004,0.005,0.006,0.007,0.008,0.009000000000000001,0.01]",0.001,1982,mock,InstrumentType.Spot,613843680,mock,BTC-USDT
2199944884,0,0,1783610796526927927,101,depth,"[65000.93,65001.03,65001.130000000005,65001.23,65001.33,65001.43,65001.53,65001.630000000005,65001.73,65001.83]",65000.93,"[0.001,0.002,0.003,0.004,0.005,0.006,0.007,0.008,0.009000000000000001,0.01]",0.001,"[65000.73,65000.630000000005,65000.53,65000.43,65000.33,65000.23,65000.130000000005,65000.03,64999.93,64999.83]",65000.73,"[0.001,0.002,0.003,0.004,0.005,0.006,0.007,0.008,0.009000000000000001,0.01]",0.001,1983,mock,InstrumentType.Spot,613844240,mock,BTC-USDT
2199944884,0,0,1783610796527227970,101,depth,"[65000.939999999995,65001.03999999999,65001.14,65001.24,65001.34,65001.439999999995,65001.53999999999,65001.64,65001.74,65001.84]",65000.939999999995,"[0.001,0.002,0.003,0.004,0.005,0.006,0.007,0.008,0.009000000000000001,0.01]",0.001,"[65000.74,65000.64,65000.53999999999,65000.439999999995,65000.34,65000.24,65000.14,65000.03999999999,64999.939999999995,64999.84]",65000.74,"[0.001,0.002,0.003,0.004,0.005,0.006,0.007,0.008,0.009000000000000001,0.01]",0.001,1984,mock,InstrumentType.Spot,613844800,mock,BTC-USDT
2199944884,0,0,1783610796527527930,101,depth,"[65000.95,65001.049999999996,65001.15,65001.25,65001.35,65001.45,65001.549999999996,65001.65,65001.75,65001.85]",65000.95,"[0.001,0.002,0.003,0.004,0.005,0.006,0.007,0.008,0.009000000000000001,0.01]",0.001,"[65000.75,65000.65,65000.549999999996,65000.45,65000.35,65000.25,65000.15,65000.049999999996,64999.95,64999.85]",65000.75,"[0.001,0.002,0.003,0.004,0.005,0.006,0.007,0.008,0.009000000000000001,0.01]",0.001,1985,mock,InstrumentType.Spot,613845360,mock,BTC-USDT
2199944884,0,0,1783610796527833549,101,depth,"[65000.96,65001.06,65001.16,65001.26,65001.36,65001.46,65001.56,65001.66,65001.76,65001.86]",65000.96,"[0.001,0.002,0.003,0.004,0.005,0.006,0.007,0.008,0.009000000000000001,0.01]",0.001,"[65000.76,65000.66,65000.56,65000.46,65000.36,65000.26,65000.16,65000.06,64999.96,64999.86]",65000.76,"[0.001,0.002,0.003,0.004,0.005,0.006,0.007,0.008,0.009000000000000001,0.01]",0.001,1986,mock,InstrumentType.Spot,613845920,mock,BTC-USDT
2199944884,0,0,1783610796528127992,101,depth,"[65000.97,65001.07,65001.170000000006,65001.270000000004,65001.37,65001.47,65001.57,65001.670000000006,65001.770000000004,65001.87]",65000.97,"[0.001,0.002,0.003,0.004,0.005,0.006,0.007,0.008,0.009000000000000001,0.01]",0.001,"[65000.770000000004,65000.670000000006,65000.57,65000.47,65000.37,65000.270000000004,65000.170000000006,65000.07,64999.97,64999.87]",65000.770000000004,"[0.001,0.002,0.003,0.004,0.005,0.006,0.007,0.008,0.009000000000000001,0.01]",0.001,1987,mock,InstrumentType.Spot,613846480,mock,BTC-USDT
2199944884,0,0,1783610796528428022,101,depth,"[65000.979999999996,65001.079999999994,65001.18,65001.28,65001.38,65001.479999999996,65001.579999999994,65001.68,65001.78,65001.88]",65000.979999999996,"[0.001,0.002,0.003,0.004,0.005,0.006,0.007,0.008,0.009000000000000001,0.01]",0.001,"[65000.78,65000.68,65000.579999999994,65000.479999999996,65000.38,65000.28,65000.18,65000.079999999994,64999.979999999996,64999.88]",65000.78,"[0.001,0.002,0.003,0.004,0.005,0.006,0.007,0.008,0.009000000000000001,0.01]",0.001,1988,mock,InstrumentType.Spot,613847040,mock,BTC-USDT
2199944884,0,0,1783610796528727750,101,depth,"[65000.99,65001.09,65001.19,65001.29,65001.39,65001.49,65001.59,65001.69,65001.79,65001.89]",65000.99,"[0.001,0.002,0.003,0.004,0.005,0.006,0.007,0.008,0.009000000000000001,0.01]",0.001,"[65000.79,65000.69,65000.59,65000.49,65000.39,65000.29,65000.19,65000.09,64999.99,64999.89]",65000.79,"[0.001,0.002,0.003,0.004,0.005,0.006,0.007,0.008,0.009000000000000001,0.01]",0.001,1989,mock,InstrumentType.Spot,613847600,mock,BTC-USDT
2199944884,0,0,1783610796529027643,101,depth,"[65001.0,65001.1,65001.200000000004,65001.3,65001.4,65001.5,65001.6,65001.700000000004,65001.8,65001.9]",65001.0,"[0.001,0.002,0.003,0.004,0.005,0.006,0.007,0.008,0.009000000000000001,0.01]",0.001,"[65000.8,65000.700000000004,65000.6,65000.5,65000.4,65000.3,65000.200000000004,65000.1,65000.0,64999.9]",65000.8,"[0.001,0.002,0.003,0.004,0.005,0.006,0.007,0.008,0.009000000000000001,0.01]",0.001,1990,mock,InstrumentType.Spot,613848160,mock,BTC-USDT
2199944884,0,0,1783610796529327691,101,depth,"[65001.01,65001.11,65001.21000000001,65001.310000000005,65001.41,65001.51,65001.61,65001.71000000001,65001.810000000005,65001.91]",65001.01,"[0.001,0.002,0.003,0.004,0.005,0.006,0.007,0.008,0.009000000000000001,0.01]",0.001,"[65000.810000000005,65000.71000000001,65000.61,65000.51,65000.41,65000.310000000005,65000.21000000001,65000.11,65000.01,64999.91]",65000.810000000005,"[0.001,0.002,0.003,0.004,0.005,0.006,0.007,0.008,0.009000000000000001,0.01]",0.001,1991,mock,InstrumentType.Spot,613848720,mock,BTC-USDT
2199944884,0,0,1783610796529627600,101,depth,"[65001.02,65001.119999999995,65001.22,65001.32,65001.42,65001.52,65001.619999999995,65001.72,65001.82,65001.92]",65001.02,"[0.001,0.002,0.003,0.004,0.005,0.006,0.007,0.008,0.009000000000000001,0.01]",0.001,"[65000.82,65000.72,65000.619999999995,65000.52,65000.42,65000.32,65000.22,65000.119999999995,65000.02,64999.92]",65000.82,"[0.001,0.002,0.003,0.004,0.005,0.006,0.007,0.008,0.009000000000000001,0.01]",0.001,1992,mock,InstrumentType.Spot,613849280,mock,BTC-USDT
2199944884,0,0,1783610796529927843,101,depth,"[65001.03,65001.13,65001.23,65001.33,65001.43,65001.53,65001.63,65001.73,65001.83,65001.93]",65001.03,"[0.001,0.002,0.003,0.004,0.005,0.006,0.007,0.008,0.009000000000000001,0.01]",0.001,"[65000.83,65000.73,65000.63,65000.53,65000.43,65000.33,65000.23,65000.13,65000.03,64999.93]",65000.83,"[0.001,0.002,0.003,0.004,0.005,0.006,0.007,0.008,0.009000000000000001,0.01]",0.001,1993,mock,InstrumentType.Spot,613849840,mock,BTC-USDT
2199944884,0,0,1783610796530227862,101,depth,"[65001.04,65001.14,65001.240000000005,65001.340000000004,65001.44,65001.54,65001.64,65001.740000000005,65001.840000000004,65001.94]",65001.04,"[0.001,0.002,0.003,0.004,0.005,0.006,0.007,0.008,0.009000000000000001,0.01]",0.001,"[65000.840000000004,65000.740000000005,65000.64,65000.54,65000.44,65000.340000000004,65000.240000000005,65000.14,65000.04,64999.94]",65000.840000000004,"[0.001,0.002,0.003,0.004,0.005,0.006,0.007,0.008,0.009000000000000001,0.01]",0.001,1994,mock,InstrumentType.Spot,613850400,mock,BTC-USDT
2199944884,0,0,1783610796530527691,101,depth,"[65001.049999999996,65001.149999999994,65001.25,65001.35,65001.45,65001.549999999996,65001.649999999994,65001.75,65001.85,65001.95]",65001.049999999996,"[0.001,0.002,0.003,0.004,0.005,0.006,0.007,0.008,0.009000000000000001,0.01]",0.001,"[65000.85,65000.75,65000.649999999994,65000.549999999996,65000.45,65000.35,65000.25,65000.149999999994,65000.049999999996,64999.95]",65000.85,"[0.001,0.002,0.003,0.004,0.005,0.006,0.007,0.008,0.009000000000000001,0.01]",0.001,1995,mock,InstrumentType.Spot,613850960,mock,BTC-USDT
2199944884,0,0,1783610796530834559,101,depth,"[65001.06,65001.159999999996,65001.26,65001.36,65001.46,65001.56,65001.659999999996,65001.76,65001.86,65001.96]",65001.06,"[0.001,0.002,0.003,0.004,0.005,0.006,0.007,0.008,0.009000000000000001,0.01]",0.001,"[65000.86,65000.76,65000.659999999996,65000.56,65000.46,65000.36,65000.26,65000.159999999996,65000.06,64999.96]",65000.86,"[0.001,0.002,0.003,0.004,0.005,0.006,0.007,0.008,0.009000000000000001,0.01]",0.001,1996,mock,InstrumentType.Spot,613851520,mock,BTC-USDT
2199944884,0,0,1783610796531127704,101,depth,"[65001.07,65001.17,65001.270000000004,65001.37,65001.47,65001.57,65001.67,65001.770000000004,65001.87,65001.97]",65001.07,"[0.001,0.002,0.003,0.004,0.005,0.006,0.007,0.008,0.009000000000000001,0.01]",0.001,"[65000.87,65000.770000000004,65000.67,65000.57,65000.47,65000.37,65000.270000000004,65000.17,65000.07,64999.97]",65000.87,"[0.001,0.002,0.003,0.004,0.005,0.006,0.007,0.008,0.009000000000000001,0.01]",0.001,1997,mock,InstrumentType.Spot,613852080,mock,BTC-USDT
2199944884,0,0,1783610796531427851,101,depth,"[65001.08,65001.18,65001.280000000006,65001.380000000005,65001.48,65001.58,65001.68,65001.780000000006,65001.880000000005,65001.98]",65001.08,"[0.001,0.002,0.003,0.004,0.005,0.006,0.007,0.008,0.009000000000000001,0.01]",0.001,"[65000.880000000005,65000.780000000006,65000.68,65000.58,65000.48,65000.380000000005,65000.280000000006,65000.18,65000.08,64999.98]",65000.880000000005,"[0.001,0.002,0.003,0.004,0.005,0.006,0.007,0.008,0.009000000000000001,0.01]",0.001,1998,mock,InstrumentType.Spot,613852640,mock,BTC-USDT
2199944884,0,0,1783610796531727782,101,depth,"[65001.09,65001.189999999995,65001.29,65001.39,65001.49,65001.59,65001.689999999995,65001.79,65001.89,65001.99]",65001.09,"[0.001,0.002,0.003,0.004,0.005,0.006,0.007,0.008,0.009000000000000001,0.01]",0.001,"[65000.89,65000.79,65000.689999999995,65000.59,65000.49,65000.39,65000.29,65000.189999999995,65000.09,64999.99]",65000.89,"[0.001,0.002,0.003,0.004,0.005,0.006,0.007,0.008,0.009000000000000001,0.01]",0.001,1999,mock,InstrumentType.Spot,613853200,mock,BTC-USDT
2199944884,0,0,1783610796532027646,101,depth,"[65000.1,65000.2,65000.3,65000.4,65000.5,65000.6,65000.7,65000.8,65000.9,65001.0]",65000.1,"[0.001,0.002,0.003,0.004,0.005,0.006,0.007,0.008,0.009000000000000001,0.01]",0.001,"[64999.9,64999.8,64999.7,64999.6,64999.5,64999.4,64999.3,64999.2,64999.1,64999.0]",64999.9,"[0.001,0.002,0.003,0.004,0.005,0.006,0.007,0.008,0.009000000000000001,0.01]",0.001,2000,mock,InstrumentType.Spot,613853760,mock,BTC-USDT
2199944884,0,0,1783610796532327652,101,depth,"[65000.11,65000.21,65000.310000000005,65000.41,65000.51,65000.61,65000.71,65000.810000000005,65000.91,65001.01]",65000.11,"[0.001,0.002,0.003,0.004,0.005,0.006,0.007,0.008,0.009000000000000001,0.01]",0.001,"[64999.91,64999.810000000005,64999.71,64999.61,64999.51,64999.41,64999.310000000005,64999.21,64999.11,64999.01]",64999.91,"[0.001,0.002,0.003,0.004,0.005,0.006,0.007,0.008,0.009000000000000001,0.01]",0.001,2001,mock,InstrumentType.Spot,613854320,mock,BTC-USDT
2199944884,0,0,1783610796532627824,101,depth,"[65000.119999999995,65000.219999999994,65000.32,65000.42,65000.52,65000.619999999995,65000.719999999994,65000.82,65000.92,65001.02]",65000.119999999995,"[0.001,0.002,0.003,0.004,0.005,0.006,0.007,0.008,0.009000000000000001,0.01]",0.001,"[64999.92,64999.82,64999.719999999994,64999.619999999995,64999.52,64999.42,64999.32,64999.219999999994,64999.119999999995,64999.02]",64999.92,"[0.001,0.002,0.003,0.004,0.005,0.006,0.007,0.008,0.009000000000000001,0.01]",0.001,2002,mock,InstrumentType.Spot,613854880,mock,BTC-USDT
2199944884,0,0,1783610796532927710,101,depth,"[65000.13,65000.229999999996,65000.33,65000.43,65000.53,65000.63,65000.729999999996,65000.83,65000.93,65001.03]",65000.13,"[0.001,0.002,0.003,0.004,0.005,0.006,0.007,0.008,0.009000000000000001,0.01]",0.001,"[64999.93,64999.83,64999.729999999996,64999.63,64999.53,64999.43,64999.33,64999.229999999996,64999.13,64999.03]",64999.93,"[0.001,0.002,0.003,0.004,0.005,0.006,0.007,0.008,0.009000000000000001,0.01]",0.001,2003,mock,InstrumentType.Spot,613855440,mock,BTC-USDT
2199944884,0,0,1783610796533227646,101,depth,"[65000.14,65000.24,65000.340000000004,65000.44,65000.54,65000.64,65000.74,65000.840000000004,65000.94,65001.04]",65000.14,"[0.001,0.002,0.003,0.004,0.005,0.006,0.007,0.008,0.009000000000000001,0.01]",0.001,"[64999.94,64999.840000000004,64999.74,64999.64,64999.54,64999.44,64999.340000000004,64999.24,64999.14,64999.04]",64999.94,"[0.001,0.002,0.003,0.004,0.005,0.006,0.007,0.008,0.009000000000000001,0.01]",0.001,2004,mock,InstrumentType.Spot,613856000,mock,BTC-USDT
2199944884,0,0,1783610796533533034,101,depth,"[65000.15,65000.25,65000.350000000006,65000.450000000004,65000.55,65000.65,65000.75,65000.850000000006,65000.950000000004,65001.05]",65000.15,"[0.001,0.002,0.003,0.004,0.005,0.006,0.007,0.008,0.009000000000000001,0.01]",0.001,"[64999.950000000004,64999.850000000006,64999.75,64999.65,64999.55,64999.450000000004,64999.350000000006,64999.25,64999.15,64999.05]",64999.950000000004,"[0.001,0.002,0.003,0.004,0.005,0.006,0.007,0.008,0.009000000000000001,0.01]",0.001,2005,mock,InstrumentType.Spot,613856560,mock,BTC-USDT
2199944884,0,0,1783610796533827589,101,depth,"[65000.159999999996,65000.259999999995,65000.36,65000.46,65000.56,65000.659999999996,65000.759999999995,65000.86,65000.96,65001.06]",65000.159999999996,"[0.001,0.002,0.003,0.004,0.005,0.006,0.007,0.008,0.009000000000000001,0.01]",0.001,"[64999.96,64999.86,64999.759999999995,64999.659999999996,64999.56,64999.46,64999.36,64999.259999999995,64999.159999999996,64999.06]",64999.96,"[0.001,0.002,0.003,0.004,0.005,0.006,0.007,0.008,0.009000000000000001,0.01]",0.001,2006,mock,InstrumentType.Spot,613857120,mock,BTC-USDT
2199944884,0,0,1783610796534127578,101,depth,"[65000.17,65000.27,65000.37,65000.47,65000.57,65000.67,65000.77,65000.87,65000.97,65001.07]",65000.17,"[0.001,0.002,0.003,0.004,0.005,0.006,0.007,0.008,0.009000000000000001,0.01]",0.001,"[64999.97,64999.87,64999.77,64999.67,64999.57,64999.47,64999.37,64999.27,64999.17,64999.07]",64999.97,"[0.001,0.002,0.003,0.004,0.005,0.006,0.007,0.008,0.009000000000000001,0.01]",0.001,2007,mock,InstrumentType.Spot,613857680,mock,BTC-USDT
2199944884,0,0,1783610796534428065,101,depth,"[65000.18,65000.28,65000.380000000005,65000.48,65000.58,65000.68,65000.78,65000.880000000005,65000.98,65001.08]",65000.18,"[0.001,0.002,0.003,0.004,0.005,0.006,0.007,0.008,0.009000000000000001,0.01]",0.001,"[64999.98,64999.880000000005,64999.78,64999.68,64999.58,64999.48,64999.380000000005,64999.28,64999.18,64999.08]",64999.98,"[0.001,0.002,0.003,0.004,0.005,0.006,0.007,0.008,0.009000000000000001,0.01]",0.001,2008,mock,InstrumentType.Spot,613858240,mock,BTC-USDT
2199944884,0,0,1783610796534728035,101,depth,"[65000.189999999995,65000.28999999999,65000.39,65000.49,65000.59,65000.689999999995,65000.78999999999,65000.89,65000.99,65001.09]",65000.189999999995,"[0.001,0.002,0.003,0.004,0.005,0.006,0.007,0.008,0.009000000000000001,0.01]",0.001,"[64999.99,64999.89,64999.78999999999,64999.689999999995,64999.59,64999.49,64999.39,64999.28999999999,64999.189999999995,64999.09]",64999.99,"[0.001,0.002,0.003,0.004,0.005,0.006,0.007,0.008,0.009000000000000001,0.01]",0.001,2009,mock,InstrumentType.Spot,613858800,mock,BTC-USDT
2199944884,0,0,1783610796535027937,101,depth,"[65000.2,65000.299999999996,65000.4,65000.5,65000.6,65000.7,65000.799999999996,65000.9,65001.0,65001.1]",65000.2,"[0.001,0.002,0.003,0.004,0.005,0.006,0.007,0.008,0.009000000000000001,0.01]",0.001,"[65000.0,64999.9,64999.799999999996,64999.7,64999.6,64999.5,64999.4,64999.299999999996,64999.2,64999.1]",65000.0,"[0.001,0.002,0.003,0.004,0.005,0.006,0.007,0.008,0.009000000000000001,0.01]",0.001,2010,mock,InstrumentType.Spot,613859360,mock,BTC-USDT
2199944884,0,0,1783610796535327651,101,depth,"[65000.21,65000.31,65000.41,65000.51,65000.61,65000.71,65000.81,65000.91,65001.01,65001.11]",65000.21,"[0.001,0.002,0.003,0.004,0.005,0.006,0.007,0.008,0.009000000000000001,0.01]",0.001,"[65000.01,64999.91,64999.81,64999.71,64999.61,64999.51,64999.41,64999.31,64999.21,64999.11]",65000.01,"[0.001,0.002,0.003,0.004,0.005,0.006,0.007,0.008,0.009000000000000001,0.01]",0.001,2011,mock,InstrumentType.Spot,613859920,mock,BTC-USDT
2199944884,0,0,1783610796535628095,101,depth,"[65000.22,65000.32,65000.420000000006,65000.520000000004,65000.62,65000.72,65000.82,65000.920000000006,65001.020000000004,65001.12]",65000.22,"[0.001,0.002,0.003,0.004,0.005,0.006,0.007,0.008,0.009000000000000001,0.01]",0.001,"[65000.020000000004,64999.920000000006,64999.82,64999.72,64999.62,64999.520000000004,64999.420000000006,64999.32,64999.22,64999.12]",65000.020000000004,"[0.001,0.002,0.003,0.004,0.005,0.006,0.007,0.008,0.009000000000000001,0.01]",0.001,2012,mock,InstrumentType.Spot,613860480,mock,BTC-USDT
2199944884,0,0,1783610796535928396,101,depth,"[65000.229999999996,65000.329999999994,65000.43,65000.53,65000.63,65000.729999999996,65000.829999999994,65000.93,65001.03,65001.13]",65000.229999999996,"[0.001,0.002,0.003,0.004,0.005,0.006,0.007,0.008,0.009000000000000001,0.01]",0.001,"[65000.03,64999.93,64999.829999999994,64999.729999999996,64999.63,64999.53,64999.43,64999.329999999994,64999.229999999996,64999.13]",65000.03,"[0.001,0.002,0.003,0.004,0.005,0.006,0.007,0.008,0.009000000000000001,0.01]",0.001,2013,mock,InstrumentType.Spot,613861040,mock,BTC-USDT
2199944884,0,0,1783610796536228027,101,depth,"[65000.24,65000.34,65000.44,65000.54,65000.64,65000.74,65000.84,65000.94,65001.04,65001.14]",65000.24,"[0.001,0.002,0.003,0.004,0.005,0.006,0.007,0.008,0.009000000000000001,0.01]",0.001,"[65000.04,64999.94,64999.84,64999.74,64999.64,64999.54,64999.44,64999.34,64999.24,64999.14]",65000.04,"[0.001,0.002,0.003,0.004,0.005,0.006,0.007,0.008,0.009000000000000001,0.01]",0.001,2014,mock,InstrumentType.Spot,613861600,mock,BTC-USDT
2199944884,0,0,1783610796536538101,101,depth,"[65000.25,65000.35,65000.450000000004,65000.55,65000.65,65000.75,65000.85,65000.950000000004,65001.05,65001.15]",65000.25,"[0.001,0.002,0.003,0.004,0.005,0.006,0.007,0.008,0.009000000000000001,0.01]",0.001,"[65000.05,64999.950000000004,64999.85,64999.75,64999.65,64999.55,64999.450000000004,64999.35,64999.25,64999.15]",65000.05,"[0.001,0.002,0.003,0.004,0.005,0.006,0.007,0.008,0.009000000000000001,0.01]",0.001,2015,mock,InstrumentType.Spot,613862160,mock,BTC-USDT
2199944884,0,0,1783610796536828345,101,depth,"[65000.26,65000.36,65000.46000000001,65000.560000000005,65000.66,65000.76,65000.86,65000.96000000001,65001.060000000005,65001.16]",65000.26,"[0.001,0.002,0.003,0.004,0.005,0.006,0.007,0.008,0.009000000000000001,0.01]",0.001,"[65000.060000000005,64999.96000000001,64999.86,64999.76,64999.66,64999.560000000005,64999.46000000001,64999.36,64999.26,64999.16]",65000.060000000005,"[0.001,0.002,0.003,0.004,0.005,0.006,0.007,0.008,0.009000000000000001,0.01]",0.001,2016,mock,InstrumentType.Spot,613862720,mock,BTC-USDT
2199944884,0,0,1783610796537128210,101,depth,"[65000.27,65000.369999999995,65000.47,65000.57,65000.67,65000.77,65000.869999999995,65000.97,65001.07,65001.17]",65000.27,"[0.001,0.002,0.003,0.004,0.005,0.006,0.007,0.008,0.009000000000000001,0.01]",0.001,"[65000.07,64999.97,64999.869999999995,64999.77,64999.67,64999.57,64999.47,64999.369999999995,64999.27,64999.17]",65000.07,"[0.001,0.002,0.003,0.004,0.005,0.006,0.007,0.008,0.009000000000000001,0.01]",0.001,2017,mock,InstrumentType.Spot,613863280,mock,BTC-USDT
2199944884,0,0,1783610796537428146,101,depth,"[65000.28,65000.38,65000.48,65000.58,65000.68,65000.78,65000.88,65000.98,65001.08,65001.18]",65000.28,"[0.001,0.002,0.003,0.004,0.005,0.006,0.007,0.008,0.009000000000000001,0.01]",0.001,"[65000.08,64999.98,64999.88,64999.78,64999.68,64999.58,64999.48,64999.38,64999.28,64999.18]",65000.08,"[0.001,0.002,0.003,0.004,0.005,0.006,0.007,0.008,0.009000000000000001,0.01]",0.001,2018,mock,InstrumentType.Spot,613734336,mock,BTC-USDT
2199944884,0,0,1783610796537728028,101,depth,"[65000.29,65000.39,65000.490000000005,65000.590000000004,65000.69,65000.79,65000.89,65000.990000000005,65001.090000000004,65001.19]",65000.29,"[0.001,0.002,0.003,0.004,0.005,0.006,0.007,0.008,0.009000000000000001,0.01]",0.001,"[65000.090000000004,64999.990000000005,64999.89,64999.79,64999.69,64999.590000000004,64999.490000000005,64999.39,64999.29,64999.19]",65000.090000000004,"[0.001,0.002,0.003,0.004,0.005,0.006,0.007,0.008,0.009000000000000001,0.01]",0.001,2019,mock,InstrumentType.Spot,613734896,mock,BTC-USDT
2199944884,0,0,1783610796538027805,101,depth,"[65000.299999999996,65000.399999999994,65000.5,65000.6,65000.7,65000.799999999996,65000.899999999994,65001.0,65001.1,65001.2]",65000.299999999996,"[0.001,0.002,0.003,0.004,0.005,0.006,0.007,0.008,0.009000000000000001,0.01]",0.001,"[65000.1,65000.0,64999.899999999994,64999.799999999996,64999.7,64999.6,64999.5,64999.399999999994,64999.299999999996,64999.2]",65000.1,"[0.001,0.002,0.003,0.004,0.005,0.006,0.007,0.008,0.009000000000000001,0.01]",0.001,2020,mock,InstrumentType.Spot,613735456,mock,BTC-USDT
2199944884,0,0,1783610796538327722,101,depth,"[65000.31,65000.409999999996,65000.51,65000.61,65000.71,65000.81,65000.909999999996,65001.01,65001.11,65001.21]",65000.31,"[0.001,0.002,0.003,0.004,0.005,0.006,0.007,0.008,0.009000000000000001,0.01]",0.001,"[65000.11,65000.01,64999.909999999996,64999.81,64999.71,64999.61,64999.51,64999.409999999996,64999.31,64999.21]",65000.11,"[0.001,0.002,0.003,0.004,0.005,0.006,0.007,0.008,0.009000000000000001,0.01]",0.001,2021,mock,InstrumentType.Spot,613736016,mock,BTC-USDT
2199944884,0,0,1783610796538627777,101,depth,"[65000.32,65000.42,65000.520000000004,65000.62,65000.72,65000.82,65000.92,65001.020000000004,65001.12,65001.22]",65000.32,"[0.001,0.002,0.003,0.004,0.005,0.006,0.007,0.008,0.009000000000000001,0.01]",0.001,"[65000.12,65000.020000000004,64999.92,64999.82,64999.72,64999.62,64999.520000000004,64999.42,64999.32,64999.22]",65000.12,"[0.001,0.002,0.003,0.004,0.005,0.006,0.007,0.008,0.009000000000000001,0.01]",0.001,2022,mock,InstrumentType.Spot,613736576,mock,BTC-USDT
2199944884,0,0,1783610796538927749,101,depth,"[65000.33,65000.43,65000.530000000006,65000.630000000005,65000.73,65000.83,65000.93,65001.030000000006,65001.130000000005,65001.23]",65000.33,"[0.001,0.002,0.003,0.004,0.005,0.006,0.007,0.008,0.009000000000000001,0.01]",0.001,"[65000.130000000005,65000.030000000006,64999.93,64999.83,64999.73,64999.630000000005,64999.530000000006,64999.43,64999.33,64999.23]",65000.130000000005,"[0.001,0.002,0.003,0.004,0.005,0.006,0.007,0.008,0.009000000000000001,0.01]",0.001,2023,mock,InstrumentType.Spot,613737136,mock,BTC-USDT
2199944884,0,0,1783610796539233678,101,depth,"[65000.34,65000.439999999995,65000.54,65000.64,65000.74,65000.84,65000.939999999995,65001.04,65001.14,65001.24]",65000.34,"[0.001,0.002,0.003,0.004,0.005,0.006,0.007,0.008,0.009000000000000001,0.01]",0.001,"[65000.14,65000.04,64999.939999999995,64999.84,64999.74,64999.64,64999.54,64999.439999999995,64999.34,64999.24]",65000.14,"[0.001,0.002,0.003,0.004,0.005,0.006,0.007,0.008,0.009000000000000001,0.01]",0.001,2024,mock,InstrumentType.Spot,613737696,mock,BTC-USDT
2199944884,0,0,1783610796539527872,101,depth,"[65000.35,65000.45,65000.55,65000.65,65000.75,65000.85,65000.95,65001.05,65001.15,65001.25]",65000.35,"[0.001,0.002,0.003,0.004,0.005,0.006,0.007,0.008,0.009000000000000001,0.01]",0.001,"[65000.15,65000.05,64999.95,64999.85,64999.75,64999.65,64999.55,64999.45,64999.35,64999.25]",65000.15,"[0.001,0.002,0.003,0.004,0.005,0.006,0.007,0.008,0.009000000000000001,0.01]",0.001,2025,mock,InstrumentType.Spot,613738256,mock,BTC-USDT
2199944884,0,0,1783610796539827831,101,depth,"[65000.36,65000.46,65000.560000000005,65000.66,65000.76,65000.86,65000.96,65001.060000000005,65001.16,65001.26]",65000.36,"[0.001,0.002,0.003,0.004,0.005,0.006,0.007,0.008,0.009000000000000001,0.01]",0.001,"[65000.16,65000.060000000005,64999.96,64999.86,64999.76,64999.66,64999.560000000005,64999.46,64999.36,64999.26]",65000.16,"[0.001,0.002,0.003,0.004,0.005,0.006,0.007,0.008,0.009000000000000001,0.01]",0.001,2026,mock,InstrumentType.Spot,613738816,mock,BTC-USDT
2199944884,0,0,1783610796540127812,101,depth,"[65000.369999999995,65000.469999999994,65000.57,65000.67,65000.77,65000.869999999995,65000.969999999994,65001.07,65001.17,65001.27]",65000.369999999995,"[0.001,0.002,0.003,0.004,0.005,0.006,0.007,0.008,0.009000000000000001,0.01]",0.001,"[65000.17,65000.07,64999.969999999994,64999.869999999995,64999.77,64999.67,64999.57,64999.469999999994,64999.369999999995,64999.27]",65000.17,"[0.001,0.002,0.003,0.004,0.005,0.006,0.007,0.008,0.009000000000000001,0.01]",0.001,2027,mock,InstrumentType.Spot,613739376,mock,BTC-USDT
2199944884,0,0,1783610796540428045,101,depth,"[65000.38,65000.479999999996,65000.58,65000.68,65000.78,65000.88,65000.979999999996,65001.08,65001.18,65001.28]",65000.38,"[0.001,0.002,0.003,0.004,0.005,0.006,0.007,0.008,0.009000000000000001,0.01]",0.001,"[65000.18,65000.08,64999.979999999996,64999.88,64999.78,64999.68,64999.58,64999.479999999996,64999.38,64999.28]",65000.18,"[0.001,0.002,0.003,0.004,0.005,0.006,0.007,0.008,0.009000000000000001,0.01]",0.001,2028,mock,InstrumentType.Spot,613739936,mock,BTC-USDT
2199944884,0,0,1783610796540727850,101,depth,"[65000.39,65000.49,65000.590000000004,65000.69,65000.79,65000.89,65000.99,65001.090000000004,65001.19,65001.29]",65000.39,"[0.001,0.002,0.003,0.004,0.005,0.006,0.007,0.008,0.009000000000000001,0.01]",0.001,"[65000.19,65000.090000000004,64999.99,64999.89,64999.79,64999.69,64999.590000000004,64999.49,64999.39,64999.29]",65000.19,"[0.001,0.002,0.003,0.004,0.005,0.006,0.007,0.008,0.009000000000000001,0.01]",0.001,2029,mock,InstrumentType.Spot,613740496,mock,BTC-USDT
2199944884,0,0,1783610796541028163,101,depth,"[65000.4,65000.5,65000.600000000006,65000.700000000004,65000.8,65000.9,65001.0,65001.100000000006,65001.200000000004,65001.3]",65000.4,"[0.001,0.002,0.003,0.004,0.005,0.006,0.007,0.008,0.009000000000000001,0.01]",0.001,"[65000.200000000004,65000.100000000006,65000.0,64999.9,64999.8,64999.700000000004,64999.600000000006,64999.5,64999.4,64999.3]",65000.200000000004,"[0.001,0.002,0.003,0.004,0.005,0.006,0.007,0.008,0.009000000000000001,0.01]",0.001,2030,mock,InstrumentType.Spot,613741056,mock,BTC-USDT
2199944884,0,0,1783610796541328008,101,depth,"[65000.409999999996,65000.509999999995,65000.61,65000.71,65000.81,65000.909999999996,65001.009999999995,65001.11,65001.21,65001.31]",65000.409999999996,"[0.001,0.002,0.003,0.004,0.005,0.006,0.007,0.008,0.009000000000000001,0.01]",0.001,"[65000.21,65000.11,65000.009999999995,64999.909999999996,64999.81,64999.71,64999.61,64999.509999999995,64999.409999999996,64999.31]",65000.21,"[0.001,0.002,0.003,0.004,0.005,0.006,0.007,0.008,0.009000000000000001,0.01]",0.001,2031,mock,InstrumentType.Spot,613741616,mock,BTC-USDT
2199944884,0,0,1783610796541627832,101,depth,"[65000.42,65000.52,65000.62,65000.72,65000.82,65000.92,65001.02,65001.12,65001.22,65001.32]",65000.42,"[0.001,0.002,0.003,0.004,0.005,0.006,0.007,0.008,0.009000000000000001,0.01]",0.001,"[65000.22,65000.12,65000.02,64999.92,64999.82,64999.72,64999.62,64999.52,64999.42,64999.32]",65000.22,"[0.001,0.002,0.003,0.004,0.005,0.006,0.007,0.008,0.009000000000000001,0.01]",0.001,2032,mock,InstrumentType.Spot,613742176,mock,BTC-USDT
2199944884,0,0,1783610796541927720,101,depth,"[65000.43,65000.53,65000.630000000005,65000.73,65000.83,65000.93,65001.03,65001.130000000005,65001.23,65001.33]",65000.43,"[0.001,0.002,0.003,0.004,0.005,0.006,0.007,0.008,0.009000000000000001,0.01]",0.001,"[65000.23,65000.130000000005,65000.03,64999.93,64999.83,64999.73,64999.630000000005,64999.53,64999.43,64999.33]",65000.23,"[0.001,0.002,0.003,0.004,0.005,0.006,0.007,0.008,0.009000000000000001,0.01]",0.001,2033,mock,InstrumentType.Spot,613742736,mock,BTC-USDT
2199944884,0,0,1783610796542234926,101,depth,"[65000.439999999995,65000.53999999999,65000.64,65000.74,65000.84,65000.939999999995,65001.03999999999,65001.14,65001.24,65001.34]",65000.439999999995,"[0.001,0.002,0.003,0.004,0.005,0.006,0.007,0.008,0.009000000000000001,0.01]",0.001,"[65000.24,65000.14,65000.03999999999,64999.939999999995,64999.84,64999.74,64999.64,64999.53999999999,64999.439999999995,64999.34]",65000.24,"[0.001,0.002,0.003,0.004,0.005,0.006,0.007,0.008,0.009000000000000001,0.01]",0.001,2034,mock,InstrumentType.Spot,613743296,mock,BTC-USDT
2199944884,0,0,1783610796542527985,101,depth,"[65000.45,65000.549999999996,65000.65,65000.75,65000.85,65000.95,65001.049999999996,65001.15,65001.25,65001.35]",65000.45,"[0.001,0.002,0.003,0.004,0.005,0.006,0.007,0.008,0.009000000000000001,0.01]",0.001,"[65000.25,65000.15,65000.049999999996,64999.95,64999.85,64999.75,64999.65,64999.549999999996,64999.45,64999.35]",65000.25,"[0.001,0.002,0.003,0.004,0.005,0.006,0.007,0.008,0.009000000000000001,0.01]",0.001,2035,mock,InstrumentType.Spot,613743856,mock,BTC-USDT
2199944884,0,0,1783610796542828113,101,depth,"[65000.46,65000.56,65000.66,65000.76,65000.86,65000.96,65001.06,65001.16,65001.26,65001.36]",65000.46,"[0.001,0.002,0.003,0.004,0.005,0.006,0.007,0.008,0.009000000000000001,0.01]",0.001,"[65000.26,65000.16,65000.06,64999.96,64999.86,64999.76,64999.66,64999.56,64999.46,64999.36]",65000.26,"[0.001,0.002,0.003,0.004,0.005,0.006,0.007,0.008,0.009000000000000001,0.01]",0.001,2036,mock,InstrumentType.Spot,613744416,mock,BTC-USDT
2199944884,0,0,1783610796543129256,101,depth,"[65000.47,65000.57,65000.670000000006,65000.770000000004,65000.87,65000.97,65001.07,65001.170000000006,65001.270000000004,65001.37]",65000.47,"[0.001,0.002,0.003,0.004,0.005,0.006,0.007,0.008,0.009000000000000001,0.01]",0.001,"[65000.270000000004,65000.170000000006,65000.07,64999.97,64999.87,64999.770000000004,64999.670000000006,64999.57,64999.47,64999.37]",65000.270000000004,"[0.001,0.002,0.003,0.004,0.005,0.006,0.007,0.008,0.009000000000000001,0.01]",0.001,2037,mock,InstrumentType.Spot,613744976,mock,BTC-USDT
2199944884,0,0,1783610796543428342,101,depth,"[65000.479999999996,65000.579999999994,65000.68,65000.78,65000.88,65000.979999999996,65001.079999999994,65001.18,65001.28,65001.38]",65000.479999999996,"[0.001,0.002,0.003,0.004,0.005,0.006,0.007,0.008,0.009000000000000001,0.01]",0.001,"[65000.28,65000.18,65000.079999999994,64999.979999999996,64999.88,64999.78,64999.68,64999.579999999994,64999.479999999996,64999.38]",65000.28,"[0.001,0.002,0.003,0.004,0.005,0.006,0.007,0.008,0.009000000000000001,0.01]",0.001,2038,mock,InstrumentType.Spot,613745536,mock,BTC-USDT
2199944884,0,0,1783610796543728375,101,depth,"[65000.49,65000.59,65000.69,65000.79,65000.89,65000.99,65001.09,65001.19,65001.29,65001.39]",65000.49,"[0.001,0.002,0.003,0.004,0.005,0.006,0.007,0.008,0.009000000000000001,0.01]",0.001,"[65000.29,65000.19,65000.09,64999.99,64999.89,64999.79,64999.69,64999.59,64999.49,64999.39]",65000.29,"[0.001,0.002,0.003,0.004,0.005,0.006,0.007,0.008,0.009000000000000001,0.01]",0.001,2039,mock,InstrumentType.Spot,613746096,mock,BTC-USDT
2199944884,0,0,1783610796544028525,101,depth,"[65000.5,65000.6,65000.700000000004,65000.8,65000.9,65001.0,65001.1,65001.200000000004,65001.3,65001.4]",65000.5,"[0.001,0.002,0.003,0.004,0.005,0.006,0.007,0.008,0.009000000000000001,0.01]",0.001,"[65000.3,65000.200000000004,65000.1,65000.0,64999.9,64999.8,64999.700000000004,64999.6,64999.5,64999.4]",65000.3,"[0.001,0.002,0.003,0.004,0.005,0.006,0.007,0.008,0.009000000000000001,0.01]",0.001,2040,mock,InstrumentType.Spot,613746656,mock,BTC-USDT
2199944884,0,0,1783610796544328413,101,depth,"[65000.51,65000.61,65000.71000000001,65000.810000000005,65000.91,65001.01,65001.11,65001.21000000001,65001.310000000005,65001.41]",65000.51,"[0.001,0.002,0.003,0.004,0.005,0.006,0.007,0.008,0.009000000000000001,0.01]",0.001,"[65000.310000000005,65000.21000000001,65000.11,65000.01,64999.91,64999.810000000005,64999.71000000001,64999.61,64999.51,64999.41]",65000.310000000005,"[0.001,0.002,0.003,0.004,0.005,0.006,0.007,0.008,0.009000000000000001,0.01]",0.001,2041,mock,InstrumentType.Spot,613747216,mock,BTC-USDT
2199944884,0,0,1783610796544628422,101,depth,"[65000.52,65000.619999999995,65000.72,65000.82,65000.92,65001.02,65001.119999999995,65001.22,65001.32,65001.42]",65000.52,"[0.001,0.002,0.003,0.004,0.005,0.006,0.007,0.008,0.009000000000000001,0.01]",0.001,"[65000.32,65000.22,65000.119999999995,65000.02,64999.92,64999.82,64999.72,64999.619999999995,64999.52,64999.42]",65000.32,"[0.001,0.002,0.003,0.004,0.005,0.006,0.007,0.008,0.009000000000000001,0.01]",0.001,2042,mock,InstrumentType.Spot,613747776,mock,BTC-USDT
2199944884,0,0,1783610796544938745,101,depth,"[65000.53,65000.63,65000.73,65000.83,65000.93,65001.03,65001.13,65001.23,65001.33,65001.43]",65000.53,"[0.001,0.002,0.003,0.004,0.005,0.006,0.007,0.008,0.009000000000000001,0.01]",0.001,"[65000.33,65000.23,65000.13,65000.03,64999.93,64999.83,64999.73,64999.63,64999.53,64999.43]",65000.33,"[0.001,0.002,0.003,0.004,0.005,0.006,0.007,0.008,0.009000000000000001,0.01]",0.001,2043,mock,InstrumentType.Spot,613748336,mock,BTC-USDT
2199944884,0,0,1783610796545228472,101,depth,"[65000.54,65000.64,65000.740000000005,65000.840000000004,65000.94,65001.04,65001.14,65001.240000000005,65001.340000000004,65001.44]",65000.54,"[0.001,0.002,0.003,0.004,0.005,0.006,0.007,0.008,0.009000000000000001,0.01]",0.001,"[65000.340000000004,65000.240000000005,65000.14,65000.04,64999.94,64999.840000000004,64999.740000000005,64999.64,64999.54,64999.44]",65000.340000000004,"[0.001,0.002,0.003,0.004,0.005,0.006,0.007,0.008,0.009000000000000001,0.01]",0.001,2044,mock,InstrumentType.Spot,613748896,mock,BTC-USDT
2199944884,0,0,1783610796545528313,101,depth,"[65000.549999999996,65000.649999999994,65000.75,65000.85,65000.95,65001.049999999996,65001.149999999994,65001.25,65001.35,65001.45]",65000.549999999996,"[0.001,0.002,0.003,0.004,0.005,0.006,0.007,0.008,0.009000000000000001,0.01]",0.001,"[65000.35,65000.25,65000.149999999994,65000.049999999996,64999.95,64999.85,64999.75,64999.649999999994,64999.549999999996,64999.45]",65000.35,"[0.001,0.002,0.003,0.004,0.005,0.006,0.007,0.008,0.009000000000000001,0.01]",0.001,2045,mock,InstrumentType.Spot,613749456,mock,BTC-USDT
2199944884,0,0,1783610796545828218,101,depth,"[65000.56,65000.659999999996,65000.76,65000.86,65000.96,65001.06,65001.159999999996,65001.26,65001.36,65001.46]",65000.56,"[0.001,0.002,0.003,0.004,0.005,0.006,0.007,0.008,0.009000000000000001,0.01]",0.001,"[65000.36,65000.26,65000.159999999996,65000.06,64999.96,64999.86,64999.76,64999.659999999996,64999.56,64999.46]",65000.36,"[0.001,0.002,0.003,0.004,0.005,0.006,0.007,0.008,0.009000000000000001,0.01]",0.001,2046,mock,InstrumentType.Spot,613750016,mock,BTC-USDT
2199944884,0,0,1783610796546128162,101,depth,"[65000.57,65000.67,65000.770000000004,65000.87,65000.97,65001.07,65001.17,65001.270000000004,65001.37,65001.47]",65000.57,"[0.001,0.002,0.003,0.004,0.005,0.006,0.007,0.008,0.009000000000000001,0.01]",0.001,"[65000.37,65000.270000000004,65000.17,65000.07,64999.97,64999.87,64999.770000000004,64999.67,64999.57,64999.47]",65000.37,"[0.001,0.002,0.003,0.004,0.005,0.006,0.007,0.008,0.009000000000000001,0.01]",0.001,2047,mock,InstrumentType.Spot,613882144,mock,BTC-USDT
2199944884,0,0,1783610796546428277,101,depth,"[65000.58,65000.68,65000.780000000006,65000.880000000005,65000.98,65001.08,65001.18,65001.280000000006,65001.380000000005,65001.48]",65000.58,"[0.001,0.002,0.003,0.004,0.005,0.006,0.007,0.008,0.009000000000000001,0.01]",0.001,"[65000.380000000005,65000.280000000006,65000.18,65000.08,64999.98,64999.880000000005,64999.780000000006,64999.68,64999.58,64999.48]",65000.380000000005,"[0.001,0.002,0.003,0.004,0.005,0.006,0.007,0.008,0.009000000000000001,0.01]",0.001,2048,mock,InstrumentType.Spot,613882704,mock,BTC-USDT
2199944884,0,0,1783610796546727831,101,depth,"[65000.59,65000.689999999995,65000.79,65000.89,65000.99,65001.09,65001.189999999995,65001.29,65001.39,65001.49]",65000.59,"[0.001,0.002,0.003,0.004,0.005,0.006,0.007,0.008,0.009000000000000001,0.01]",0.001,"[65000.39,65000.29,65000.189999999995,65000.09,64999.99,64999.89,64999.79,64999.689999999995,64999.59,64999.49]",65000.39,"[0.001,0.002,0.003,0.004,0.005,0.006,0.007,0.008,0.009000000000000001,0.01]",0.001,2049,mock,InstrumentType.Spot,613883264,mock,BTC-USDT
2199944884,0,0,1783610796547027990,101,depth,"[65000.6,65000.7,65000.8,65000.9,65001.0,65001.1,65001.2,65001.3,65001.4,65001.5]",65000.6,"[0.001,0.002,0.003,0.004,0.005,0.006,0.007,0.008,0.009000000000000001,0.01]",0.001,"[65000.4,65000.3,65000.2,65000.1,65000.0,64999.9,64999.8,64999.7,64999.6,64999.5]",65000.4,"[0.001,0.002,0.003,0.004,0.005,0.006,0.007,0.008,0.009000000000000001,0.01]",0.001,2050,mock,InstrumentType.Spot,613883824,mock,BTC-USDT
2199944884,0,0,1783610796547328006,101,depth,"[65000.61,65000.71,65000.810000000005,65000.91,65001.01,65001.11,65001.21,65001.310000000005,65001.41,65001.51]",65000.61,"[0.001,0.002,0.003,0.004,0.005,0.006,0.007,0.008,0.009000000000000001,0.01]",0.001,"[65000.41,65000.310000000005,65000.21,65000.11,65000.01,64999.91,64999.810000000005,64999.71,64999.61,64999.51]",65000.41,"[0.001,0.002,0.003,0.004,0.005,0.006,0.007,0.008,0.009000000000000001,0.01]",0.001,2051,mock,InstrumentType.Spot,613884384,mock,BTC-USDT
2199944884,0,0,1783610796547627925,101,depth,"[65000.619999999995,65000.719999999994,65000.82,65000.92,65001.02,65001.119999999995,65001.219999999994,65001.32,65001.42,65001.52]",65000.619999999995,"[0.001,0.002,0.003,0.004,0.005,0.006,0.007,0.008,0.009000000000000001,0.01]",0.001,"[65000.42,65000.32,65000.219999999994,65000.119999999995,65000.02,64999.92,64999.82,64999.719999999994,64999.619999999995,64999.52]",65000.42,"[0.001,0.002,0.003,0.004,0.005,0.006,0.007,0.008,0.009000000000000001,0.01]",0.001,2052,mock,InstrumentType.Spot,613884944,mock,BTC-USDT
2199944884,0,0,1783610796547933381,101,depth,"[65000.63,65000.729999999996,65000.83,65000.93,65001.03,65001.13,65001.229999999996,65001.33,65001.43,65001.53]",65000.63,"[0.001,0.002,0.003,0.004,0.005,0.006,0.007,0.008,0.009000000000000001,0.01]",0.001,"[65000.43,65000.33,65000.229999999996,65000.13,65000.03,64999.93,64999.83,64999.729999999996,64999.63,64999.53]",65000.43,"[0.001,0.002,0.003,0.004,0.005,0.006,0.007,0.008,0.009000000000000001,0.01]",0.001,2053,mock,InstrumentType.Spot,613885504,mock,BTC-USDT
2199944884,0,0,1783610796548228066,101,depth,"[65000.64,65000.74,65000.840000000004,65000.94,65001.04,65001.14,65001.24,65001.340000000004,65001.44,65001.54]",65000.64,"[0.001,0.002,0.003,0.004,0.005,0.006,0.007,0.008,0.009000000000000001,0.01]",0.001,"[65000.44,65000.340000000004,65000.24,65000.14,65000.04,64999.94,64999.840000000004,64999.74,64999.64,64999.54]",65000.44,"[0.001,0.002,0.003,0.004,0.005,0.006,0.007,0.008,0.009000000000000001,0.01]",0.001,2054,mock,InstrumentType.Spot,613886064,mock,BTC-USDT
2199944884,0,0,1783610796548527971,101,depth,"[65000.65,65000.75,65000.850000000006,65000.950000000004,65001.05,65001.15,65001.25,65001.350000000006,65001.450000000004,65001.55]",65000.65,"[0.001,0.002,0.003,0.004,0.005,0.006,0.007,0.008,0.009000000000000001,0.01]",0.001,"[65000.450000000004,65000.350000000006,65000.25,65000.15,65000.05,64999.950000000004,64999.850000000006,64999.75,64999.65,64999.55]",65000.450000000004,"[0.001,0.002,0.003,0.004,0.005,0.006,0.007,0.008,0.009000000000000001,0.01]",0.001,2055,mock,InstrumentType.Spot,613886624,mock,BTC-USDT
2199944884,0,0,1783610796548827874,101,depth,"[65000.659999999996,65000.759999999995,65000.86,65000.96,65001.06,65001.159999999996,65001.259999999995,65001.36,65001.46,65001.56]",65000.659999999996,"[0.001,0.002,0.003,0.004,0.005,0.006,0.007,0.008,0.009000000000000001,0.01]",0.001,"[65000.46,65000.36,65000.259999999995,65000.159999999996,65000.06,64999.96,64999.86,64999.759999999995,64999.659999999996,64999.56]",65000.46,"[0.001,0.002,0.003,0.004,0.005,0.006,0.007,0.008,0.009000000000000001,0.01]",0.001,2056,mock,InstrumentType.Spot,613887184,mock,BTC-USDT
2199944884,0,0,1783610796549127914,101,depth,"[65000.67,65000.77,65000.87,65000.97,65001.07,65001.17,65001.27,65001.37,65001.47,65001.57]",65000.67,"[0.001,0.002,0.003,0.004,0.005,0.006,0.007,0.008,0.009000000000000001,0.01]",0.001,"[65000.47,65000.37,65000.27,65000.17,65000.07,64999.97,64999.87,64999.77,64999.67,64999.57]",65000.47,"[0.001,0.002,0.003,0.004,0.005,0.006,0.007,0.008,0.009000000000000001,0.01]",0.001,2057,mock,InstrumentType.Spot,613887744,mock,BTC-USDT
2199944884,0,0,1783610796549427902,101,depth,"[65000.68,65000.78,65000.880000000005,65000.98,65001.08,65001.18,65001.28,65001.380000000005,65001.48,65001.58]",65000.68,"[0.001,0.002,0.003,0.004,0.005,0.006,0.007,0.008,0.009000000000000001,0.01]",0.001,"[65000.48,65000.380000000005,65000.28,65000.18,65000.08,64999.98,64999.880000000005,64999.78,64999.68,64999.58]",65000.48,"[0.001,0.002,0.003,0.004,0.005,0.006,0.007,0.008,0.009000000000000001,0.01]",0.001,2058,mock,InstrumentType.Spot,613888304,mock,BTC-USDT
2199944884,0,0,1783610796549727964,101,depth,"[65000.689999999995,65000.78999999999,65000.89,65000.99,65001.09,65001.189999999995,65001.28999999999,65001.39,65001.49,65001.59]",65000.689999999995,"[0.001,0.002,0.003,0.004,0.005,0.006,0.007,0.008,0.009000000000000001,0.01]",0.001,"[65000.49,65000.39,65000.28999999999,65000.189999999995,65000.09,64999.99,64999.89,64999.78999999999,64999.689999999995,64999.59]",65000.49,"[0.001,0.002,0.003,0.004,0.005,0.006,0.007,0.008,0.009000000000000001,0.01]",0.001,2059,mock,InstrumentType.Spot,613888864,mock,BTC-USDT
2199944884,0,0,1783610796550028028,101,depth,"[65000.7,65000.799999999996,65000.9,65001.0,65001.1,65001.2,65001.299999999996,65001.4,65001.5,65001.6]",65000.7,"[0.001,0.002,0.003,0.004,0.005,0.006,0.007,0.008,0.009000000000000001,0.01]",0.001,"[65000.5,65000.4,65000.299999999996,65000.2,65000.1,65000.0,64999.9,64999.799999999996,64999.7,64999.6]",65000.5,"[0.001,0.002,0.003,0.004,0.005,0.006,0.007,0.008,0.009000000000000001,0.01]",0.001,2060,mock,InstrumentType.Spot,613889424,mock,BTC-USDT
2199944884,0,0,1783610796550328118,101,depth,"[65000.71,65000.81,65000.91,65001.01,65001.11,65001.21,65001.31,65001.41,65001.51,65001.61]",65000.71,"[0.001,0.002,0.003,0.004,0.005,0.006,0.007,0.008,0.009000000000000001,0.01]",0.001,"[65000.51,65000.41,65000.31,65000.21,65000.11,65000.01,64999.91,64999.81,64999.71,64999.61]",65000.51,"[0.001,0.002,0.003,0.004,0.005,0.006,0.007,0.008,0.009000000000000001,0.01]",0.001,2061,mock,InstrumentType.Spot,613889984,mock,BTC-USDT
2199944884,0,0,1783610796550627918,101,depth,"[65000.72,65000.82,65000.920000000006,65001.020000000004,65001.12,65001.22,65001.32,65001.420000000006,65001.520000000004,65001.62]",65000.72,"[0.001,0.002,0.003,0.004,0.005,0.006,0.007,0.008,0.009000000000000001,0.01]",0.001,"[65000.520000000004,65000.420000000006,65000.32,65000.22,65000.12,65000.020000000004,64999.920000000006,64999.82,64999.72,64999.62]",65000.520000000004,"[0.001,0.002,0.003,0.004,0.005,0.006,0.007,0.008,0.009000000000000001,0.01]",0.001,2062,mock,InstrumentType.Spot,613890544,mock,BTC-USDT
2199944884,0,0,1783610796550933192,101,depth,"[65000.729999999996,65000.829999999994,65000.93,65001.03,65001.13,65001.229999999996,65001.329999999994,65001.43,65001.53,65001.63]",65000.729999999996,"[0.001,0.002,0.003,0.004,0.005,0.006,0.007,0.008,0.009000000000000001,0.01]",0.001,"[65000.53,65000.43,65000.329999999994,65000.229999999996,65000.13,65000.03,64999.93,64999.829999999994,64999.729999999996,64999.63]",65000.53,"[0.001,0.002,0.003,0.004,0.005,0.006,0.007,0.008,0.009000000000000001,0.01]",0.001,2063,mock,InstrumentType.Spot,613891104,mock,BTC-USDT
2199944884,0,0,1783610796551228210,101,depth,"[65000.74,65000.84,65000.94,65001.04,65001.14,65001.24,65001.34,65001.44,65001.54,65001.64]",65000.74,"[0.001,0.002,0.003,0.004,0.005,0.006,0.007,0.008,0.009000000000000001,0.01]",0.001,"[65000.54,65000.44,65000.34,65000.24,65000.14,65000.04,64999.94,64999.84,64999.74,64999.64]",65000.54,"[0.001,0.002,0.003,0.004,0.005,0.006,0.007,0.008,0.009000000000000001,0.01]",0.001,2064,mock,InstrumentType.Spot,613891664,mock,BTC-USDT
2199944884,0,0,1783610796551528055,101,depth,"[65000.75,65000.85,65000.950000000004,65001.05,65001.15,65001.25,65001.35,65001.450000000004,65001.55,65001.65]",65000.75,"[0.001,0.002,0.003,0.004,0.005,0.006,0.007,0.008,0.009000000000000001,0.01]",0.001,"[65000.55,65000.450000000004,65000.35,65000.25,65000.15,65000.05,64999.950000000004,64999.85,64999.75,64999.65]",65000.55,"[0.001,0.002,0.003,0.004,0.005,0.006,0.007,0.008,0.009000000000000001,0.01]",0.001,2065,mock,InstrumentType.Spot,613892224,mock,BTC-USDT
2199944884,0,0,1783610796551827938,101,depth,"[65000.76,65000.86,65000.96000000001,65001.060000000005,65001.16,65001.26,65001.36,65001.46000000001,65001.560000000005,65001.66]",65000.76,"[0.001,0.002,0.003,0.004,0.005,0.006,0.007,0.008,0.009000000000000001,0.01]",0.001,"[65000.560000000005,65000.46000000001,65000.36,65000.26,65000.16,65000.060000000005,64999.96000000001,64999.86,64999.76,64999.66]",65000.560000000005,"[0.001,0.002,0.003,0.004,0.005,0.006,0.007,0.008,0.009000000000000001,0.01]",0.001,2066,mock,InstrumentType.Spot,613892784,mock,BTC-USDT
2199944884,0,0,1783610796552128224,101,depth,"[65000.77,65000.869999999995,65000.97,65001.07,65001.17,65001.27,65001.369999999995,65001.47,65001.57,65001.67]",65000.77,"[0.001,0.002,0.003,0.004,0.005,0.006,0.007,0.008,0.009000000000000001,0.01]",0.001,"[65000.57,65000.47,65000.369999999995,65000.27,65000.17,65000.07,64999.97,64999.869999999995,64999.77,64999.67]",65000.57,"[0.001,0.002,0.003,0.004,0.005,0.006,0.007,0.008,0.009000000000000001,0.01]",0.001,2067,mock,InstrumentType.Spot,613893344,mock,BTC-USDT
2199944884,0,0,1783610796552428037,101,depth,"[65000.78,65000.88,65000.98,65001.08,65001.18,65001.28,65001.38,65001.48,65001.58,65001.68]",65000.78,"[0.001,0.002,0.003,0.004,0.005,0.006,0.007,0.008,0.009000000000000001,0.01]",0.001,"[65000.58,65000.48,65000.38,65000.28,65000.18,65000.08,64999.98,64999.88,64999.78,64999.68]",65000.58,"[0.001,0.002,0.003,0.004,0.005,0.006,0.007,0.008,0.009000000000000001,0.01]",0.001,2068,mock,InstrumentType.Spot,613893904,mock,BTC-USDT
2199944884,0,0,1783610796552727944,101,depth,"[65000.79,65000.89,65000.990000000005,65001.090000000004,65001.19,65001.29,65001.39,65001.490000000005,65001.590000000004,65001.69]",65000.79,"[0.001,0.002,0.003,0.004,0.005,0.006,0.007,0.008,0.009000000000000001,0.01]",0.001,"[65000.590000000004,65000.490000000005,65000.39,65000.29,65000.19,65000.090000000004,64999.990000000005,64999.89,64999.79,64999.69]",65000.590000000004,"[0.001,0.002,0.003,0.004,0.005,0.006,0.007,0.008,0.009000000000000001,0.01]",0.001,2069,mock,InstrumentType.Spot,613894464,mock,BTC-USDT
2199944884,0,0,1783610796553027871,101,depth,"[65000.799999999996,65000.899999999994,65001.0,65001.1,65001.2,65001.299999999996,65001.399999999994,65001.5,65001.6,65001.7]",65000.799999999996,"[0.001,0.002,0.003,0.004,0.005,0.006,0.007,0.008,0.009000000000000001,0.01]",0.001,"[65000.6,65000.5,65000.399999999994,65000.299999999996,65000.2,65000.1,65000.0,64999.899999999994,64999.799999999996,64999.7]",65000.6,"[0.001,0.002,0.003,0.004,0.005,0.006,0.007,0.008,0.009000000000000001,0.01]",0.001,2070,mock,InstrumentType.Spot,613895024,mock,BTC-USDT
2199944884,0,0,1783610796553327852,101,depth,"[65000.81,65000.909999999996,65001.01,65001.11,65001.21,65001.31,65001.409999999996,65001.51,65001.61,65001.71]",65000.81,"[0.001,0.002,0.003,0.004,0.005,0.006,0.007,0.008,0.009000000000000001,0.01]",0.001,"[65000.61,65000.51,65000.409999999996,65000.31,65000.21,65000.11,65000.01,64999.909999999996,64999.81,64999.71]",65000.61,"[0.001,0.002,0.003,0.004,0.005,0.006,0.007,0.008,0.009000000000000001,0.01]",0.001,2071,mock,InstrumentType.Spot,613895584,mock,BTC-USDT
2199944884,0,0,1783610796553634481,101,depth,"[65000.82,65000.92,65001.020000000004,65001.12,65001.22,65001.32,65001.42,65001.520000000004,65001.62,65001.72]",65000.82,"[0.001,0.002,0.003,0.004,0.005,0.006,0.007,0.008,0.009000000000000001,0.01]",0.001,"[65000.62,65000.520000000004,65000.42,65000.32,65000.22,65000.12,65000.020000000004,64999.92,64999.82,64999.72]",65000.62,"[0.001,0.002,0.003,0.004,0.005,0.006,0.007,0.008,0.009000000000000001,0.01]",0.001,2072,mock,InstrumentType.Spot,613896144,mock,BTC-USDT
2199944884,0,0,1783610796553927738,101,depth,"[65000.83,65000.93,65001.030000000006,65001.130000000005,65001.23,65001.33,65001.43,65001.530000000006,65001.630000000005,65001.73]",65000.83,"[0.001,0.002,0.003,0.004,0.005,0.006,0.007,0.008,0.009000000000000001,0.01]",0.001,"[65000.630000000005,65000.530000000006,65000.43,65000.33,65000.23,65000.130000000005,65000.030000000006,64999.93,64999.83,64999.73]",65000.630000000005,"[0.001,0.002,0.003,0.004,0.005,0.006,0.007,0.008,0.009000000000000001,0.01]",0.001,2073,mock,InstrumentType.Spot,613896704,mock,BTC-USDT
2199944884,0,0,1783610796554227756,101,depth,"[65000.84,65000.939999999995,65001.04,65001.14,65001.24,65001.34,65001.439999999995,65001.54,65001.64,65001.74]",65000.84,"[0.001,0.002,0.003,0.004,0.005,0.006,0.007,0.008,0.009000000000000001,0.01]",0.001,"[65000.64,65000.54,65000.439999999995,65000.34,65000.24,65000.14,65000.04,64999.939999999995,64999.84,64999.74]",65000.64,"[0.001,0.002,0.003,0.004,0.005,0.006,0.007,0.008,0.009000000000000001,0.01]",0.001,2074,mock,InstrumentType.Spot,613897264,mock,BTC-USDT
2199944884,0,0,1783610796554527691,101,depth,"[65000.85,65000.95,65001.05,65001.15,65001.25,65001.35,65001.45,65001.55,65001.65,65001.75]",65000.85,"[0.001,0.002,0.003,0.004,0.005,0.006,0.007,0.008,0.009000000000000001,0.01]",0.001,"[65000.65,65000.55,65000.45,65000.35,65000.25,65000.15,65000.05,64999.95,64999.85,64999.75]",65000.65,"[0.001,0.002,0.003,0.004,0.005,0.006,0.007,0.008,0.009000000000000001,0.01]",0.001,2075,mock,InstrumentType.Spot,613897824,mock,BTC-USDT
2199944884,0,0,1783610796554827672,101,depth,"[65000.86,65000.96,65001.060000000005,65001.16,65001.26,65001.36,65001.46,65001.560000000005,65001.66,65001.76]",65000.86,"[0.001,0.002,0.003,0.004,0.005,0.006,0.007,0.008,0.009000000000000001,0.01]",0.001,"[65000.66,65000.560000000005,65000.46,65000.36,65000.26,65000.16,65000.060000000005,64999.96,64999.86,64999.76]",65000.66,"[0.001,0.002,0.003,0.004,0.005,0.006,0.007,0.008,0.009000000000000001,0.01]",0.001,2076,mock,InstrumentType.Spot,613898384,mock,BTC-USDT
2199944884,0,0,1783610796555127734,101,depth,"[65000.869999999995,65000.969999999994,65001.07,65001.17,65001.27,65001.369999999995,65001.469999999994,65001.57,65001.67,65001.77]",65000.869999999995,"[0.001,0.002,0.003,0.004,0.005,0.006,0.007,0.008,0.009000000000000001,0.01]",0.001,"[65000.67,65000.57,65000.469999999994,65000.369999999995,65000.27,65000.17,65000.07,64999.969999999994,64999.869999999995,64999.77]",65000.67,"[0.001,0.002,0.003,0.004,0.005,0.006,0.007,0.008,0.009000000000000001,0.01]",0.001,2077,mock,InstrumentType.Spot,613898944,mock,BTC-USDT
2199944884,0,0,1783610796555427645,101,depth,"[65000.88,65000.979999999996,65001.08,65001.18,65001.28,65001.38,65001.479999999996,65001.58,65001.68,65001.78]",65000.88,"[0.001,0.002,0.003,0.004,0.005,0.006,0.007,0.008,0.009000000000000001,0.01]",0.001,"[65000.68,65000.58,65000.479999999996,65000.38,65000.28,65000.18,65000.08,64999.979999999996,64999.88,64999.78]",65000.68,"[0.001,0.002,0.003,0.004,0.005,0.006,0.007,0.008,0.009000000000000001,0.01]",0.001,2078,mock,InstrumentType.Spot,613899504,mock,BTC-USDT
2199944884,0,0,1783610796555727603,101,depth,"[65000.89,65000.99,65001.090000000004,65001.19,65001.29,65001.39,65001.49,65001.590000000004,65001.69,65001.79]",65000.89,"[0.001,0.002,0.003,0.004,0.005,0.006,0.007,0.008,0.009000000000000001,0.01]",0.001,"[65000.69,65000.590000000004,65000.49,65000.39,65000.29,65000.19,65000.090000000004,64999.99,64999.89,64999.79]",65000.69,"[0.001,0.002,0.003,0.004,0.005,0.006,0.007,0.008,0.009000000000000001,0.01]",0.001,2079,mock,InstrumentType.Spot,613900064,mock,BTC-USDT
2199944884,0,0,1783610796556027782,101,depth,"[65000.9,65001.0,65001.100000000006,65001.200000000004,65001.3,65001.4,65001.5,65001.600000000006,65001.700000000004,65001.8]",65000.9,"[0.001,0.002,0.003,0.004,0.005,0.006,0.007,0.008,0.009000000000000001,0.01]",0.001,"[65000.700000000004,65000.600000000006,65000.5,65000.4,65000.3,65000.200000000004,65000.100000000006,65000.0,64999.9,64999.8]",65000.700000000004,"[0.001,0.002,0.003,0.004,0.005,0.006,0.007,0.008,0.009000000000000001,0.01]",0.001,2080,mock,InstrumentType.Spot,613900624,mock,BTC-USDT
2199944884,0,0,1783610796556327619,101,depth,"[65000.909999999996,65001.009999999995,65001.11,65001.21,65001.31,65001.409999999996,65001.509999999995,65001.61,65001.71,65001.81]",65000.909999999996,"[0.001,0.002,0.003,0.004,0.005,0.006,0.007,0.008,0.009000000000000001,0.01]",0.001,"[65000.71,65000.61,65000.509999999995,65000.409999999996,65000.31,65000.21,65000.11,65000.009999999995,64999.909999999996,64999.81]",65000.71,"[0.001,0.002,0.003,0.004,0.005,0.006,0.007,0.008,0.009000000000000001,0.01]",0.001,2081,mock,InstrumentType.Spot,613901184,mock,BTC-USDT
2199944884,0,0,1783610796556632356,101,depth,"[65000.92,65001.02,65001.12,65001.22,65001.32,65001.42,65001.52,65001.62,65001.72,65001.82]",65000.92,"[0.001,0.002,0.003,0.004,0.005,0.006,0.007,0.008,0.009000000000000001,0.01]",0.001,"[65000.72,65000.62,65000.52,65000.42,65000.32,65000.22,65000.12,65000.02,64999.92,64999.82]",65000.72,"[0.001,0.002,0.003,0.004,0.005,0.006,0.007,0.008,0.009000000000000001,0.01]",0.001,2082,mock,InstrumentType.Spot,613901744,mock,BTC-USDT
2199944884,0,0,1783610796556927662,101,depth,"[65000.93,65001.03,65001.130000000005,65001.23,65001.33,65001.43,65001.53,65001.630000000005,65001.73,65001.83]",65000.93,"[0.001,0.002,0.003,0.004,0.005,0.006,0.007,0.008,0.009000000000000001,0.01]",0.001,"[65000.73,65000.630000000005,65000.53,65000.43,65000.33,65000.23,65000.130000000005,65000.03,64999.93,64999.83]",65000.73,"[0.001,0.002,0.003,0.004,0.005,0.006,0.007,0.008,0.009000000000000001,0.01]",0.001,2083,mock,InstrumentType.Spot,613902304,mock,BTC-USDT
2199944884,0,0,1783610796557227825,101,depth,"[65000.939999999995,65001.03999999999,65001.14,65001.24,65001.34,65001.439999999995,65001.53999999999,65001.64,65001.74,65001.84]",65000.939999999995,"[0.001,0.002,0.003,0.004,0.005,0.006,0.007,0.008,0.009000000000000001,0.01]",0.001,"[65000.74,65000.64,65000.53999999999,65000.439999999995,65000.34,65000.24,65000.14,65000.03999999999,64999.939999999995,64999.84]",65000.74,"[0.001,0.002,0.003,0.004,0.005,0.006,0.007,0.008,0.009000000000000001,0.01]",0.001,2084,mock,InstrumentType.Spot,613902864,mock,BTC-USDT
2199944884,0,0,1783610796557527560,101,depth,"[65000.95,65001.049999999996,65001.15,65001.25,65001.35,65001.45,65001.549999999996,65001.65,65001.75,65001.85]",65000.95,"[0.001,0.002,0.003,0.004,0.005,0.006,0.007,0.008,0.009000000000000001,0.01]",0.001,"[65000.75,65000.65,65000.549999999996,65000.45,65000.35,65000.25,65000.15,65000.049999999996,64999.95,64999.85]",65000.75,"[0.001,0.002,0.003,0.004,0.005,0.006,0.007,0.008,0.009000000000000001,0.01]",0.001,2085,mock,InstrumentType.Spot,613903424,mock,BTC-USDT
2199944884,0,0,1783610796557827860,101,depth,"[65000.96,65001.06,65001.16,65001.26,65001.36,65001.46,65001.56,65001.66,65001.76,65001.86]",65000.96,"[0.001,0.002,0.003,0.004,0.005,0.006,0.007,0.008,0.009000000000000001,0.01]",0.001,"[65000.76,65000.66,65000.56,65000.46,65000.36,65000.26,65000.16,65000.06,64999.96,64999.86]",65000.76,"[0.001,0.002,0.003,0.004,0.005,0.006,0.007,0.008,0.009000000000000001,0.01]",0.001,2086,mock,InstrumentType.Spot,613903984,mock,BTC-USDT
2199944884,0,0,1783610796558127937,101,depth,"[65000.97,65001.07,65001.170000000006,65001.270000000004,65001.37,65001.47,65001.57,65001.670000000006,65001.770000000004,65001.87]",65000.97,"[0.001,0.002,0.003,0.004,0.005,0.006,0.007,0.008,0.009000000000000001,0.01]",0.001,"[65000.770000000004,65000.670000000006,65000.57,65000.47,65000.37,65000.270000000004,65000.170000000006,65000.07,64999.97,64999.87]",65000.770000000004,"[0.001,0.002,0.003,0.004,0.005,0.006,0.007,0.008,0.009000000000000001,0.01]",0.001,2087,mock,InstrumentType.Spot,613904544,mock,BTC-USDT
2199944884,0,0,1783610796558427685,101,depth,"[65000.979999999996,65001.079999999994,65001.18,65001.28,65001.38,65001.479999999996,65001.579999999994,65001.68,65001.78,65001.88]",65000.979999999996,"[0.001,0.002,0.003,0.004,0.005,0.006,0.007,0.008,0.009000000000000001,0.01]",0.001,"[65000.78,65000.68,65000.579999999994,65000.479999999996,65000.38,65000.28,65000.18,65000.079999999994,64999.979999999996,64999.88]",65000.78,"[0.001,0.002,0.003,0.004,0.005,0.006,0.007,0.008,0.009000000000000001,0.01]",0.001,2088,mock,InstrumentType.Spot,613905104,mock,BTC-USDT
2199944884,0,0,1783610796558736165,101,depth,"[65000.99,65001.09,65001.19,65001.29,65001.39,65001.49,65001.59,65001.69,65001.79,65001.89]",65000.99,"[0.001,0.002,0.003,0.004,0.005,0.006,0.007,0.008,0.009000000000000001,0.01]",0.001,"[65000.79,65000.69,65000.59,65000.49,65000.39,65000.29,65000.19,65000.09,64999.99,64999.89]",65000.79,"[0.001,0.002,0.003,0.004,0.005,0.006,0.007,0.008,0.009000000000000001,0.01]",0.001,2089,mock,InstrumentType.Spot,613905664,mock,BTC-USDT
2199944884,0,0,1783610796559028783,101,depth,"[65001.0,65001.1,65001.200000000004,65001.3,65001.4,65001.5,65001.6,65001.700000000004,65001.8,65001.9]",65001.0,"[0.001,0.002,0.003,0.004,0.005,0.006,0.007,0.008,0.009000000000000001,0.01]",0.001,"[65000.8,65000.700000000004,65000.6,65000.5,65000.4,65000.3,65000.200000000004,65000.1,65000.0,64999.9]",65000.8,"[0.001,0.002,0.003,0.004,0.005,0.006,0.007,0.008,0.009000000000000001,0.01]",0.001,2090,mock,InstrumentType.Spot,613906224,mock,BTC-USDT
2199944884,0,0,1783610796559336634,101,depth,"[65001.01,65001.11,65001.21000000001,65001.310000000005,65001.41,65001.51,65001.61,65001.71000000001,65001.810000000005,65001.91]",65001.01,"[0.001,0.002,0.003,0.004,0.005,0.006,0.007,0.008,0.009000000000000001,0.01]",0.001,"[65000.810000000005,65000.71000000001,65000.61,65000.51,65000.41,65000.310000000005,65000.21000000001,65000.11,65000.01,64999.91]",65000.810000000005,"[0.001,0.002,0.003,0.004,0.005,0.006,0.007,0.008,0.009000000000000001,0.01]",0.001,2091,mock,InstrumentType.Spot,613906784,mock,BTC-USDT
2199944884,0,0,1783610796559628420,101,depth,"[65001.02,65001.119999999995,65001.22,65001.32,65001.42,65001.52,65001.619999999995,65001.72,65001.82,65001.92]",65001.02,"[0.001,0.002,0.003,0.004,0.005,0.006,0.007,0.008,0.009000000000000001,0.01]",0.001,"[65000.82,65000.72,65000.619999999995,65000.52,65000.42,65000.32,65000.22,65000.119999999995,65000.02,64999.92]",65000.82,"[0.001,0.002,0.003,0.004,0.005,0.006,0.007,0.008,0.009000000000000001,0.01]",0.001,2092,mock,InstrumentType.Spot,613907344,mock,BTC-USDT
2199944884,0,0,1783610796559927605,101,depth,"[65001.03,65001.13,65001.23,65001.33,65001.43,65001.53,65001.63,65001.73,65001.83,65001.93]",65001.03,"[0.001,0.002,0.003,0.004,0.005,0.006,0.007,0.008,0.009000000000000001,0.01]",0.001,"[65000.83,65000.73,65000.63,65000.53,65000.43,65000.33,65000.23,65000.13,65000.03,64999.93]",65000.83,"[0.001,0.002,0.003,0.004,0.005,0.006,0.007,0.008,0.009000000000000001,0.01]",0.001,2093,mock,InstrumentType.Spot,613907904,mock,BTC-USDT
2199944884,0,0,1783610796560227702,101,depth,"[65001.04,65001.14,65001.240000000005,65001.340000000004,65001.44,65001.54,65001.64,65001.740000000005,65001.840000000004,65001.94]",65001.04,"[0.001,0.002,0.003,0.004,0.005,0.006,0.007,0.008,0.009000000000000001,0.01]",0.001,"[65000.840000000004,65000.740000000005,65000.64,65000.54,65000.44,65000.340000000004,65000.240000000005,65000.14,65000.04,64999.94]",65000.840000000004,"[0.001,0.002,0.003,0.004,0.005,0.006,0.007,0.008,0.009000000000000001,0.01]",0.001,2094,mock,InstrumentType.Spot,613908464,mock,BTC-USDT
2199944884,0,0,1783610796560527681,101,depth,"[65001.049999999996,65001.149999999994,65001.25,65001.35,65001.45,65001.549999999996,65001.649999999994,65001.75,65001.85,65001.95]",65001.049999999996,"[0.001,0.002,0.003,0.004,0.005,0.006,0.007,0.008,0.009000000000000001,0.01]",0.001,"[65000.85,65000.75,65000.649999999994,65000.549999999996,65000.45,65000.35,65000.25,65000.149999999994,65000.049999999996,64999.95]",65000.85,"[0.001,0.002,0.003,0.004,0.005,0.006,0.007,0.008,0.009000000000000001,0.01]",0.001,2095,mock,InstrumentType.Spot,613909024,mock,BTC-USDT
2199944884,0,0,1783610796560827827,101,depth,"[65001.06,65001.159999999996,65001.26,65001.36,65001.46,65001.56,65001.659999999996,65001.76,65001.86,65001.96]",65001.06,"[0.001,0.002,0.003,0.004,0.005,0.006,0.007,0.008,0.009000000000000001,0.01]",0.001,"[65000.86,65000.76,65000.659999999996,65000.56,65000.46,65000.36,65000.26,65000.159999999996,65000.06,64999.96]",65000.86,"[0.001,0.002,0.003,0.004,0.005,0.006,0.007,0.008,0.009000000000000001,0.01]",0.001,2096,mock,InstrumentType.Spot,613909584,mock,BTC-USDT
2199944884,0,0,1783610796561127711,101,depth,"[65001.07,65001.17,65001.270000000004,65001.37,65001.47,65001.57,65001.67,65001.770000000004,65001.87,65001.97]",65001.07,"[0.001,0.002,0.003,0.004,0.005,0.006,0.007,0.008,0.009000000000000001,0.01]",0.001,"[65000.87,65000.770000000004,65000.67,65000.57,65000.47,65000.37,65000.270000000004,65000.17,65000.07,64999.97]",65000.87,"[0.001,0.002,0.003,0.004,0.005,0.006,0.007,0.008,0.009000000000000001,0.01]",0.001,2097,mock,InstrumentType.Spot,613910144,mock,BTC-USDT
2199944884,0,0,1783610796561427723,101,depth,"[65001.08,65001.18,65001.280000000006,65001.380000000005,65001.48,65001.58,65001.68,65001.780000000006,65001.880000000005,65001.98]",65001.08,"[0.001,0.002,0.003,0.004,0.005,0.006,0.007,0.008,0.009000000000000001,0.01]",0.001,"[65000.880000000005,65000.780000000006,65000.68,65000.58,65000.48,65000.380000000005,65000.280000000006,65000.18,65000.08,64999.98]",65000.880000000005,"[0.001,0.002,0.003,0.004,0.005,0.006,0.007,0.008,0.009000000000000001,0.01]",0.001,2098,mock,InstrumentType.Spot,613910704,mock,BTC-USDT
2199944884,0,0,1783610796561727692,101,depth,"[65001.09,65001.189999999995,65001.29,65001.39,65001.49,65001.59,65001.689999999995,65001.79,65001.89,65001.99]",65001.09,"[0.001,0.002,0.003,0.004,0.005,0.006,0.007,0.008,0.009000000000000001,0.01]",0.001,"[65000.89,65000.79,65000.689999999995,65000.59,65000.49,65000.39,65000.29,65000.189999999995,65000.09,64999.99]",65000.89,"[0.001,0.002,0.003,0.004,0.005,0.006,0.007,0.008,0.009000000000000001,0.01]",0.001,2099,mock,InstrumentType.Spot,613911264,mock,BTC-USDT
2199944884,0,0,1783610796562027619,101,depth,"[65000.1,65000.2,65000.3,65000.4,65000.5,65000.6,65000.7,65000.8,65000.9,65001.0]",65000.1,"[0.001,0.002,0.003,0.004,0.005,0.006,0.007,0.008,0.009000000000000001,0.01]",0.001,"[64999.9,64999.8,64999.7,64999.6,64999.5,64999.4,64999.3,64999.2,64999.1,64999.0]",64999.9,"[0.001,0.002,0.003,0.004,0.005,0.006,0.007,0.008,0.009000000000000001,0.01]",0.001,2100,mock,InstrumentType.Spot,613911824,mock,BTC-USDT
2199944884,0,0,1783610796562333227,101,depth,"[65000.11,65000.21,65000.310000000005,65000.41,65000.51,65000.61,65000.71,65000.810000000005,65000.91,65001.01]",65000.11,"[0.001,0.002,0.003,0.004,0.005,0.006,0.007,0.008,0.009000000000000001,0.01]",0.001,"[64999.91,64999.810000000005,64999.71,64999.61,64999.51,64999.41,64999.310000000005,64999.21,64999.11,64999.01]",64999.91,"[0.001,0.002,0.003,0.004,0.005,0.006,0.007,0.008,0.009000000000000001,0.01]",0.001,2101,mock,InstrumentType.Spot,613912384,mock,BTC-USDT
2199944884,0,0,1783610796562627689,101,depth,"[65000.119999999995,65000.219999999994,65000.32,65000.42,65000.52,65000.619999999995,65000.719999999994,65000.82,65000.92,65001.02]",65000.119999999995,"[0.001,0.002,0.003,0.004,0.005,0.006,0.007,0.008,0.009000000000000001,0.01]",0.001,"[64999.92,64999.82,64999.719999999994,64999.619999999995,64999.52,64999.42,64999.32,64999.219999999994,64999.119999999995,64999.02]",64999.92,"[0.001,0.002,0.003,0.004,0.005,0.006,0.007,0.008,0.009000000000000001,0.01]",0.001,2102,mock,InstrumentType.Spot,613912944,mock,BTC-USDT
2199944884,0,0,1783610796562927761,101,depth,"[65000.13,65000.229999999996,65000.33,65000.43,65000.53,65000.63,65000.729999999996,65000.83,65000.93,65001.03]",65000.13,"[0.001,0.002,0.003,0.004,0.005,0.006,0.007,0.008,0.009000000000000001,0.01]",0.001,"[64999.93,64999.83,64999.729999999996,64999.63,64999.53,64999.43,64999.33,64999.229999999996,64999.13,64999.03]",64999.93,"[0.001,0.002,0.003,0.004,0.005,0.006,0.007,0.008,0.009000000000000001,0.01]",0.001,2103,mock,InstrumentType.Spot,613913504,mock,BTC-USDT
2199944884,0,0,1783610796563227911,101,depth,"[65000.14,65000.24,65000.340000000004,65000.44,65000.54,65000.64,65000.74,65000.840000000004,65000.94,65001.04]",65000.14,"[0.001,0.002,0.003,0.004,0.005,0.006,0.007,0.008,0.009000000000000001,0.01]",0.001,"[64999.94,64999.840000000004,64999.74,64999.64,64999.54,64999.44,64999.340000000004,64999.24,64999.14,64999.04]",64999.94,"[0.001,0.002,0.003,0.004,0.005,0.006,0.007,0.008,0.009000000000000001,0.01]",0.001,2104,mock,InstrumentType.Spot,613914064,mock,BTC-USDT
2199944884,0,0,1783610796563527647,101,depth,"[65000.15,65000.25,65000.350000000006,65000.450000000004,65000.55,65000.65,65000.75,65000.850000000006,65000.950000000004,65001.05]",65000.15,"[0.001,0.002,0.003,0.004,0.005,0.006,0.007,0.008,0.009000000000000001,0.01]",0.001,"[64999.950000000004,64999.850000000006,64999.75,64999.65,64999.55,64999.450000000004,64999.350000000006,64999.25,64999.15,64999.05]",64999.950000000004,"[0.001,0.002,0.003,0.004,0.005,0.006,0.007,0.008,0.009000000000000001,0.01]",0.001,2105,mock,InstrumentType.Spot,613914624,mock,BTC-USDT
2199944884,0,0,1783610796563827812,101,depth,"[65000.159999999996,65000.259999999995,65000.36,65000.46,65000.56,65000.659999999996,65000.759999999995,65000.86,65000.96,65001.06]",65000.159999999996,"[0.001,0.002,0.003,0.004,0.005,0.006,0.007,0.008,0.009000000000000001,0.01]",0.001,"[64999.96,64999.86,64999.759999999995,64999.659999999996,64999.56,64999.46,64999.36,64999.259999999995,64999.159999999996,64999.06]",64999.96,"[0.001,0.002,0.003,0.004,0.005,0.006,0.007,0.008,0.009000000000000001,0.01]",0.001,2106,mock,InstrumentType.Spot,613915184,mock,BTC-USDT
2199944884,0,0,1783610796564157594,101,depth,"[65000.17,65000.27,65000.37,65000.47,65000.57,65000.67,65000.77,65000.87,65000.97,65001.07]",65000.17,"[0.001,0.002,0.003,0.004,0.005,0.006,0.007,0.008,0.009000000000000001,0.01]",0.001,"[64999.97,64999.87,64999.77,64999.67,64999.57,64999.47,64999.37,64999.27,64999.17,64999.07]",64999.97,"[0.001,0.002,0.003,0.004,0.005,0.006,0.007,0.008,0.009000000000000001,0.01]",0.001,2107,mock,InstrumentType.Spot,613915744,mock,BTC-USDT
2199944884,0,0,1783610796564437871,101,depth,"[65000.18,65000.28,65000.380000000005,65000.48,65000.58,65000.68,65000.78,65000.880000000005,65000.98,65001.08]",65000.18,"[0.001,0.002,0.003,0.004,0.005,0.006,0.007,0.008,0.009000000000000001,0.01]",0.001,"[64999.98,64999.880000000005,64999.78,64999.68,64999.58,64999.48,64999.380000000005,64999.28,64999.18,64999.08]",64999.98,"[0.001,0.002,0.003,0.004,0.005,0.006,0.007,0.008,0.009000000000000001,0.01]",0.001,2108,mock,InstrumentType.Spot,613916304,mock,BTC-USDT
2199944884,0,0,1783610796564732483,101,depth,"[65000.189999999995,65000.28999999999,65000.39,65000.49,65000.59,65000.689999999995,65000.78999999999,65000.89,65000.99,65001.09]",65000.189999999995,"[0.001,0.002,0.003,0.004,0.005,0.006,0.007,0.008,0.009000000000000001,0.01]",0.001,"[64999.99,64999.89,64999.78999999999,64999.689999999995,64999.59,64999.49,64999.39,64999.28999999999,64999.189999999995,64999.09]",64999.99,"[0.001,0.002,0.003,0.004,0.005,0.006,0.007,0.008,0.009000000000000001,0.01]",0.001,2109,mock,InstrumentType.Spot,613916864,mock,BTC-USDT
2199944884,0,0,1783610796565058215,101,depth,"[65000.2,65000.299999999996,65000.4,65000.5,65000.6,65000.7,65000.799999999996,65000.9,65001.0,65001.1]",65000.2,"[0.001,0.002,0.003,0.004,0.005,0.006,0.007,0.008,0.009000000000000001,0.01]",0.001,"[65000.0,64999.9,64999.799999999996,64999.7,64999.6,64999.5,64999.4,64999.299999999996,64999.2,64999.1]",65000.0,"[0.001,0.002,0.003,0.004,0.005,0.006,0.007,0.008,0.009000000000000001,0.01]",0.001,2110,mock,InstrumentType.Spot,613917424,mock,BTC-USDT
2199944884,0,0,1783610796565330061,101,depth,"[65000.21,65000.31,65000.41,65000.51,65000.61,65000.71,65000.81,65000.91,65001.01,65001.11]",65000.21,"[0.001,0.002,0.003,0.004,0.005,0.006,0.007,0.008,0.009000000000000001,0.01]",0.001,"[65000.01,64999.91,64999.81,64999.71,64999.61,64999.51,64999.41,64999.31,64999.21,64999.11]",65000.01,"[0.001,0.002,0.003,0.004,0.005,0.006,0.007,0.008,0.009000000000000001,0.01]",0.001,2111,mock,InstrumentType.Spot,613917984,mock,BTC-USDT
2199944884,0,0,1783610796565628057,101,depth,"[65000.22,65000.32,65000.420000000006,65000.520000000004,65000.62,65000.72,65000.82,65000.920000000006,65001.020000000004,65001.12]",65000.22,"[0.001,0.002,0.003,0.004,0.005,0.006,0.007,0.008,0.009000000000000001,0.01]",0.001,"[65000.020000000004,64999.920000000006,64999.82,64999.72,64999.62,64999.520000000004,64999.420000000006,64999.32,64999.22,64999.12]",65000.020000000004,"[0.001,0.002,0.003,0.004,0.005,0.006,0.007,0.008,0.009000000000000001,0.01]",0.001,2112,mock,InstrumentType.Spot,613918544,mock,BTC-USDT
2199944884,0,0,1783610796565927774,101,depth,"[65000.229999999996,65000.329999999994,65000.43,65000.53,65000.63,65000.729999999996,65000.829999999994,65000.93,65001.03,65001.13]",65000.229999999996,"[0.001,0.002,0.003,0.004,0.005,0.006,0.007,0.008,0.009000000000000001,0.01]",0.001,"[65000.03,64999.93,64999.829999999994,64999.729999999996,64999.63,64999.53,64999.43,64999.329999999994,64999.229999999996,64999.13]",65000.03,"[0.001,0.002,0.003,0.004,0.005,0.006,0.007,0.008,0.009000000000000001,0.01]",0.001,2113,mock,InstrumentType.Spot,613919104,mock,BTC-USDT
2199944884,0,0,1783610796566227835,101,depth,"[65000.24,65000.34,65000.44,65000.54,65000.64,65000.74,65000.84,65000.94,65001.04,65001.14]",65000.24,"[0.001,0.002,0.003,0.004,0.005,0.006,0.007,0.008,0.009000000000000001,0.01]",0.001,"[65000.04,64999.94,64999.84,64999.74,64999.64,64999.54,64999.44,64999.34,64999.24,64999.14]",65000.04,"[0.001,0.002,0.003,0.004,0.005,0.006,0.007,0.008,0.009000000000000001,0.01]",0.001,2114,mock,InstrumentType.Spot,613919664,mock,BTC-USDT
2199944884,0,0,1783610796566527587,101,depth,"[65000.25,65000.35,65000.450000000004,65000.55,65000.65,65000.75,65000.85,65000.950000000004,65001.05,65001.15]",65000.25,"[0.001,0.002,0.003,0.004,0.005,0.006,0.007,0.008,0.009000000000000001,0.01]",0.001,"[65000.05,64999.950000000004,64999.85,64999.75,64999.65,64999.55,64999.450000000004,64999.35,64999.25,64999.15]",65000.05,"[0.001,0.002,0.003,0.004,0.005,0.006,0.007,0.008,0.009000000000000001,0.01]",0.001,2115,mock,InstrumentType.Spot,613920224,mock,BTC-USDT
2199944884,0,0,1783610796566827694,101,depth,"[65000.26,65000.36,65000.46000000001,65000.560000000005,65000.66,65000.76,65000.86,65000.96000000001,65001.060000000005,65001.16]",65000.26,"[0.001,0.002,0.003,0.004,0.005,0.006,0.007,0.008,0.009000000000000001,0.01]",0.001,"[65000.060000000005,64999.96000000001,64999.86,64999.76,64999.66,64999.560000000005,64999.46000000001,64999.36,64999.26,64999.16]",65000.060000000005,"[0.001,0.002,0.003,0.004,0.005,0.006,0.007,0.008,0.009000000000000001,0.01]",0.001,2116,mock,InstrumentType.Spot,613920784,mock,BTC-USDT
2199944884,0,0,1783610796567127951,101,depth,"[65000.27,65000.369999999995,65000.47,65000.57,65000.67,65000.77,65000.869999999995,65000.97,65001.07,65001.17]",65000.27,"[0.001,0.002,0.003,0.004,0.005,0.006,0.007,0.008,0.009000000000000001,0.01]",0.001,"[65000.07,64999.97,64999.869999999995,64999.77,64999.67,64999.57,64999.47,64999.369999999995,64999.27,64999.17]",65000.07,"[0.001,0.002,0.003,0.004,0.005,0.006,0.007,0.008,0.009000000000000001,0.01]",0.001,2117,mock,InstrumentType.Spot,613921344,mock,BTC-USDT
2199944884,0,0,1783610796567427603,101,depth,"[65000.28,65000.38,65000.48,65000.58,65000.68,65000.78,65000.88,65000.98,65001.08,65001.18]",65000.28,"[0.001,0.002,0.003,0.004,0.005,0.006,0.007,0.008,0.009000000000000001,0.01]",0.001,"[65000.08,64999.98,64999.88,64999.78,64999.68,64999.58,64999.48,64999.38,64999.28,64999.18]",65000.08,"[0.001,0.002,0.003,0.004,0.005,0.006,0.007,0.008,0.009000000000000001,0.01]",0.001,2118,mock,InstrumentType.Spot,613921904,mock,BTC-USDT
2199944884,0,0,1783610796567728177,101,depth,"[65000.29,65000.39,65000.490000000005,65000.590000000004,65000.69,65000.79,65000.89,65000.990000000005,65001.090000000004,65001.19]",65000.29,"[0.001,0.002,0.003,0.004,0.005,0.006,0.007,0.008,0.009000000000000001,0.01]",0.001,"[65000.090000000004,64999.990000000005,64999.89,64999.79,64999.69,64999.590000000004,64999.490000000005,64999.39,64999.29,64999.19]",65000.090000000004,"[0.001,0.002,0.003,0.004,0.005,0.006,0.007,0.008,0.009000000000000001,0.01]",0.001,2119,mock,InstrumentType.Spot,613922464,mock,BTC-USDT
2199944884,0,0,1783610796568040199,101,depth,"[65000.299999999996,65000.399999999994,65000.5,65000.6,65000.7,65000.799999999996,65000.899999999994,65001.0,65001.1,65001.2]",65000.299999999996,"[0.001,0.002,0.003,0.004,0.005,0.006,0.007,0.008,0.009000000000000001,0.01]",0.001,"[65000.1,65000.0,64999.899999999994,64999.799999999996,64999.7,64999.6,64999.5,64999.399999999994,64999.299999999996,64999.2]",65000.1,"[0.001,0.002,0.003,0.004,0.005,0.006,0.007,0.008,0.009000000000000001,0.01]",0.001,2120,mock,InstrumentType.Spot,613923024,mock,BTC-USDT
2199944884,0,0,1783610796568329066,101,depth,"[65000.31,65000.409999999996,65000.51,65000.61,65000.71,65000.81,65000.909999999996,65001.01,65001.11,65001.21]",65000.31,"[0.001,0.002,0.003,0.004,0.005,0.006,0.007,0.008,0.009000000000000001,0.01]",0.001,"[65000.11,65000.01,64999.909999999996,64999.81,64999.71,64999.61,64999.51,64999.409999999996,64999.31,64999.21]",65000.11,"[0.001,0.002,0.003,0.004,0.005,0.006,0.007,0.008,0.009000000000000001,0.01]",0.001,2121,mock,InstrumentType.Spot,613923584,mock,BTC-USDT
2199944884,0,0,1783610796568629460,101,depth,"[65000.32,65000.42,65000.520000000004,65000.62,65000.72,65000.82,65000.92,65001.020000000004,65001.12,65001.22]",65000.32,"[0.001,0.002,0.003,0.004,0.005,0.006,0.007,0.008,0.009000000000000001,0.01]",0.001,"[65000.12,65000.020000000004,64999.92,64999.82,64999.72,64999.62,64999.520000000004,64999.42,64999.32,64999.22]",65000.12,"[0.001,0.002,0.003,0.004,0.005,0.006,0.007,0.008,0.009000000000000001,0.01]",0.001,2122,mock,InstrumentType.Spot,613924144,mock,BTC-USDT
2199944884,0,0,1783610796568928649,101,depth,"[65000.33,65000.43,65000.530000000006,65000.630000000005,65000.73,65000.83,65000.93,65001.030000000006,65001.130000000005,65001.23]",65000.33,"[0.001,0.002,0.003,0.004,0.005,0.006,0.007,0.008,0.009000000000000001,0.01]",0.001,"[65000.130000000005,65000.030000000006,64999.93,64999.83,64999.73,64999.630000000005,64999.530000000006,64999.43,64999.33,64999.23]",65000.130000000005,"[0.001,0.002,0.003,0.004,0.005,0.006,0.007,0.008,0.009000000000000001,0.01]",0.001,2123,mock,InstrumentType.Spot,613924704,mock,BTC-USDT
2199944884,0,0,1783610796569228502,101,depth,"[65000.34,65000.439999999995,65000.54,65000.64,65000.74,65000.84,65000.939999999995,65001.04,65001.14,65001.24]",65000.34,"[0.001,0.002,0.003,0.004,0.005,0.006,0.007,0.008,0.009000000000000001,0.01]",0.001,"[65000.14,65000.04,64999.939999999995,64999.84,64999.74,64999.64,64999.54,64999.439999999995,64999.34,64999.24]",65000.14,"[0.001,0.002,0.003,0.004,0.005,0.006,0.007,0.008,0.009000000000000001,0.01]",0.001,2124,mock,InstrumentType.Spot,613925264,mock,BTC-USDT
2199944884,0,0,1783610796569529409,101,depth,"[65000.35,65000.45,65000.55,65000.65,65000.75,65000.85,65000.95,65001.05,65001.15,65001.25]",65000.35,"[0.001,0.002,0.003,0.004,0.005,0.006,0.007,0.008,0.009000000000000001,0.01]",0.001,"[65000.15,65000.05,64999.95,64999.85,64999.75,64999.65,64999.55,64999.45,64999.35,64999.25]",65000.15,"[0.001,0.002,0.003,0.004,0.005,0.006,0.007,0.008,0.009000000000000001,0.01]",0.001,2125,mock,InstrumentType.Spot,613925824,mock,BTC-USDT
2199944884,0,0,1783610796569829210,101,depth,"[65000.36,65000.46,65000.560000000005,65000.66,65000.76,65000.86,65000.96,65001.060000000005,65001.16,65001.26]",65000.36,"[0.001,0.002,0.003,0.004,0.005,0.006,0.007,0.008,0.009000000000000001,0.01]",0.001,"[65000.16,65000.060000000005,64999.96,64999.86,64999.76,64999.66,64999.560000000005,64999.46,64999.36,64999.26]",65000.16,"[0.001,0.002,0.003,0.004,0.005,0.006,0.007,0.008,0.009000000000000001,0.01]",0.001,2126,mock,InstrumentType.Spot,613926384,mock,BTC-USDT
2199944884,0,0,1783610796570130149,101,depth,"[65000.369999999995,65000.469999999994,65000.57,65000.67,65000.77,65000.869999999995,65000.969999999994,65001.07,65001.17,65001.27]",65000.369999999995,"[0.001,0.002,0.003,0.004,0.005,0.006,0.007,0.008,0.009000000000000001,0.01]",0.001,"[65000.17,65000.07,64999.969999999994,64999.869999999995,64999.77,64999.67,64999.57,64999.469999999994,64999.369999999995,64999.27]",65000.17,"[0.001,0.002,0.003,0.004,0.005,0.006,0.007,0.008,0.009000000000000001,0.01]",0.001,2127,mock,InstrumentType.Spot,613926944,mock,BTC-USDT
2199944884,0,0,1783610796570429589,101,depth,"[65000.38,65000.479999999996,65000.58,65000.68,65000.78,65000.88,65000.979999999996,65001.08,65001.18,65001.28]",65000.38,"[0.001,0.002,0.003,0.004,0.005,0.006,0.007,0.008,0.009000000000000001,0.01]",0.001,"[65000.18,65000.08,64999.979999999996,64999.88,64999.78,64999.68,64999.58,64999.479999999996,64999.38,64999.28]",65000.18,"[0.001,0.002,0.003,0.004,0.005,0.006,0.007,0.008,0.009000000000000001,0.01]",0.001,2128,mock,InstrumentType.Spot,613927504,mock,BTC-USDT
2199944884,0,0,1783610796570743468,101,depth,"[65000.39,65000.49,65000.590000000004,65000.69,65000.79,65000.89,65000.99,65001.090000000004,65001.19,65001.29]",65000.39,"[0.001,0.002,0.003,0.004,0.005,0.006,0.007,0.008,0.009000000000000001,0.01]",0.001,"[65000.19,65000.090000000004,64999.99,64999.89,64999.79,64999.69,64999.590000000004,64999.49,64999.39,64999.29]",65000.19,"[0.001,0.002,0.003,0.004,0.005,0.006,0.007,0.008,0.009000000000000001,0.01]",0.001,2129,mock,InstrumentType.Spot,613928064,mock,BTC-USDT
2199944884,0,0,1783610796571028262,101,depth,"[65000.4,65000.5,65000.600000000006,65000.700000000004,65000.8,65000.9,65001.0,65001.100000000006,65001.200000000004,65001.3]",65000.4,"[0.001,0.002,0.003,0.004,0.005,0.006,0.007,0.008,0.009000000000000001,0.01]",0.001,"[65000.200000000004,65000.100000000006,65000.0,64999.9,64999.8,64999.700000000004,64999.600000000006,64999.5,64999.4,64999.3]",65000.200000000004,"[0.001,0.002,0.003,0.004,0.005,0.006,0.007,0.008,0.009000000000000001,0.01]",0.001,2130,mock,InstrumentType.Spot,613928624,mock,BTC-USDT
2199944884,0,0,1783610796571327933,101,depth,"[65000.409999999996,65000.509999999995,65000.61,65000.71,65000.81,65000.909999999996,65001.009999999995,65001.11,65001.21,65001.31]",65000.409999999996,"[0.001,0.002,0.003,0.004,0.005,0.006,0.007,0.008,0.009000000000000001,0.01]",0.001,"[65000.21,65000.11,65000.009999999995,64999.909999999996,64999.81,64999.71,64999.61,64999.509999999995,64999.409999999996,64999.31]",65000.21,"[0.001,0.002,0.003,0.004,0.005,0.006,0.007,0.008,0.009000000000000001,0.01]",0.001,2131,mock,InstrumentType.Spot,613929184,mock,BTC-USDT
2199944884,0,0,1783610796571627786,101,depth,"[65000.42,65000.52,65000.62,65000.72,65000.82,65000.92,65001.02,65001.12,65001.22,65001.32]",65000.42,"[0.001,0.002,0.003,0.004,0.005,0.006,0.007,0.008,0.009000000000000001,0.01]",0.001,"[65000.22,65000.12,65000.02,64999.92,64999.82,64999.72,64999.62,64999.52,64999.42,64999.32]",65000.22,"[0.001,0.002,0.003,0.004,0.005,0.006,0.007,0.008,0.009000000000000001,0.01]",0.001,2132,mock,InstrumentType.Spot,613929744,mock,BTC-USDT
2199944884,0,0,1783610796571927866,101,depth,"[65000.43,65000.53,65000.630000000005,65000.73,65000.83,65000.93,65001.03,65001.130000000005,65001.23,65001.33]",65000.43,"[0.001,0.002,0.003,0.004,0.005,0.006,0.007,0.008,0.009000000000000001,0.01]",0.001,"[65000.23,65000.130000000005,65000.03,64999.93,64999.83,64999.73,64999.630000000005,64999.53,64999.43,64999.33]",65000.23,"[0.001,0.002,0.003,0.004,0.005,0.006,0.007,0.008,0.009000000000000001,0.01]",0.001,2133,mock,InstrumentType.Spot,613930304,mock,BTC-USDT
2199944884,0,0,1783610796572227896,101,depth,"[65000.439999999995,65000.53999999999,65000.64,65000.74,65000.84,65000.939999999995,65001.03999999999,65001.14,65001.24,65001.34]",65000.439999999995,"[0.001,0.002,0.003,0.004,0.005,0.006,0.007,0.008,0.009000000000000001,0.01]",0.001,"[65000.24,65000.14,65000.03999999999,64999.939999999995,64999.84,64999.74,64999.64,64999.53999999999,64999.439999999995,64999.34]",65000.24,"[0.001,0.002,0.003,0.004,0.005,0.006,0.007,0.008,0.009000000000000001,0.01]",0.001,2134,mock,InstrumentType.Spot,613930864,mock,BTC-USDT
2199944884,0,0,1783610796572528134,101,depth,"[65000.45,65000.549999999996,65000.65,65000.75,65000.85,65000.95,65001.049999999996,65001.15,65001.25,65001.35]",65000.45,"[0.001,0.002,0.003,0.004,0.005,0.006,0.007,0.008,0.009000000000000001,0.01]",0.001,"[65000.25,65000.15,65000.049999999996,64999.95,64999.85,64999.75,64999.65,64999.549999999996,64999.45,64999.35]",65000.25,"[0.001,0.002,0.003,0.004,0.005,0.006,0.007,0.008,0.009000000000000001,0.01]",0.001,2135,mock,InstrumentType.Spot,613931424,mock,BTC-USDT
2199944884,0,0,1783610796572827974,101,depth,"[65000.46,65000.56,65000.66,65000.76,65000.86,65000.96,65001.06,65001.16,65001.26,65001.36]",65000.46,"[0.001,0.002,0.003,0.004,0.005,0.006,0.007,0.008,0.009000000000000001,0.01]",0.001,"[65000.26,65000.16,65000.06,64999.96,64999.86,64999.76,64999.66,64999.56,64999.46,64999.36]",65000.26,"[0.001,0.002,0.003,0.004,0.005,0.006,0.007,0.008,0.009000000000000001,0.01]",0.001,2136,mock,InstrumentType.Spot,613931984,mock,BTC-USDT
2199944884,0,0,1783610796573127916,101,depth,"[65000.47,65000.57,65000.670000000006,65000.770000000004,65000.87,65000.97,65001.07,65001.170000000006,65001.270000000004,65001.37]",65000.47,"[0.001,0.002,0.003,0.004,0.005,0.006,0.007,0.008,0.009000000000000001,0.01]",0.001,"[65000.270000000004,65000.170000000006,65000.07,64999.97,64999.87,64999.770000000004,64999.670000000006,64999.57,64999.47,64999.37]",65000.270000000004,"[0.001,0.002,0.003,0.004,0.005,0.006,0.007,0.008,0.009000000000000001,0.01]",0.001,2137,mock,InstrumentType.Spot,613932544,mock,BTC-USDT
2199944884,0,0,1783610796573427896,101,depth,"[65000.479999999996,65000.579999999994,65000.68,65000.78,65000.88,65000.979999999996,65001.079999999994,65001.18,65001.28,65001.38]",65000.479999999996,"[0.001,0.002,0.003,0.004,0.005,0.006,0.007,0.008,0.009000000000000001,0.01]",0.001,"[65000.28,65000.18,65000.079999999994,64999.979999999996,64999.88,64999.78,64999.68,64999.579999999994,64999.479999999996,64999.38]",65000.28,"[0.001,0.002,0.003,0.004,0.005,0.006,0.007,0.008,0.009000000000000001,0.01]",0.001,2138,mock,InstrumentType.Spot,613933104,mock,BTC-USDT
2199944884,0,0,1783610796573803704,101,depth,"[65000.49,65000.59,65000.69,65000.79,65000.89,65000.99,65001.09,65001.19,65001.29,65001.39]",65000.49,"[0.001,0.002,0.003,0.004,0.005,0.006,0.007,0.008,0.009000000000000001,0.01]",0.001,"[65000.29,65000.19,65000.09,64999.99,64999.89,64999.79,64999.69,64999.59,64999.49,64999.39]",65000.29,"[0.001,0.002,0.003,0.004,0.005,0.006,0.007,0.008,0.009000000000000001,0.01]",0.001,2139,mock,InstrumentType.Spot,613933664,mock,BTC-USDT
2199944884,0,0,1783610796574028975,101,depth,"[65000.5,65000.6,65000.700000000004,65000.8,65000.9,65001.0,65001.1,65001.200000000004,65001.3,65001.4]",65000.5,"[0.001,0.002,0.003,0.004,0.005,0.006,0.007,0.008,0.009000000000000001,0.01]",0.001,"[65000.3,65000.200000000004,65000.1,65000.0,64999.9,64999.8,64999.700000000004,64999.6,64999.5,64999.4]",65000.3,"[0.001,0.002,0.003,0.004,0.005,0.006,0.007,0.008,0.009000000000000001,0.01]",0.001,2140,mock,InstrumentType.Spot,613934224,mock,BTC-USDT
2199944884,0,0,1783610796574328591,101,depth,"[65000.51,65000.61,65000.71000000001,65000.810000000005,65000.91,65001.01,65001.11,65001.21000000001,65001.310000000005,65001.41]",65000.51,"[0.001,0.002,0.003,0.004,0.005,0.006,0.007,0.008,0.009000000000000001,0.01]",0.001,"[65000.310000000005,65000.21000000001,65000.11,65000.01,64999.91,64999.810000000005,64999.71000000001,64999.61,64999.51,64999.41]",65000.310000000005,"[0.001,0.002,0.003,0.004,0.005,0.006,0.007,0.008,0.009000000000000001,0.01]",0.001,2141,mock,InstrumentType.Spot,613934784,mock,BTC-USDT
2199944884,0,0,1783610796574628587,101,depth,"[65000.52,65000.619999999995,65000.72,65000.82,65000.92,65001.02,65001.119999999995,65001.22,65001.32,65001.42]",65000.52,"[0.001,0.002,0.003,0.004,0.005,0.006,0.007,0.008,0.009000000000000001,0.01]",0.001,"[65000.32,65000.22,65000.119999999995,65000.02,64999.92,64999.82,64999.72,64999.619999999995,64999.52,64999.42]",65000.32,"[0.001,0.002,0.003,0.004,0.005,0.006,0.007,0.008,0.009000000000000001,0.01]",0.001,2142,mock,InstrumentType.Spot,613935344,mock,BTC-USDT
2199944884,0,0,1783610796574928213,101,depth,"[65000.53,65000.63,65000.73,65000.83,65000.93,65001.03,65001.13,65001.23,65001.33,65001.43]",65000.53,"[0.001,0.002,0.003,0.004,0.005,0.006,0.007,0.008,0.009000000000000001,0.01]",0.001,"[65000.33,65000.23,65000.13,65000.03,64999.93,64999.83,64999.73,64999.63,64999.53,64999.43]",65000.33,"[0.001,0.002,0.003,0.004,0.005,0.006,0.007,0.008,0.009000000000000001,0.01]",0.001,2143,mock,InstrumentType.Spot,613935904,mock,BTC-USDT
2199944884,0,0,1783610796575227949,101,depth,"[65000.54,65000.64,65000.740000000005,65000.840000000004,65000.94,65001.04,65001.14,65001.240000000005,65001.340000000004,65001.44]",65000.54,"[0.001,0.002,0.003,0.004,0.005,0.006,0.007,0.008,0.009000000000000001,0.01]",0.001,"[65000.340000000004,65000.240000000005,65000.14,65000.04,64999.94,64999.840000000004,64999.740000000005,64999.64,64999.54,64999.44]",65000.340000000004,"[0.001,0.002,0.003,0.004,0.005,0.006,0.007,0.008,0.009000000000000001,0.01]",0.001,2144,mock,InstrumentType.Spot,613936464,mock,BTC-USDT
2199944884,0,0,1783610796575527831,101,depth,"[65000.549999999996,65000.649999999994,65000.75,65000.85,65000.95,65001.049999999996,65001.149999999994,65001.25,65001.35,65001.45]",65000.549999999996,"[0.001,0.002,0.003,0.004,0.005,0.006,0.007,0.008,0.009000000000000001,0.01]",0.001,"[65000.35,65000.25,65000.149999999994,65000.049999999996,64999.95,64999.85,64999.75,64999.649999999994,64999.549999999996,64999.45]",65000.35,"[0.001,0.002,0.003,0.004,0.005,0.006,0.007,0.008,0.009000000000000001,0.01]",0.001,2145,mock,InstrumentType.Spot,613937024,mock,BTC-USDT
2199944884,0,0,1783610796575828317,101,depth,"[65000.56,65000.659999999996,65000.76,65000.86,65000.96,65001.06,65001.159999999996,65001.26,65001.36,65001.46]",65000.56,"[0.001,0.002,0.003,0.004,0.005,0.006,0.007,0.008,0.009000000000000001,0.01]",0.001,"[65000.36,65000.26,65000.159999999996,65000.06,64999.96,64999.86,64999.76,64999.659999999996,64999.56,64999.46]",65000.36,"[0.001,0.002,0.003,0.004,0.005,0.006,0.007,0.008,0.009000000000000001,0.01]",0.001,2146,mock,InstrumentType.Spot,613937584,mock,BTC-USDT
2199944884,0,0,1783610796576131639,101,depth,"[65000.57,65000.67,65000.770000000004,65000.87,65000.97,65001.07,65001.17,65001.270000000004,65001.37,65001.47]",65000.57,"[0.001,0.002,0.003,0.004,0.005,0.006,0.007,0.008,0.009000000000000001,0.01]",0.001,"[65000.37,65000.270000000004,65000.17,65000.07,64999.97,64999.87,64999.770000000004,64999.67,64999.57,64999.47]",65000.37,"[0.001,0.002,0.003,0.004,0.005,0.006,0.007,0.008,0.009000000000000001,0.01]",0.001,2147,mock,InstrumentType.Spot,613938144,mock,BTC-USDT
2199944884,0,0,1783610796576429170,101,depth,"[65000.58,65000.68,65000.780000000006,65000.880000000005,65000.98,65001.08,65001.18,65001.280000000006,65001.380000000005,65001.48]",65000.58,"[0.001,0.002,0.003,0.004,0.005,0.006,0.007,0.008,0.009000000000000001,0.01]",0.001,"[65000.380000000005,65000.280000000006,65000.18,65000.08,64999.98,64999.880000000005,64999.780000000006,64999.68,64999.58,64999.48]",65000.380000000005,"[0.001,0.002,0.003,0.004,0.005,0.006,0.007,0.008,0.009000000000000001,0.01]",0.001,2148,mock,InstrumentType.Spot,613938704,mock,BTC-USDT
2199944884,0,0,1783610796576745935,101,depth,"[65000.59,65000.689999999995,65000.79,65000.89,65000.99,65001.09,65001.189999999995,65001.29,65001.39,65001.49]",65000.59,"[0.001,0.002,0.003,0.004,0.005,0.006,0.007,0.008,0.009000000000000001,0.01]",0.001,"[65000.39,65000.29,65000.189999999995,65000.09,64999.99,64999.89,64999.79,64999.689999999995,64999.59,64999.49]",65000.39,"[0.001,0.002,0.003,0.004,0.005,0.006,0.007,0.008,0.009000000000000001,0.01]",0.001,2149,mock,InstrumentType.Spot,613939264,mock,BTC-USDT
2199944884,0,0,1783610796577028733,101,depth,"[65000.6,65000.7,65000.8,65000.9,65001.0,65001.1,65001.2,65001.3,65001.4,65001.5]",65000.6,"[0.001,0.002,0.003,0.004,0.005,0.006,0.007,0.008,0.009000000000000001,0.01]",0.001,"[65000.4,65000.3,65000.2,65000.1,65000.0,64999.9,64999.8,64999.7,64999.6,64999.5]",65000.4,"[0.001,0.002,0.003,0.004,0.005,0.006,0.007,0.008,0.009000000000000001,0.01]",0.001,2150,mock,InstrumentType.Spot,613939824,mock,BTC-USDT
2199944884,0,0,1783610796577329582,101,depth,"[65000.61,65000.71,65000.810000000005,65000.91,65001.01,65001.11,65001.21,65001.310000000005,65001.41,65001.51]",65000.61,"[0.001,0.002,0.003,0.004,0.005,0.006,0.007,0.008,0.009000000000000001,0.01]",0.001,"[65000.41,65000.310000000005,65000.21,65000.11,65000.01,64999.91,64999.810000000005,64999.71,64999.61,64999.51]",65000.41,"[0.001,0.002,0.003,0.004,0.005,0.006,0.007,0.008,0.009000000000000001,0.01]",0.001,2151,mock,InstrumentType.Spot,613940384,mock,BTC-USDT
2199944884,0,0,1783610796577630704,101,depth,"[65000.619999999995,65000.719999999994,65000.82,65000.92,65001.02,65001.119999999995,65001.219999999994,65001.32,65001.42,65001.52]",65000.619999999995,"[0.001,0.002,0.003,0.004,0.005,0.006,0.007,0.008,0.009000000000000001,0.01]",0.001,"[65000.42,65000.32,65000.219999999994,65000.119999999995,65000.02,64999.92,64999.82,64999.719999999994,64999.619999999995,64999.52]",65000.42,"[0.001,0.002,0.003,0.004,0.005,0.006,0.007,0.008,0.009000000000000001,0.01]",0.001,2152,mock,InstrumentType.Spot,613940944,mock,BTC-USDT
2199944884,0,0,1783610796577928022,101,depth,"[65000.63,65000.729999999996,65000.83,65000.93,65001.03,65001.13,65001.229999999996,65001.33,65001.43,65001.53]",65000.63,"[0.001,0.002,0.003,0.004,0.005,0.006,0.007,0.008,0.009000000000000001,0.01]",0.001,"[65000.43,65000.33,65000.229999999996,65000.13,65000.03,64999.93,64999.83,64999.729999999996,64999.63,64999.53]",65000.43,"[0.001,0.002,0.003,0.004,0.005,0.006,0.007,0.008,0.009000000000000001,0.01]",0.001,2153,mock,InstrumentType.Spot,613941504,mock,BTC-USDT
2199944884,0,0,1783610796578228244,101,depth,"[65000.64,65000.74,65000.840000000004,65000.94,65001.04,65001.14,65001.24,65001.340000000004,65001.44,65001.54]",65000.64,"[0.001,0.002,0.003,0.004,0.005,0.006,0.007,0.008,0.009000000000000001,0.01]",0.001,"[65000.44,65000.340000000004,65000.24,65000.14,65000.04,64999.94,64999.840000000004,64999.74,64999.64,64999.54]",65000.44,"[0.001,0.002,0.003,0.004,0.005,0.006,0.007,0.008,0.009000000000000001,0.01]",0.001,2154,mock,InstrumentType.Spot,613942064,mock,BTC-USDT
2199944884,0,0,1783610796578528685,101,depth,"[65000.65,65000.75,65000.850000000006,65000.950000000004,65001.05,65001.15,65001.25,65001.350000000006,65001.450000000004,65001.55]",65000.65,"[0.001,0.002,0.003,0.004,0.005,0.006,0.007,0.008,0.009000000000000001,0.01]",0.001,"[65000.450000000004,65000.350000000006,65000.25,65000.15,65000.05,64999.950000000004,64999.850000000006,64999.75,64999.65,64999.55]",65000.450000000004,"[0.001,0.002,0.003,0.004,0.005,0.006,0.007,0.008,0.009000000000000001,0.01]",0.001,2155,mock,InstrumentType.Spot,613942624,mock,BTC-USDT
2199944884,0,0,1783610796578829067,101,depth,"[65000.659999999996,65000.759999999995,65000.86,65000.96,65001.06,65001.159999999996,65001.259999999995,65001.36,65001.46,65001.56]",65000.659999999996,"[0.001,0.002,0.003,0.004,0.005,0.006,0.007,0.008,0.009000000000000001,0.01]",0.001,"[65000.46,65000.36,65000.259999999995,65000.159999999996,65000.06,64999.96,64999.86,64999.759999999995,64999.659999999996,64999.56]",65000.46,"[0.001,0.002,0.003,0.004,0.005,0.006,0.007,0.008,0.009000000000000001,0.01]",0.001,2156,mock,InstrumentType.Spot,613943184,mock,BTC-USDT
2199944884,0,0,1783610796579128700,101,depth,"[65000.67,65000.77,65000.87,65000.97,65001.07,65001.17,65001.27,65001.37,65001.47,65001.57]",65000.67,"[0.001,0.002,0.003,0.004,0.005,0.006,0.007,0.008,0.009000000000000001,0.01]",0.001,"[65000.47,65000.37,65000.27,65000.17,65000.07,64999.97,64999.87,64999.77,64999.67,64999.57]",65000.47,"[0.001,0.002,0.003,0.004,0.005,0.006,0.007,0.008,0.009000000000000001,0.01]",0.001,2157,mock,InstrumentType.Spot,613943744,mock,BTC-USDT
2199944884,0,0,1783610796579442760,101,depth,"[65000.68,65000.78,65000.880000000005,65000.98,65001.08,65001.18,65001.28,65001.380000000005,65001.48,65001.58]",65000.68,"[0.001,0.002,0.003,0.004,0.005,0.006,0.007,0.008,0.009000000000000001,0.01]",0.001,"[65000.48,65000.380000000005,65000.28,65000.18,65000.08,64999.98,64999.880000000005,64999.78,64999.68,64999.58]",65000.48,"[0.001,0.002,0.003,0.004,0.005,0.006,0.007,0.008,0.009000000000000001,0.01]",0.001,2158,mock,InstrumentType.Spot,613944304,mock,BTC-USDT
2199944884,0,0,1783610796579729003,101,depth,"[65000.689999999995,65000.78999999999,65000.89,65000.99,65001.09,65001.189999999995,65001.28999999999,65001.39,65001.49,65001.59]",65000.689999999995,"[0.001,0.002,0.003,0.004,0.005,0.006,0.007,0.008,0.009000000000000001,0.01]",0.001,"[65000.49,65000.39,65000.28999999999,65000.189999999995,65000.09,64999.99,64999.89,64999.78999999999,64999.689999999995,64999.59]",65000.49,"[0.001,0.002,0.003,0.004,0.005,0.006,0.007,0.008,0.009000000000000001,0.01]",0.001,2159,mock,InstrumentType.Spot,613944864,mock,BTC-USDT
2199944884,0,0,1783610796580028929,101,depth,"[65000.7,65000.799999999996,65000.9,65001.0,65001.1,65001.2,65001.299999999996,65001.4,65001.5,65001.6]",65000.7,"[0.001,0.002,0.003,0.004,0.005,0.006,0.007,0.008,0.009000000000000001,0.01]",0.001,"[65000.5,65000.4,65000.299999999996,65000.2,65000.1,65000.0,64999.9,64999.799999999996,64999.7,64999.6]",65000.5,"[0.001,0.002,0.003,0.004,0.005,0.006,0.007,0.008,0.009000000000000001,0.01]",0.001,2160,mock,InstrumentType.Spot,613945424,mock,BTC-USDT
2199944884,0,0,1783610796580328681,101,depth,"[65000.71,65000.81,65000.91,65001.01,65001.11,65001.21,65001.31,65001.41,65001.51,65001.61]",65000.71,"[0.001,0.002,0.003,0.004,0.005,0.006,0.007,0.008,0.009000000000000001,0.01]",0.001,"[65000.51,65000.41,65000.31,65000.21,65000.11,65000.01,64999.91,64999.81,64999.71,64999.61]",65000.51,"[0.001,0.002,0.003,0.004,0.005,0.006,0.007,0.008,0.009000000000000001,0.01]",0.001,2161,mock,InstrumentType.Spot,613945984,mock,BTC-USDT
2199944884,0,0,1783610796580628686,101,depth,"[65000.72,65000.82,65000.920000000006,65001.020000000004,65001.12,65001.22,65001.32,65001.420000000006,65001.520000000004,65001.62]",65000.72,"[0.001,0.002,0.003,0.004,0.005,0.006,0.007,0.008,0.009000000000000001,0.01]",0.001,"[65000.520000000004,65000.420000000006,65000.32,65000.22,65000.12,65000.020000000004,64999.920000000006,64999.82,64999.72,64999.62]",65000.520000000004,"[0.001,0.002,0.003,0.004,0.005,0.006,0.007,0.008,0.009000000000000001,0.01]",0.001,2162,mock,InstrumentType.Spot,613946544,mock,BTC-USDT
2199944884,0,0,1783610796580928423,101,depth,"[65000.729999999996,65000.829999999994,65000.93,65001.03,65001.13,65001.229999999996,65001.329999999994,65001.43,65001.53,65001.63]",65000.729999999996,"[0.001,0.002,0.003,0.004,0.005,0.006,0.007,0.008,0.009000000000000001,0.01]",0.001,"[65000.53,65000.43,65000.329999999994,65000.229999999996,65000.13,65000.03,64999.93,64999.829999999994,64999.729999999996,64999.63]",65000.53,"[0.001,0.002,0.003,0.004,0.005,0.006,0.007,0.008,0.009000000000000001,0.01]",0.001,2163,mock,InstrumentType.Spot,613947104,mock,BTC-USDT
2199944884,0,0,1783610796581228426,101,depth,"[65000.74,65000.84,65000.94,65001.04,65001.14,65001.24,65001.34,65001.44,65001.54,65001.64]",65000.74,"[0.001,0.002,0.003,0.004,0.005,0.006,0.007,0.008,0.009000000000000001,0.01]",0.001,"[65000.54,65000.44,65000.34,65000.24,65000.14,65000.04,64999.94,64999.84,64999.74,64999.64]",65000.54,"[0.001,0.002,0.003,0.004,0.005,0.006,0.007,0.008,0.009000000000000001,0.01]",0.001,2164,mock,InstrumentType.Spot,613947664,mock,BTC-USDT
2199944884,0,0,1783610796581528395,101,depth,"[65000.75,65000.85,65000.950000000004,65001.05,65001.15,65001.25,65001.35,65001.450000000004,65001.55,65001.65]",65000.75,"[0.001,0.002,0.003,0.004,0.005,0.006,0.007,0.008,0.009000000000000001,0.01]",0.001,"[65000.55,65000.450000000004,65000.35,65000.25,65000.15,65000.05,64999.950000000004,64999.85,64999.75,64999.65]",65000.55,"[0.001,0.002,0.003,0.004,0.005,0.006,0.007,0.008,0.009000000000000001,0.01]",0.001,2165,mock,InstrumentType.Spot,613948224,mock,BTC-USDT
2199944884,0,0,1783610796581828104,101,depth,"[65000.76,65000.86,65000.96000000001,65001.060000000005,65001.16,65001.26,65001.36,65001.46000000001,65001.560000000005,65001.66]",65000.76,"[0.001,0.002,0.003,0.004,0.005,0.006,0.007,0.008,0.009000000000000001,0.01]",0.001,"[65000.560000000005,65000.46000000001,65000.36,65000.26,65000.16,65000.060000000005,64999.96000000001,64999.86,64999.76,64999.66]",65000.560000000005,"[0.001,0.002,0.003,0.004,0.005,0.006,0.007,0.008,0.009000000000000001,0.01]",0.001,2166,mock,InstrumentType.Spot,613948784,mock,BTC-USDT
2199944884,0,0,1783610796582128115,101,depth,"[65000.77,65000.869999999995,65000.97,65001.07,65001.17,65001.27,65001.369999999995,65001.47,65001.57,65001.67]",65000.77,"[0.001,0.002,0.003,0.004,0.005,0.006,0.007,0.008,0.009000000000000001,0.01]",0.001,"[65000.57,65000.47,65000.369999999995,65000.27,65000.17,65000.07,64999.97,64999.869999999995,64999.77,64999.67]",65000.57,"[0.001,0.002,0.003,0.004,0.005,0.006,0.007,0.008,0.009000000000000001,0.01]",0.001,2167,mock,InstrumentType.Spot,613949344,mock,BTC-USDT
2199944884,0,0,1783610796582434377,101,depth,"[65000.78,65000.88,65000.98,65001.08,65001.18,65001.28,65001.38,65001.48,65001.58,65001.68]",65000.78,"[0.001,0.002,0.003,0.004,0.005,0.006,0.007,0.008,0.009000000000000001,0.01]",0.001,"[65000.58,65000.48,65000.38,65000.28,65000.18,65000.08,64999.98,64999.88,64999.78,64999.68]",65000.58,"[0.001,0.002,0.003,0.004,0.005,0.006,0.007,0.008,0.009000000000000001,0.01]",0.001,2168,mock,InstrumentType.Spot,613949904,mock,BTC-USDT
2199944884,0,0,1783610796582727984,101,depth,"[65000.79,65000.89,65000.990000000005,65001.090000000004,65001.19,65001.29,65001.39,65001.490000000005,65001.590000000004,65001.69]",65000.79,"[0.001,0.002,0.003,0.004,0.005,0.006,0.007,0.008,0.009000000000000001,0.01]",0.001,"[65000.590000000004,65000.490000000005,65000.39,65000.29,65000.19,65000.090000000004,64999.990000000005,64999.89,64999.79,64999.69]",65000.590000000004,"[0.001,0.002,0.003,0.004,0.005,0.006,0.007,0.008,0.009000000000000001,0.01]",0.001,2169,mock,InstrumentType.Spot,613950464,mock,BTC-USDT
2199944884,0,0,1783610796583027921,101,depth,"[65000.799999999996,65000.899999999994,65001.0,65001.1,65001.2,65001.299999999996,65001.399999999994,65001.5,65001.6,65001.7]",65000.799999999996,"[0.001,0.002,0.003,0.004,0.005,0.006,0.007,0.008,0.009000000000000001,0.01]",0.001,"[65000.6,65000.5,65000.399999999994,65000.299999999996,65000.2,65000.1,65000.0,64999.899999999994,64999.799999999996,64999.7]",65000.6,"[0.001,0.002,0.003,0.004,0.005,0.006,0.007,0.008,0.009000000000000001,0.01]",0.001,2170,mock,InstrumentType.Spot,613951024,mock,BTC-USDT
2199944884,0,0,1783610796583327845,101,depth,"[65000.81,65000.909999999996,65001.01,65001.11,65001.21,65001.31,65001.409999999996,65001.51,65001.61,65001.71]",65000.81,"[0.001,0.002,0.003,0.004,0.005,0.006,0.007,0.008,0.009000000000000001,0.01]",0.001,"[65000.61,65000.51,65000.409999999996,65000.31,65000.21,65000.11,65000.01,64999.909999999996,64999.81,64999.71]",65000.61,"[0.001,0.002,0.003,0.004,0.005,0.006,0.007,0.008,0.009000000000000001,0.01]",0.001,2171,mock,InstrumentType.Spot,613951584,mock,BTC-USDT
2199944884,0,0,1783610796583627949,101,depth,"[65000.82,65000.92,65001.020000000004,65001.12,65001.22,65001.32,65001.42,65001.520000000004,65001.62,65001.72]",65000.82,"[0.001,0.002,0.003,0.004,0.005,0.006,0.007,0.008,0.009000000000000001,0.01]",0.001,"[65000.62,65000.520000000004,65000.42,65000.32,65000.22,65000.12,65000.020000000004,64999.92,64999.82,64999.72]",65000.62,"[0.001,0.002,0.003,0.004,0.005,0.006,0.007,0.008,0.009000000000000001,0.01]",0.001,2172,mock,InstrumentType.Spot,613952144,mock,BTC-USDT
2199944884,0,0,1783610796583927843,101,depth,"[65000.83,65000.93,65001.030000000006,65001.130000000005,65001.23,65001.33,65001.43,65001.530000000006,65001.630000000005,65001.73]",65000.83,"[0.001,0.002,0.003,0.004,0.005,0.006,0.007,0.008,0.009000000000000001,0.01]",0.001,"[65000.630000000005,65000.530000000006,65000.43,65000.33,65000.23,65000.130000000005,65000.030000000006,64999.93,64999.83,64999.73]",65000.630000000005,"[0.001,0.002,0.003,0.004,0.005,0.006,0.007,0.008,0.009000000000000001,0.01]",0.001,2173,mock,InstrumentType.Spot,613952704,mock,BTC-USDT
2199944884,0,0,1783610796584228013,101,depth,"[65000.84,65000.939999999995,65001.04,65001.14,65001.24,65001.34,65001.439999999995,65001.54,65001.64,65001.74]",65000.84,"[0.001,0.002,0.003,0.004,0.005,0.006,0.007,0.008,0.009000000000000001,0.01]",0.001,"[65000.64,65000.54,65000.439999999995,65000.34,65000.24,65000.14,65000.04,64999.939999999995,64999.84,64999.74]",65000.64,"[0.001,0.002,0.003,0.004,0.005,0.006,0.007,0.008,0.009000000000000001,0.01]",0.001,2174,mock,InstrumentType.Spot,613953264,mock,BTC-USDT
2199944884,0,0,1783610796584527983,101,depth,"[65000.85,65000.95,65001.05,65001.15,65001.25,65001.35,65001.45,65001.55,65001.65,65001.75]",65000.85,"[0.001,0.002,0.003,0.004,0.005,0.006,0.007,0.008,0.009000000000000001,0.01]",0.001,"[65000.65,65000.55,65000.45,65000.35,65000.25,65000.15,65000.05,64999.95,64999.85,64999.75]",65000.65,"[0.001,0.002,0.003,0.004,0.005,0.006,0.007,0.008,0.009000000000000001,0.01]",0.001,2175,mock,InstrumentType.Spot,613953824,mock,BTC-USDT
2199944884,0,0,1783610796584828003,101,depth,"[65000.86,65000.96,65001.060000000005,65001.16,65001.26,65001.36,65001.46,65001.560000000005,65001.66,65001.76]",65000.86,"[0.001,0.002,0.003,0.004,0.005,0.006,0.007,0.008,0.009000000000000001,0.01]",0.001,"[65000.66,65000.560000000005,65000.46,65000.36,65000.26,65000.16,65000.060000000005,64999.96,64999.86,64999.76]",65000.66,"[0.001,0.002,0.003,0.004,0.005,0.006,0.007,0.008,0.009000000000000001,0.01]",0.001,2176,mock,InstrumentType.Spot,613954384,mock,BTC-USDT
2199944884,0,0,1783610796585134145,101,depth,"[65000.869999999995,65000.969999999994,65001.07,65001.17,65001.27,65001.369999999995,65001.469999999994,65001.57,65001.67,65001.77]",65000.869999999995,"[0.001,0.002,0.003,0.004,0.005,0.006,0.007,0.008,0.009000000000000001,0.01]",0.001,"[65000.67,65000.57,65000.469999999994,65000.369999999995,65000.27,65000.17,65000.07,64999.969999999994,64999.869999999995,64999.77]",65000.67,"[0.001,0.002,0.003,0.004,0.005,0.006,0.007,0.008,0.009000000000000001,0.01]",0.001,2177,mock,InstrumentType.Spot,613954944,mock,BTC-USDT
2199944884,0,0,1783610796585429576,101,depth,"[65000.88,65000.979999999996,65001.08,65001.18,65001.28,65001.38,65001.479999999996,65001.58,65001.68,65001.78]",65000.88,"[0.001,0.002,0.003,0.004,0.005,0.006,0.007,0.008,0.009000000000000001,0.01]",0.001,"[65000.68,65000.58,65000.479999999996,65000.38,65000.28,65000.18,65000.08,64999.979999999996,64999.88,64999.78]",65000.68,"[0.001,0.002,0.003,0.004,0.005,0.006,0.007,0.008,0.009000000000000001,0.01]",0.001,2178,mock,InstrumentType.Spot,613955504,mock,BTC-USDT
2199944884,0,0,1783610796585727959,101,depth,"[65000.89,65000.99,65001.090000000004,65001.19,65001.29,65001.39,65001.49,65001.590000000004,65001.69,65001.79]",65000.89,"[0.001,0.002,0.003,0.004,0.005,0.006,0.007,0.008,0.009000000000000001,0.01]",0.001,"[65000.69,65000.590000000004,65000.49,65000.39,65000.29,65000.19,65000.090000000004,64999.99,64999.89,64999.79]",65000.69,"[0.001,0.002,0.003,0.004,0.005,0.006,0.007,0.008,0.009000000000000001,0.01]",0.001,2179,mock,InstrumentType.Spot,613956064,mock,BTC-USDT
2199944884,0,0,1783610796586027963,101,depth,"[65000.9,65001.0,65001.100000000006,65001.200000000004,65001.3,65001.4,65001.5,65001.600000000006,65001.700000000004,65001.8]",65000.9,"[0.001,0.002,0.003,0.004,0.005,0.006,0.007,0.008,0.009000000000000001,0.01]",0.001,"[65000.700000000004,65000.600000000006,65000.5,65000.4,65000.3,65000.200000000004,65000.100000000006,65000.0,64999.9,64999.8]",65000.700000000004,"[0.001,0.002,0.003,0.004,0.005,0.006,0.007,0.008,0.009000000000000001,0.01]",0.001,2180,mock,InstrumentType.Spot,613956624,mock,BTC-USDT
2199944884,0,0,1783610796586327975,101,depth,"[65000.909999999996,65001.009999999995,65001.11,65001.21,65001.31,65001.409999999996,65001.509999999995,65001.61,65001.71,65001.81]",65000.909999999996,"[0.001,0.002,0.003,0.004,0.005,0.006,0.007,0.008,0.009000000000000001,0.01]",0.001,"[65000.71,65000.61,65000.509999999995,65000.409999999996,65000.31,65000.21,65000.11,65000.009999999995,64999.909999999996,64999.81]",65000.71,"[0.001,0.002,0.003,0.004,0.005,0.006,0.007,0.008,0.009000000000000001,0.01]",0.001,2181,mock,InstrumentType.Spot,613957184,mock,BTC-USDT
2199944884,0,0,1783610796586627834,101,depth,"[65000.92,65001.02,65001.12,65001.22,65001.32,65001.42,65001.52,65001.62,65001.72,65001.82]",65000.92,"[0.001,0.002,0.003,0.004,0.005,0.006,0.007,0.008,0.009000000000000001,0.01]",0.001,"[65000.72,65000.62,65000.52,65000.42,65000.32,65000.22,65000.12,65000.02,64999.92,64999.82]",65000.72,"[0.001,0.002,0.003,0.004,0.005,0.006,0.007,0.008,0.009000000000000001,0.01]",0.001,2182,mock,InstrumentType.Spot,613957744,mock,BTC-USDT
2199944884,0,0,1783610796586927872,101,depth,"[65000.93,65001.03,65001.130000000005,65001.23,65001.33,65001.43,65001.53,65001.630000000005,65001.73,65001.83]",65000.93,"[0.001,0.002,0.003,0.004,0.005,0.006,0.007,0.008,0.009000000000000001,0.01]",0.001,"[65000.73,65000.630000000005,65000.53,65000.43,65000.33,65000.23,65000.130000000005,65000.03,64999.93,64999.83]",65000.73,"[0.001,0.002,0.003,0.004,0.005,0.006,0.007,0.008,0.009000000000000001,0.01]",0.001,2183,mock,InstrumentType.Spot,613958304,mock,BTC-USDT
2199944884,0,0,1783610796587227859,101,depth,"[65000.939999999995,65001.03999999999,65001.14,65001.24,65001.34,65001.439999999995,65001.53999999999,65001.64,65001.74,65001.84]",65000.939999999995,"[0.001,0.002,0.003,0.004,0.005,0.006,0.007,0.008,0.009000000000000001,0.01]",0.001,"[65000.74,65000.64,65000.53999999999,65000.439999999995,65000.34,65000.24,65000.14,65000.03999999999,64999.939999999995,64999.84]",65000.74,"[0.001,0.002,0.003,0.004,0.005,0.006,0.007,0.008,0.009000000000000001,0.01]",0.001,2184,mock,InstrumentType.Spot,613958864,mock,BTC-USDT
2199944884,0,0,1783610796587528128,101,depth,"[65000.95,65001.049999999996,65001.15,65001.25,65001.35,65001.45,65001.549999999996,65001.65,65001.75,65001.85]",65000.95,"[0.001,0.002,0.003,0.004,0.005,0.006,0.007,0.008,0.009000000000000001,0.01]",0.001,"[65000.75,65000.65,65000.549999999996,65000.45,65000.35,65000.25,65000.15,65000.049999999996,64999.95,64999.85]",65000.75,"[0.001,0.002,0.003,0.004,0.005,0.006,0.007,0.008,0.009000000000000001,0.01]",0.001,2185,mock,InstrumentType.Spot,613959424,mock,BTC-USDT
2199944884,0,0,1783610796587827832,101,depth,"[65000.96,65001.06,65001.16,65001.26,65001.36,65001.46,65001.56,65001.66,65001.76,65001.86]",65000.96,"[0.001,0.002,0.003,0.004,0.005,0.006,0.007,0.008,0.009000000000000001,0.01]",0.001,"[65000.76,65000.66,65000.56,65000.46,65000.36,65000.26,65000.16,65000.06,64999.96,64999.86]",65000.76,"[0.001,0.002,0.003,0.004,0.005,0.006,0.007,0.008,0.009000000000000001,0.01]",0.001,2186,mock,InstrumentType.Spot,613959984,mock,BTC-USDT
2199944884,0,0,1783610796588135200,101,depth,"[65000.97,65001.07,65001.170000000006,65001.270000000004,65001.37,65001.47,65001.57,65001.670000000006,65001.770000000004,65001.87]",65000.97,"[0.001,0.002,0.003,0.004,0.005,0.006,0.007,0.008,0.009000000000000001,0.01]",0.001,"[65000.770000000004,65000.670000000006,65000.57,65000.47,65000.37,65000.270000000004,65000.170000000006,65000.07,64999.97,64999.87]",65000.770000000004,"[0.001,0.002,0.003,0.004,0.005,0.006,0.007,0.008,0.009000000000000001,0.01]",0.001,2187,mock,InstrumentType.Spot,613960544,mock,BTC-USDT
2199944884,0,0,1783610796588428001,101,depth,"[65000.979999999996,65001.079999999994,65001.18,65001.28,65001.38,65001.479999999996,65001.579999999994,65001.68,65001.78,65001.88]",65000.979999999996,"[0.001,0.002,0.003,0.004,0.005,0.006,0.007,0.008,0.009000000000000001,0.01]",0.001,"[65000.78,65000.68,65000.579999999994,65000.479999999996,65000.38,65000.28,65000.18,65000.079999999994,64999.979999999996,64999.88]",65000.78,"[0.001,0.002,0.003,0.004,0.005,0.006,0.007,0.008,0.009000000000000001,0.01]",0.001,2188,mock,InstrumentType.Spot,613961104,mock,BTC-USDT
2199944884,0,0,1783610796588728250,101,depth,"[65000.99,65001.09,65001.19,65001.29,65001.39,65001.49,65001.59,65001.69,65001.79,65001.89]",65000.99,"[0.001,0.002,0.003,0.004,0.005,0.006,0.007,0.008,0.009000000000000001,0.01]",0.001,"[65000.79,65000.69,65000.59,65000.49,65000.39,65000.29,65000.19,65000.09,64999.99,64999.89]",65000.79,"[0.001,0.002,0.003,0.004,0.005,0.006,0.007,0.008,0.009000000000000001,0.01]",0.001,2189,mock,InstrumentType.Spot,613961664,mock,BTC-USDT
2199944884,0,0,1783610796589028224,101,depth,"[65001.0,65001.1,65001.200000000004,65001.3,65001.4,65001.5,65001.6,65001.700000000004,65001.8,65001.9]",65001.0,"[0.001,0.002,0.003,0.004,0.005,0.006,0.007,0.008,0.009000000000000001,0.01]",0.001,"[65000.8,65000.700000000004,65000.6,65000.5,65000.4,65000.3,65000.200000000004,65000.1,65000.0,64999.9]",65000.8,"[0.001,0.002,0.003,0.004,0.005,0.006,0.007,0.008,0.009000000000000001,0.01]",0.001,2190,mock,InstrumentType.Spot,613962224,mock,BTC-USDT
2199944884,0,0,1783610796589328178,101,depth,"[65001.01,65001.11,65001.21000000001,65001.310000000005,65001.41,65001.51,65001.61,65001.71000000001,65001.810000000005,65001.91]",65001.01,"[0.001,0.002,0.003,0.004,0.005,0.006,0.007,0.008,0.009000000000000001,0.01]",0.001,"[65000.810000000005,65000.71000000001,65000.61,65000.51,65000.41,65000.310000000005,65000.21000000001,65000.11,65000.01,64999.91]",65000.810000000005,"[0.001,0.002,0.003,0.004,0.005,0.006,0.007,0.008,0.009000000000000001,0.01]",0.001,2191,mock,InstrumentType.Spot,613962784,mock,BTC-USDT
2199944884,0,0,1783610796589627881,101,depth,"[65001.02,65001.119999999995,65001.22,65001.32,65001.42,65001.52,65001.619999999995,65001.72,65001.82,65001.92]",65001.02,"[0.001,0.002,0.003,0.004,0.005,0.006,0.007,0.008,0.009000000000000001,0.01]",0.001,"[65000.82,65000.72,65000.619999999995,65000.52,65000.42,65000.32,65000.22,65000.119999999995,65000.02,64999.92]",65000.82,"[0.001,0.002,0.003,0.004,0.005,0.006,0.007,0.008,0.009000000000000001,0.01]",0.001,2192,mock,InstrumentType.Spot,613963344,mock,BTC-USDT
2199944884,0,0,1783610796589927794,101,depth,"[65001.03,65001.13,65001.23,65001.33,65001.43,65001.53,65001.63,65001.73,65001.83,65001.93]",65001.03,"[0.001,0.002,0.003,0.004,0.005,0.006,0.007,0.008,0.009000000000000001,0.01]",0.001,"[65000.83,65000.73,65000.63,65000.53,65000.43,65000.33,65000.23,65000.13,65000.03,64999.93]",65000.83,"[0.001,0.002,0.003,0.004,0.005,0.006,0.007,0.008,0.009000000000000001,0.01]",0.001,2193,mock,InstrumentType.Spot,613963904,mock,BTC-USDT
2199944884,0,0,1783610796590227881,101,depth,"[65001.04,65001.14,65001.240000000005,65001.340000000004,65001.44,65001.54,65001.64,65001.740000000005,65001.840000000004,65001.94]",65001.04,"[0.001,0.002,0.003,0.004,0.005,0.006,0.007,0.008,0.009000000000000001,0.01]",0.001,"[65000.840000000004,65000.740000000005,65000.64,65000.54,65000.44,65000.340000000004,65000.240000000005,65000.14,65000.04,64999.94]",65000.840000000004,"[0.001,0.002,0.003,0.004,0.005,0.006,0.007,0.008,0.009000000000000001,0.01]",0.001,2194,mock,InstrumentType.Spot,613964464,mock,BTC-USDT
2199944884,0,0,1783610796590527791,101,depth,"[65001.049999999996,65001.149999999994,65001.25,65001.35,65001.45,65001.549999999996,65001.649999999994,65001.75,65001.85,65001.95]",65001.049999999996,"[0.001,0.002,0.003,0.004,0.005,0.006,0.007,0.008,0.009000000000000001,0.01]",0.001,"[65000.85,65000.75,65000.649999999994,65000.549999999996,65000.45,65000.35,65000.25,65000.149999999994,65000.049999999996,64999.95]",65000.85,"[0.001,0.002,0.003,0.004,0.005,0.006,0.007,0.008,0.009000000000000001,0.01]",0.001,2195,mock,InstrumentType.Spot,613965024,mock,BTC-USDT
2199944884,0,0,1783610796590833969,101,depth,"[65001.06,65001.159999999996,65001.26,65001.36,65001.46,65001.56,65001.659999999996,65001.76,65001.86,65001.96]",65001.06,"[0.001,0.002,0.003,0.004,0.005,0.006,0.007,0.008,0.009000000000000001,0.01]",0.001,"[65000.86,65000.76,65000.659999999996,65000.56,65000.46,65000.36,65000.26,65000.159999999996,65000.06,64999.96]",65000.86,"[0.001,0.002,0.003,0.004,0.005,0.006,0.007,0.008,0.009000000000000001,0.01]",0.001,2196,mock,InstrumentType.Spot,613965584,mock,BTC-USDT
2199944884,0,0,1783610796591128009,101,depth,"[65001.07,65001.17,65001.270000000004,65001.37,65001.47,65001.57,65001.67,65001.770000000004,65001.87,65001.97]",65001.07,"[0.001,0.002,0.003,0.004,0.005,0.006,0.007,0.008,0.009000000000000001,0.01]",0.001,"[65000.87,65000.770000000004,65000.67,65000.57,65000.47,65000.37,65000.270000000004,65000.17,65000.07,64999.97]",65000.87,"[0.001,0.002,0.003,0.004,0.005,0.006,0.007,0.008,0.009000000000000001,0.01]",0.001,2197,mock,InstrumentType.Spot,613966144,mock,BTC-USDT
2199944884,0,0,1783610796591427846,101,depth,"[65001.08,65001.18,65001.280000000006,65001.380000000005,65001.48,65001.58,65001.68,65001.780000000006,65001.880000000005,65001.98]",65001.08,"[0.001,0.002,0.003,0.004,0.005,0.006,0.007,0.008,0.009000000000000001,0.01]",0.001,"[65000.880000000005,65000.780000000006,65000.68,65000.58,65000.48,65000.380000000005,65000.280000000006,65000.18,65000.08,64999.98]",65000.880000000005,"[0.001,0.002,0.003,0.004,0.005,0.006,0.007,0.008,0.009000000000000001,0.01]",0.001,2198,mock,InstrumentType.Spot,613966704,mock,BTC-USDT
2199944884,0,0,1783610796591727856,101,depth,"[65001.09,65001.189999999995,65001.29,65001.39,65001.49,65001.59,65001.689999999995,65001.79,65001.89,65001.99]",65001.09,"[0.001,0.002,0.003,0.004,0.005,0.006,0.007,0.008,0.009000000000000001,0.01]",0.001,"[65000.89,65000.79,65000.689999999995,65000.59,65000.49,65000.39,65000.29,65000.189999999995,65000.09,64999.99]",65000.89,"[0.001,0.002,0.003,0.004,0.005,0.006,0.007,0.008,0.009000000000000001,0.01]",0.001,2199,mock,InstrumentType.Spot,613967264,mock,BTC-USDT
2199944884,0,0,1783610796592027959,101,depth,"[65000.1,65000.2,65000.3,65000.4,65000.5,65000.6,65000.7,65000.8,65000.9,65001.0]",65000.1,"[0.001,0.002,0.003,0.004,0.005,0.006,0.007,0.008,0.009000000000000001,0.01]",0.001,"[64999.9,64999.8,64999.7,64999.6,64999.5,64999.4,64999.3,64999.2,64999.1,64999.0]",64999.9,"[0.001,0.002,0.003,0.004,0.005,0.006,0.007,0.008,0.009000000000000001,0.01]",0.001,2200,mock,InstrumentType.Spot,613967824,mock,BTC-USDT
2199944884,0,0,1783610796592327945,101,depth,"[65000.11,65000.21,65000.310000000005,65000.41,65000.51,65000.61,65000.71,65000.810000000005,65000.91,65001.01]",65000.11,"[0.001,0.002,0.003,0.004,0.005,0.006,0.007,0.008,0.009000000000000001,0.01]",0.001,"[64999.91,64999.810000000005,64999.71,64999.61,64999.51,64999.41,64999.310000000005,64999.21,64999.11,64999.01]",64999.91,"[0.001,0.002,0.003,0.004,0.005,0.006,0.007,0.008,0.009000000000000001,0.01]",0.001,2201,mock,InstrumentType.Spot,613968384,mock,BTC-USDT
2199944884,0,0,1783610796592627932,101,depth,"[65000.119999999995,65000.219999999994,65000.32,65000.42,65000.52,65000.619999999995,65000.719999999994,65000.82,65000.92,65001.02]",65000.119999999995,"[0.001,0.002,0.003,0.004,0.005,0.006,0.007,0.008,0.009000000000000001,0.01]",0.001,"[64999.92,64999.82,64999.719999999994,64999.619999999995,64999.52,64999.42,64999.32,64999.219999999994,64999.119999999995,64999.02]",64999.92,"[0.001,0.002,0.003,0.004,0.005,0.006,0.007,0.008,0.009000000000000001,0.01]",0.001,2202,mock,InstrumentType.Spot,613968944,mock,BTC-USDT
2199944884,0,0,1783610796592927956,101,depth,"[65000.13,65000.229999999996,65000.33,65000.43,65000.53,65000.63,65000.729999999996,65000.83,65000.93,65001.03]",65000.13,"[0.001,0.002,0.003,0.004,0.005,0.006,0.007,0.008,0.009000000000000001,0.01]",0.001,"[64999.93,64999.83,64999.729999999996,64999.63,64999.53,64999.43,64999.33,64999.229999999996,64999.13,64999.03]",64999.93,"[0.001,0.002,0.003,0.004,0.005,0.006,0.007,0.008,0.009000000000000001,0.01]",0.001,2203,mock,InstrumentType.Spot,613969504,mock,BTC-USDT
2199944884,0,0,1783610796593227870,101,depth,"[65000.14,65000.24,65000.340000000004,65000.44,65000.54,65000.64,65000.74,65000.840000000004,65000.94,65001.04]",65000.14,"[0.001,0.002,0.003,0.004,0.005,0.006,0.007,0.008,0.009000000000000001,0.01]",0.001,"[64999.94,64999.840000000004,64999.74,64999.64,64999.54,64999.44,64999.340000000004,64999.24,64999.14,64999.04]",64999.94,"[0.001,0.002,0.003,0.004,0.005,0.006,0.007,0.008,0.009000000000000001,0.01]",0.001,2204,mock,InstrumentType.Spot,613970064,mock,BTC-USDT
2199944884,0,0,1783610796593527612,101,depth,"[65000.15,65000.25,65000.350000000006,65000.450000000004,65000.55,65000.65,65000.75,65000.850000000006,65000.950000000004,65001.05]",65000.15,"[0.001,0.002,0.003,0.004,0.005,0.006,0.007,0.008,0.009000000000000001,0.01]",0.001,"[64999.950000000004,64999.850000000006,64999.75,64999.65,64999.55,64999.450000000004,64999.350000000006,64999.25,64999.15,64999.05]",64999.950000000004,"[0.001,0.002,0.003,0.004,0.005,0.006,0.007,0.008,0.009000000000000001,0.01]",0.001,2205,mock,InstrumentType.Spot,613970624,mock,BTC-USDT
2199944884,0,0,1783610796593832238,101,depth,"[65000.159999999996,65000.259999999995,65000.36,65000.46,65000.56,65000.659999999996,65000.759999999995,65000.86,65000.96,65001.06]",65000.159999999996,"[0.001,0.002,0.003,0.004,0.005,0.006,0.007,0.008,0.009000000000000001,0.01]",0.001,"[64999.96,64999.86,64999.759999999995,64999.659999999996,64999.56,64999.46,64999.36,64999.259999999995,64999.159999999996,64999.06]",64999.96,"[0.001,0.002,0.003,0.004,0.005,0.006,0.007,0.008,0.009000000000000001,0.01]",0.001,2206,mock,InstrumentType.Spot,613971184,mock,BTC-USDT
2199944884,0,0,1783610796594127796,101,depth,"[65000.17,65000.27,65000.37,65000.47,65000.57,65000.67,65000.77,65000.87,65000.97,65001.07]",65000.17,"[0.001,0.002,0.003,0.004,0.005,0.006,0.007,0.008,0.009000000000000001,0.01]",0.001,"[64999.97,64999.87,64999.77,64999.67,64999.57,64999.47,64999.37,64999.27,64999.17,64999.07]",64999.97,"[0.001,0.002,0.003,0.004,0.005,0.006,0.007,0.008,0.009000000000000001,0.01]",0.001,2207,mock,InstrumentType.Spot,613971744,mock,BTC-USDT
2199944884,0,0,1783610796594427717,101,depth,"[65000.18,65000.28,65000.380000000005,65000.48,65000.58,65000.68,65000.78,65000.880000000005,65000.98,65001.08]",65000.18,"[0.001,0.002,0.003,0.004,0.005,0.006,0.007,0.008,0.009000000000000001,0.01]",0.001,"[64999.98,64999.880000000005,64999.78,64999.68,64999.58,64999.48,64999.380000000005,64999.28,64999.18,64999.08]",64999.98,"[0.001,0.002,0.003,0.004,0.005,0.006,0.007,0.008,0.009000000000000001,0.01]",0.001,2208,mock,InstrumentType.Spot,613972304,mock,BTC-USDT
2199944884,0,0,1783610796594727538,101,depth,"[65000.189999999995,65000.28999999999,65000.39,65000.49,65000.59,65000.689999999995,65000.78999999999,65000.89,65000.99,65001.09]",65000.189999999995,"[0.001,0.002,0.003,0.004,0.005,0.006,0.007,0.008,0.009000000000000001,0.01]",0.001,"[64999.99,64999.89,64999.78999999999,64999.689999999995,64999.59,64999.49,64999.39,64999.28999999999,64999.189999999995,64999.09]",64999.99,"[0.001,0.002,0.003,0.004,0.005,0.006,0.007,0.008,0.009000000000000001,0.01]",0.001,2209,mock,InstrumentType.Spot,613972864,mock,BTC-USDT
2199944884,0,0,1783610796595027610,101,depth,"[65000.2,65000.299999999996,65000.4,65000.5,65000.6,65000.7,65000.799999999996,65000.9,65001.0,65001.1]",65000.2,"[0.001,0.002,0.003,0.004,0.005,0.006,0.007,0.008,0.009000000000000001,0.01]",0.001,"[65000.0,64999.9,64999.799999999996,64999.7,64999.6,64999.5,64999.4,64999.299999999996,64999.2,64999.1]",65000.0,"[0.001,0.002,0.003,0.004,0.005,0.006,0.007,0.008,0.009000000000000001,0.01]",0.001,2210,mock,InstrumentType.Spot,613973424,mock,BTC-USDT
2199944884,0,0,1783610796595327869,101,depth,"[65000.21,65000.31,65000.41,65000.51,65000.61,65000.71,65000.81,65000.91,65001.01,65001.11]",65000.21,"[0.001,0.002,0.003,0.004,0.005,0.006,0.007,0.008,0.009000000000000001,0.01]",0.001,"[65000.01,64999.91,64999.81,64999.71,64999.61,64999.51,64999.41,64999.31,64999.21,64999.11]",65000.01,"[0.001,0.002,0.003,0.004,0.005,0.006,0.007,0.008,0.009000000000000001,0.01]",0.001,2211,mock,InstrumentType.Spot,613973984,mock,BTC-USDT
2199944884,0,0,1783610796595627615,101,depth,"[65000.22,65000.32,65000.420000000006,65000.520000000004,65000.62,65000.72,65000.82,65000.920000000006,65001.020000000004,65001.12]",65000.22,"[0.001,0.002,0.003,0.004,0.005,0.006,0.007,0.008,0.009000000000000001,0.01]",0.001,"[65000.020000000004,64999.920000000006,64999.82,64999.72,64999.62,64999.520000000004,64999.420000000006,64999.32,64999.22,64999.12]",65000.020000000004,"[0.001,0.002,0.003,0.004,0.005,0.006,0.007,0.008,0.009000000000000001,0.01]",0.001,2212,mock,InstrumentType.Spot,613974544,mock,BTC-USDT
2199944884,0,0,1783610796595927624,101,depth,"[65000.229999999996,65000.329999999994,65000.43,65000.53,65000.63,65000.729999999996,65000.829999999994,65000.93,65001.03,65001.13]",65000.229999999996,"[0.001,0.002,0.003,0.004,0.005,0.006,0.007,0.008,0.009000000000000001,0.01]",0.001,"[65000.03,64999.93,64999.829999999994,64999.729999999996,64999.63,64999.53,64999.43,64999.329999999994,64999.229999999996,64999.13]",65000.03,"[0.001,0.002,0.003,0.004,0.005,0.006,0.007,0.008,0.009000000000000001,0.01]",0.001,2213,mock,InstrumentType.Spot,613975104,mock,BTC-USDT
2199944884,0,0,1783610796596227649,101,depth,"[65000.24,65000.34,65000.44,65000.54,65000.64,65000.74,65000.84,65000.94,65001.04,65001.14]",65000.24,"[0.001,0.002,0.003,0.004,0.005,0.006,0.007,0.008,0.009000000000000001,0.01]",0.001,"[65000.04,64999.94,64999.84,64999.74,64999.64,64999.54,64999.44,64999.34,64999.24,64999.14]",65000.04,"[0.001,0.002,0.003,0.004,0.005,0.006,0.007,0.008,0.009000000000000001,0.01]",0.001,2214,mock,InstrumentType.Spot,613975664,mock,BTC-USDT
2199944884,0,0,1783610796596534378,101,depth,"[65000.25,65000.35,65000.450000000004,65000.55,65000.65,65000.75,65000.85,65000.950000000004,65001.05,65001.15]",65000.25,"[0.001,0.002,0.003,0.004,0.005,0.006,0.007,0.008,0.009000000000000001,0.01]",0.001,"[65000.05,64999.950000000004,64999.85,64999.75,64999.65,64999.55,64999.450000000004,64999.35,64999.25,64999.15]",65000.05,"[0.001,0.002,0.003,0.004,0.005,0.006,0.007,0.008,0.009000000000000001,0.01]",0.001,2215,mock,InstrumentType.Spot,613976224,mock,BTC-USDT
2199944884,0,0,1783610796596827842,101,depth,"[65000.26,65000.36,65000.46000000001,65000.560000000005,65000.66,65000.76,65000.86,65000.96000000001,65001.060000000005,65001.16]",65000.26,"[0.001,0.002,0.003,0.004,0.005,0.006,0.007,0.008,0.009000000000000001,0.01]",0.001,"[65000.060000000005,64999.96000000001,64999.86,64999.76,64999.66,64999.560000000005,64999.46000000001,64999.36,64999.26,64999.16]",65000.060000000005,"[0.001,0.002,0.003,0.004,0.005,0.006,0.007,0.008,0.009000000000000001,0.01]",0.001,2216,mock,InstrumentType.Spot,613976784,mock,BTC-USDT
2199944884,0,0,1783610796597127640,101,depth,"[65000.27,65000.369999999995,65000.47,65000.57,65000.67,65000.77,65000.869999999995,65000.97,65001.07,65001.17]",65000.27,"[0.001,0.002,0.003,0.004,0.005,0.006,0.007,0.008,0.009000000000000001,0.01]",0.001,"[65000.07,64999.97,64999.869999999995,64999.77,64999.67,64999.57,64999.47,64999.369999999995,64999.27,64999.17]",65000.07,"[0.001,0.002,0.003,0.004,0.005,0.006,0.007,0.008,0.009000000000000001,0.01]",0.001,2217,mock,InstrumentType.Spot,613977344,mock,BTC-USDT
2199944884,0,0,1783610796597427578,101,depth,"[65000.28,65000.38,65000.48,65000.58,65000.68,65000.78,65000.88,65000.98,65001.08,65001.18]",65000.28,"[0.001,0.002,0.003,0.004,0.005,0.006,0.007,0.008,0.009000000000000001,0.01]",0.001,"[65000.08,64999.98,64999.88,64999.78,64999.68,64999.58,64999.48,64999.38,64999.28,64999.18]",65000.08,"[0.001,0.002,0.003,0.004,0.005,0.006,0.007,0.008,0.009000000000000001,0.01]",0.001,2218,mock,InstrumentType.Spot,613977904,mock,BTC-USDT
2199944884,0,0,1783610796597727624,101,depth,"[65000.29,65000.39,65000.490000000005,65000.590000000004,65000.69,65000.79,65000.89,65000.990000000005,65001.090000000004,65001.19]",65000.29,"[0.001,0.002,0.003,0.004,0.005,0.006,0.007,0.008,0.009000000000000001,0.01]",0.001,"[65000.090000000004,64999.990000000005,64999.89,64999.79,64999.69,64999.590000000004,64999.490000000005,64999.39,64999.29,64999.19]",65000.090000000004,"[0.001,0.002,0.003,0.004,0.005,0.006,0.007,0.008,0.009000000000000001,0.01]",0.001,2219,mock,InstrumentType.Spot,613978464,mock,BTC-USDT
2199944884,0,0,1783610796598027712,101,depth,"[65000.299999999996,65000.399999999994,65000.5,65000.6,65000.7,65000.799999999996,65000.899999999994,65001.0,65001.1,65001.2]",65000.299999999996,"[0.001,0.002,0.003,0.004,0.005,0.006,0.007,0.008,0.009000000000000001,0.01]",0.001,"[65000.1,65000.0,64999.899999999994,64999.799999999996,64999.7,64999.6,64999.5,64999.399999999994,64999.299999999996,64999.2]",65000.1,"[0.001,0.002,0.003,0.004,0.005,0.006,0.007,0.008,0.009000000000000001,0.01]",0.001,2220,mock,InstrumentType.Spot,613979024,mock,BTC-USDT
2199944884,0,0,1783610796598327513,101,depth,"[65000.31,65000.409999999996,65000.51,65000.61,65000.71,65000.81,65000.909999999996,65001.01,65001.11,65001.21]",65000.31,"[0.001,0.002,0.003,0.004,0.005,0.006,0.007,0.008,0.009000000000000001,0.01]",0.001,"[65000.11,65000.01,64999.909999999996,64999.81,64999.71,64999.61,64999.51,64999.409999999996,64999.31,64999.21]",65000.11,"[0.001,0.002,0.003,0.004,0.005,0.006,0.007,0.008,0.009000000000000001,0.01]",0.001,2221,mock,InstrumentType.Spot,613979584,mock,BTC-USDT
2199944884,0,0,1783610796598627521,101,depth,"[65000.32,65000.42,65000.520000000004,65000.62,65000.72,65000.82,65000.92,65001.020000000004,65001.12,65001.22]",65000.32,"[0.001,0.002,0.003,0.004,0.005,0.006,0.007,0.008,0.009000000000000001,0.01]",0.001,"[65000.12,65000.020000000004,64999.92,64999.82,64999.72,64999.62,64999.520000000004,64999.42,64999.32,64999.22]",65000.12,"[0.001,0.002,0.003,0.004,0.005,0.006,0.007,0.008,0.009000000000000001,0.01]",0.001,2222,mock,InstrumentType.Spot,613980144,mock,BTC-USDT
2199944884,0,0,1783610796598927661,101,depth,"[65000.33,65000.43,65000.530000000006,65000.630000000005,65000.73,65000.83,65000.93,65001.030000000006,65001.130000000005,65001.23]",65000.33,"[0.001,0.002,0.003,0.004,0.005,0.006,0.007,0.008,0.009000000000000001,0.01]",0.001,"[65000.130000000005,65000.030000000006,64999.93,64999.83,64999.73,64999.630000000005,64999.530000000006,64999.43,64999.33,64999.23]",65000.130000000005,"[0.001,0.002,0.003,0.004,0.005,0.006,0.007,0.008,0.009000000000000001,0.01]",0.001,2223,mock,InstrumentType.Spot,613980704,mock,BTC-USDT
2199944884,0,0,1783610796599227662,101,depth,"[65000.34,65000.439999999995,65000.54,65000.64,65000.74,65000.84,65000.939999999995,65001.04,65001.14,65001.24]",65000.34,"[0.001,0.002,0.003,0.004,0.005,0.006,0.007,0.008,0.009000000000000001,0.01]",0.001,"[65000.14,65000.04,64999.939999999995,64999.84,64999.74,64999.64,64999.54,64999.439999999995,64999.34,64999.24]",65000.14,"[0.001,0.002,0.003,0.004,0.005,0.006,0.007,0.008,0.009000000000000001,0.01]",0.001,2224,mock,InstrumentType.Spot,613981264,mock,BTC-USDT
2199944884,0,0,1783610796599534245,101,depth,"[65000.35,65000.45,65000.55,65000.65,65000.75,65000.85,65000.95,65001.05,65001.15,65001.25]",65000.35,"[0.001,0.002,0.003,0.004,0.005,0.006,0.007,0.008,0.009000000000000001,0.01]",0.001,"[65000.15,65000.05,64999.95,64999.85,64999.75,64999.65,64999.55,64999.45,64999.35,64999.25]",65000.15,"[0.001,0.002,0.003,0.004,0.005,0.006,0.007,0.008,0.009000000000000001,0.01]",0.001,2225,mock,InstrumentType.Spot,613981824,mock,BTC-USDT
2199944884,0,0,1783610796599827814,101,depth,"[65000.36,65000.46,65000.560000000005,65000.66,65000.76,65000.86,65000.96,65001.060000000005,65001.16,65001.26]",65000.36,"[0.001,0.002,0.003,0.004,0.005,0.006,0.007,0.008,0.009000000000000001,0.01]",0.001,"[65000.16,65000.060000000005,64999.96,64999.86,64999.76,64999.66,64999.560000000005,64999.46,64999.36,64999.26]",65000.16,"[0.001,0.002,0.003,0.004,0.005,0.006,0.007,0.008,0.009000000000000001,0.01]",0.001,2226,mock,InstrumentType.Spot,613982384,mock,BTC-USDT
2199944884,0,0,1783610796600127800,101,depth,"[65000.369999999995,65000.469999999994,65000.57,65000.67,65000.77,65000.869999999995,65000.969999999994,65001.07,65001.17,65001.27]",65000.369999999995,"[0.001,0.002,0.003,0.004,0.005,0.006,0.007,0.008,0.009000000000000001,0.01]",0.001,"[65000.17,65000.07,64999.969999999994,64999.869999999995,64999.77,64999.67,64999.57,64999.469999999994,64999.369999999995,64999.27]",65000.17,"[0.001,0.002,0.003,0.004,0.005,0.006,0.007,0.008,0.009000000000000001,0.01]",0.001,2227,mock,InstrumentType.Spot,613982944,mock,BTC-USDT
2199944884,0,0,1783610796600427667,101,depth,"[65000.38,65000.479999999996,65000.58,65000.68,65000.78,65000.88,65000.979999999996,65001.08,65001.18,65001.28]",65000.38,"[0.001,0.002,0.003,0.004,0.005,0.006,0.007,0.008,0.009000000000000001,0.01]",0.001,"[65000.18,65000.08,64999.979999999996,64999.88,64999.78,64999.68,64999.58,64999.479999999996,64999.38,64999.28]",65000.18,"[0.001,0.002,0.003,0.004,0.005,0.006,0.007,0.008,0.009000000000000001,0.01]",0.001,2228,mock,InstrumentType.Spot,613983504,mock,BTC-USDT
2199944884,0,0,1783610796600727812,101,depth,"[65000.39,65000.49,65000.590000000004,65000.69,65000.79,65000.89,65000.99,65001.090000000004,65001.19,65001.29]",65000.39,"[0.001,0.002,0.003,0.004,0.005,0.006,0.007,0.008,0.009000000000000001,0.01]",0.001,"[65000.19,65000.090000000004,64999.99,64999.89,64999.79,64999.69,64999.590000000004,64999.49,64999.39,64999.29]",65000.19,"[0.001,0.002,0.003,0.004,0.005,0.006,0.007,0.008,0.009000000000000001,0.01]",0.001,2229,mock,InstrumentType.Spot,613984064,mock,BTC-USDT
2199944884,0,0,1783610796601027638,101,depth,"[65000.4,65000.5,65000.600000000006,65000.700000000004,65000.8,65000.9,65001.0,65001.100000000006,65001.200000000004,65001.3]",65000.4,"[0.001,0.002,0.003,0.004,0.005,0.006,0.007,0.008,0.009000000000000001,0.01]",0.001,"[65000.200000000004,65000.100000000006,65000.0,64999.9,64999.8,64999.700000000004,64999.600000000006,64999.5,64999.4,64999.3]",65000.200000000004,"[0.001,0.002,0.003,0.004,0.005,0.006,0.007,0.008,0.009000000000000001,0.01]",0.001,2230,mock,InstrumentType.Spot,613984624,mock,BTC-USDT
2199944884,0,0,1783610796602107694,101,depth,"[65000.409999999996,65000.509999999995,65000.61,65000.71,65000.81,65000.909999999996,65001.009999999995,65001.11,65001.21,65001.31]",65000.409999999996,"[0.001,0.002,0.003,0.004,0.005,0.006,0.007,0.008,0.009000000000000001,0.01]",0.001,"[65000.21,65000.11,65000.009999999995,64999.909999999996,64999.81,64999.71,64999.61,64999.509999999995,64999.409999999996,64999.31]",65000.21,"[0.001,0.002,0.003,0.004,0.005,0.006,0.007,0.008,0.009000000000000001,0.01]",0.001,2231,mock,InstrumentType.Spot,613985184,mock,BTC-USDT
2199944884,0,0,1783610796602132664,101,depth,"[65000.42,65000.52,65000.62,65000.72,65000.82,65000.92,65001.02,65001.12,65001.22,65001.32]",65000.42,"[0.001,0.002,0.003,0.004,0.005,0.006,0.007,0.008,0.009000000000000001,0.01]",0.001,"[65000.22,65000.12,65000.02,64999.92,64999.82,64999.72,64999.62,64999.52,64999.42,64999.32]",65000.22,"[0.001,0.002,0.003,0.004,0.005,0.006,0.007,0.008,0.009000000000000001,0.01]",0.001,2232,mock,InstrumentType.Spot,613985744,mock,BTC-USDT
2199944884,0,0,1783610796602139363,101,depth,"[65000.43,65000.53,65000.630000000005,65000.73,65000.83,65000.93,65001.03,65001.130000000005,65001.23,65001.33]",65000.43,"[0.001,0.002,0.003,0.004,0.005,0.006,0.007,0.008,0.009000000000000001,0.01]",0.001,"[65000.23,65000.130000000005,65000.03,64999.93,64999.83,64999.73,64999.630000000005,64999.53,64999.43,64999.33]",65000.23,"[0.001,0.002,0.003,0.004,0.005,0.006,0.007,0.008,0.009000000000000001,0.01]",0.001,2233,mock,InstrumentType.Spot,613986304,mock,BTC-USDT
2199944884,0,0,1783610796602255752,101,depth,"[65000.439999999995,65000.53999999999,65000.64,65000.74,65000.84,65000.939999999995,65001.03999999999,65001.14,65001.24,65001.34]",65000.439999999995,"[0.001,0.002,0.003,0.004,0.005,0.006,0.007,0.008,0.009000000000000001,0.01]",0.001,"[65000.24,65000.14,65000.03999999999,64999.939999999995,64999.84,64999.74,64999.64,64999.53999999999,64999.439999999995,64999.34]",65000.24,"[0.001,0.002,0.003,0.004,0.005,0.006,0.007,0.008,0.009000000000000001,0.01]",0.001,2234,mock,InstrumentType.Spot,613986864,mock,BTC-USDT
2199944884,0,0,1783610796602528909,101,depth,"[65000.45,65000.549999999996,65000.65,65000.75,65000.85,65000.95,65001.049999999996,65001.15,65001.25,65001.35]",65000.45,"[0.001,0.002,0.003,0.004,0.005,0.006,0.007,0.008,0.009000000000000001,0.01]",0.001,"[65000.25,65000.15,65000.049999999996,64999.95,64999.85,64999.75,64999.65,64999.549999999996,64999.45,64999.35]",65000.25,"[0.001,0.002,0.003,0.004,0.005,0.006,0.007,0.008,0.009000000000000001,0.01]",0.001,2235,mock,InstrumentType.Spot,613987424,mock,BTC-USDT
2199944884,0,0,1783610796602828450,101,depth,"[65000.46,65000.56,65000.66,65000.76,65000.86,65000.96,65001.06,65001.16,65001.26,65001.36]",65000.46,"[0.001,0.002,0.003,0.004,0.005,0.006,0.007,0.008,0.009000000000000001,0.01]",0.001,"[65000.26,65000.16,65000.06,64999.96,64999.86,64999.76,64999.66,64999.56,64999.46,64999.36]",65000.26,"[0.001,0.002,0.003,0.004,0.005,0.006,0.007,0.008,0.009000000000000001,0.01]",0.001,2236,mock,InstrumentType.Spot,613987984,mock,BTC-USDT
2199944884,0,0,1783610796603128296,101,depth,"[65000.47,65000.57,65000.670000000006,65000.770000000004,65000.87,65000.97,65001.07,65001.170000000006,65001.270000000004,65001.37]",65000.47,"[0.001,0.002,0.003,0.004,0.005,0.006,0.007,0.008,0.009000000000000001,0.01]",0.001,"[65000.270000000004,65000.170000000006,65000.07,64999.97,64999.87,64999.770000000004,64999.670000000006,64999.57,64999.47,64999.37]",65000.270000000004,"[0.001,0.002,0.003,0.004,0.005,0.006,0.007,0.008,0.009000000000000001,0.01]",0.001,2237,mock,InstrumentType.Spot,613988544,mock,BTC-USDT
2199944884,0,0,1783610796603428273,101,depth,"[65000.479999999996,65000.579999999994,65000.68,65000.78,65000.88,65000.979999999996,65001.079999999994,65001.18,65001.28,65001.38]",65000.479999999996,"[0.001,0.002,0.003,0.004,0.005,0.006,0.007,0.008,0.009000000000000001,0.01]",0.001,"[65000.28,65000.18,65000.079999999994,64999.979999999996,64999.88,64999.78,64999.68,64999.579999999994,64999.479999999996,64999.38]",65000.28,"[0.001,0.002,0.003,0.004,0.005,0.006,0.007,0.008,0.009000000000000001,0.01]",0.001,2238,mock,InstrumentType.Spot,613989104,mock,BTC-USDT
2199944884,0,0,1783610796603728379,101,depth,"[65000.49,65000.59,65000.69,65000.79,65000.89,65000.99,65001.09,65001.19,65001.29,65001.39]",65000.49,"[0.001,0.002,0.003,0.004,0.005,0.006,0.007,0.008,0.009000000000000001,0.01]",0.001,"[65000.29,65000.19,65000.09,64999.99,64999.89,64999.79,64999.69,64999.59,64999.49,64999.39]",65000.29,"[0.001,0.002,0.003,0.004,0.005,0.006,0.007,0.008,0.009000000000000001,0.01]",0.001,2239,mock,InstrumentType.Spot,613989664,mock,BTC-USDT
2199944884,0,0,1783610796604028303,101,depth,"[65000.5,65000.6,65000.700000000004,65000.8,65000.9,65001.0,65001.1,65001.200000000004,65001.3,65001.4]",65000.5,"[0.001,0.002,0.003,0.004,0.005,0.006,0.007,0.008,0.009000000000000001,0.01]",0.001,"[65000.3,65000.200000000004,65000.1,65000.0,64999.9,64999.8,64999.700000000004,64999.6,64999.5,64999.4]",65000.3,"[0.001,0.002,0.003,0.004,0.005,0.006,0.007,0.008,0.009000000000000001,0.01]",0.001,2240,mock,InstrumentType.Spot,613990224,mock,BTC-USDT
2199944884,0,0,1783610796604328041,101,depth,"[65000.51,65000.61,65000.71000000001,65000.810000000005,65000.91,65001.01,65001.11,65001.21000000001,65001.310000000005,65001.41]",65000.51,"[0.001,0.002,0.003,0.004,0.005,0.006,0.007,0.008,0.009000000000000001,0.01]",0.001,"[65000.310000000005,65000.21000000001,65000.11,65000.01,64999.91,64999.810000000005,64999.71000000001,64999.61,64999.51,64999.41]",65000.310000000005,"[0.001,0.002,0.003,0.004,0.005,0.006,0.007,0.008,0.009000000000000001,0.01]",0.001,2241,mock,InstrumentType.Spot,613990784,mock,BTC-USDT
2199944884,0,0,1783610796604627736,101,depth,"[65000.52,65000.619999999995,65000.72,65000.82,65000.92,65001.02,65001.119999999995,65001.22,65001.32,65001.42]",65000.52,"[0.001,0.002,0.003,0.004,0.005,0.006,0.007,0.008,0.009000000000000001,0.01]",0.001,"[65000.32,65000.22,65000.119999999995,65000.02,64999.92,64999.82,64999.72,64999.619999999995,64999.52,64999.42]",65000.32,"[0.001,0.002,0.003,0.004,0.005,0.006,0.007,0.008,0.009000000000000001,0.01]",0.001,2242,mock,InstrumentType.Spot,613991344,mock,BTC-USDT
2199944884,0,0,1783610796604927815,101,depth,"[65000.53,65000.63,65000.73,65000.83,65000.93,65001.03,65001.13,65001.23,65001.33,65001.43]",65000.53,"[0.001,0.002,0.003,0.004,0.005,0.006,0.007,0.008,0.009000000000000001,0.01]",0.001,"[65000.33,65000.23,65000.13,65000.03,64999.93,64999.83,64999.73,64999.63,64999.53,64999.43]",65000.33,"[0.001,0.002,0.003,0.004,0.005,0.006,0.007,0.008,0.009000000000000001,0.01]",0.001,2243,mock,InstrumentType.Spot,613991904,mock,BTC-USDT
2199944884,0,0,1783610796605237767,101,depth,"[65000.54,65000.64,65000.740000000005,65000.840000000004,65000.94,65001.04,65001.14,65001.240000000005,65001.340000000004,65001.44]",65000.54,"[0.001,0.002,0.003,0.004,0.005,0.006,0.007,0.008,0.009000000000000001,0.01]",0.001,"[65000.340000000004,65000.240000000005,65000.14,65000.04,64999.94,64999.840000000004,64999.740000000005,64999.64,64999.54,64999.44]",65000.340000000004,"[0.001,0.002,0.003,0.004,0.005,0.006,0.007,0.008,0.009000000000000001,0.01]",0.001,2244,mock,InstrumentType.Spot,613992464,mock,BTC-USDT
2199944884,0,0,1783610796605528069,101,depth,"[65000.549999999996,65000.649999999994,65000.75,65000.85,65000.95,65001.049999999996,65001.149999999994,65001.25,65001.35,65001.45]",65000.549999999996,"[0.001,0.002,0.003,0.004,0.005,0.006,0.007,0.008,0.009000000000000001,0.01]",0.001,"[65000.35,65000.25,65000.149999999994,65000.049999999996,64999.95,64999.85,64999.75,64999.649999999994,64999.549999999996,64999.45]",65000.35,"[0.001,0.002,0.003,0.004,0.005,0.006,0.007,0.008,0.009000000000000001,0.01]",0.001,2245,mock,InstrumentType.Spot,613993024,mock,BTC-USDT
2199944884,0,0,1783610796605827826,101,depth,"[65000.56,65000.659999999996,65000.76,65000.86,65000.96,65001.06,65001.159999999996,65001.26,65001.36,65001.46]",65000.56,"[0.001,0.002,0.003,0.004,0.005,0.006,0.007,0.008,0.009000000000000001,0.01]",0.001,"[65000.36,65000.26,65000.159999999996,65000.06,64999.96,64999.86,64999.76,64999.659999999996,64999.56,64999.46]",65000.36,"[0.001,0.002,0.003,0.004,0.005,0.006,0.007,0.008,0.009000000000000001,0.01]",0.001,2246,mock,InstrumentType.Spot,613993584,mock,BTC-USDT
2199944884,0,0,1783610796606127948,101,depth,"[65000.57,65000.67,65000.770000000004,65000.87,65000.97,65001.07,65001.17,65001.270000000004,65001.37,65001.47]",65000.57,"[0.001,0.002,0.003,0.004,0.005,0.006,0.007,0.008,0.009000000000000001,0.01]",0.001,"[65000.37,65000.270000000004,65000.17,65000.07,64999.97,64999.87,64999.770000000004,64999.67,64999.57,64999.47]",65000.37,"[0.001,0.002,0.003,0.004,0.005,0.006,0.007,0.008,0.009000000000000001,0.01]",0.001,2247,mock,InstrumentType.Spot,613994144,mock,BTC-USDT
2199944884,0,0,1783610796606427798,101,depth,"[65000.58,65000.68,65000.780000000006,65000.880000000005,65000.98,65001.08,65001.18,65001.280000000006,65001.380000000005,65001.48]",65000.58,"[0.001,0.002,0.003,0.004,0.005,0.006,0.007,0.008,0.009000000000000001,0.01]",0.001,"[65000.380000000005,65000.280000000006,65000.18,65000.08,64999.98,64999.880000000005,64999.780000000006,64999.68,64999.58,64999.48]",65000.380000000005,"[0.001,0.002,0.003,0.004,0.005,0.006,0.007,0.008,0.009000000000000001,0.01]",0.001,2248,mock,InstrumentType.Spot,613994704,mock,BTC-USDT
2199944884,0,0,1783610796606727863,101,depth,"[65000.59,65000.689999999995,65000.79,65000.89,65000.99,65001.09,65001.189999999995,65001.29,65001.39,65001.49]",65000.59,"[0.001,0.002,0.003,0.004,0.005,0.006,0.007,0.008,0.009000000000000001,0.01]",0.001,"[65000.39,65000.29,65000.189999999995,65000.09,64999.99,64999.89,64999.79,64999.689999999995,64999.59,64999.49]",65000.39,"[0.001,0.002,0.003,0.004,0.005,0.006,0.007,0.008,0.009000000000000001,0.01]",0.001,2249,mock,InstrumentType.Spot,613995264,mock,BTC-USDT
2199944884,0,0,1783610796607027843,101,depth,"[65000.6,65000.7,65000.8,65000.9,65001.0,65001.1,65001.2,65001.3,65001.4,65001.5]",65000.6,"[0.001,0.002,0.003,0.004,0.005,0.006,0.007,0.008,0.009000000000000001,0.01]",0.001,"[65000.4,65000.3,65000.2,65000.1,65000.0,64999.9,64999.8,64999.7,64999.6,64999.5]",65000.4,"[0.001,0.002,0.003,0.004,0.005,0.006,0.007,0.008,0.009000000000000001,0.01]",0.001,2250,mock,InstrumentType.Spot,613995824,mock,BTC-USDT
2199944884,0,0,1783610796607327862,101,depth,"[65000.61,65000.71,65000.810000000005,65000.91,65001.01,65001.11,65001.21,65001.310000000005,65001.41,65001.51]",65000.61,"[0.001,0.002,0.003,0.004,0.005,0.006,0.007,0.008,0.009000000000000001,0.01]",0.001,"[65000.41,65000.310000000005,65000.21,65000.11,65000.01,64999.91,64999.810000000005,64999.71,64999.61,64999.51]",65000.41,"[0.001,0.002,0.003,0.004,0.005,0.006,0.007,0.008,0.009000000000000001,0.01]",0.001,2251,mock,InstrumentType.Spot,613996384,mock,BTC-USDT
2199944884,0,0,1783610796607628534,101,depth,"[65000.619999999995,65000.719999999994,65000.82,65000.92,65001.02,65001.119999999995,65001.219999999994,65001.32,65001.42,65001.52]",65000.619999999995,"[0.001,0.002,0.003,0.004,0.005,0.006,0.007,0.008,0.009000000000000001,0.01]",0.001,"[65000.42,65000.32,65000.219999999994,65000.119999999995,65000.02,64999.92,64999.82,64999.719999999994,64999.619999999995,64999.52]",65000.42,"[0.001,0.002,0.003,0.004,0.005,0.006,0.007,0.008,0.009000000000000001,0.01]",0.001,2252,mock,InstrumentType.Spot,613996944,mock,BTC-USDT
2199944884,0,0,1783610796607928014,101,depth,"[65000.63,65000.729999999996,65000.83,65000.93,65001.03,65001.13,65001.229999999996,65001.33,65001.43,65001.53]",65000.63,"[0.001,0.002,0.003,0.004,0.005,0.006,0.007,0.008,0.009000000000000001,0.01]",0.001,"[65000.43,65000.33,65000.229999999996,65000.13,65000.03,64999.93,64999.83,64999.729999999996,64999.63,64999.53]",65000.43,"[0.001,0.002,0.003,0.004,0.005,0.006,0.007,0.008,0.009000000000000001,0.01]",0.001,2253,mock,InstrumentType.Spot,613997504,mock,BTC-USDT
2199944884,0,0,1783610796608235498,101,depth,"[65000.64,65000.74,65000.840000000004,65000.94,65001.04,65001.14,65001.24,65001.340000000004,65001.44,65001.54]",65000.64,"[0.001,0.002,0.003,0.004,0.005,0.006,0.007,0.008,0.009000000000000001,0.01]",0.001,"[65000.44,65000.340000000004,65000.24,65000.14,65000.04,64999.94,64999.840000000004,64999.74,64999.64,64999.54]",65000.44,"[0.001,0.002,0.003,0.004,0.005,0.006,0.007,0.008,0.009000000000000001,0.01]",0.001,2254,mock,InstrumentType.Spot,613998064,mock,BTC-USDT
2199944884,0,0,1783610796608528020,101,depth,"[65000.65,65000.75,65000.850000000006,65000.950000000004,65001.05,65001.15,65001.25,65001.350000000006,65001.450000000004,65001.55]",65000.65,"[0.001,0.002,0.003,0.004,0.005,0.006,0.007,0.008,0.009000000000000001,0.01]",0.001,"[65000.450000000004,65000.350000000006,65000.25,65000.15,65000.05,64999.950000000004,64999.850000000006,64999.75,64999.65,64999.55]",65000.450000000004,"[0.001,0.002,0.003,0.004,0.005,0.006,0.007,0.008,0.009000000000000001,0.01]",0.001,2255,mock,InstrumentType.Spot,613998624,mock,BTC-USDT
2199944884,0,0,1783610796608827792,101,depth,"[65000.659999999996,65000.759999999995,65000.86,65000.96,65001.06,65001.159999999996,65001.259999999995,65001.36,65001.46,65001.56]",65000.659999999996,"[0.001,0.002,0.003,0.004,0.005,0.006,0.007,0.008,0.009000000000000001,0.01]",0.001,"[65000.46,65000.36,65000.259999999995,65000.159999999996,65000.06,64999.96,64999.86,64999.759999999995,64999.659999999996,64999.56]",65000.46,"[0.001,0.002,0.003,0.004,0.005,0.006,0.007,0.008,0.009000000000000001,0.01]",0.001,2256,mock,InstrumentType.Spot,613999184,mock,BTC-USDT
2199944884,0,0,1783610796609128015,101,depth,"[65000.67,65000.77,65000.87,65000.97,65001.07,65001.17,65001.27,65001.37,65001.47,65001.57]",65000.67,"[0.001,0.002,0.003,0.004,0.005,0.006,0.007,0.008,0.009000000000000001,0.01]",0.001,"[65000.47,65000.37,65000.27,65000.17,65000.07,64999.97,64999.87,64999.77,64999.67,64999.57]",65000.47,"[0.001,0.002,0.003,0.004,0.005,0.006,0.007,0.008,0.009000000000000001,0.01]",0.001,2257,mock,InstrumentType.Spot,613999744,mock,BTC-USDT
2199944884,0,0,1783610796609429133,101,depth,"[65000.68,65000.78,65000.880000000005,65000.98,65001.08,65001.18,65001.28,65001.380000000005,65001.48,65001.58]",65000.68,"[0.001,0.002,0.003,0.004,0.005,0.006,0.007,0.008,0.009000000000000001,0.01]",0.001,"[65000.48,65000.380000000005,65000.28,65000.18,65000.08,64999.98,64999.880000000005,64999.78,64999.68,64999.58]",65000.48,"[0.001,0.002,0.003,0.004,0.005,0.006,0.007,0.008,0.009000000000000001,0.01]",0.001,2258,mock,InstrumentType.Spot,614000304,mock,BTC-USDT
2199944884,0,0,1783610796609728844,101,depth,"[65000.689999999995,65000.78999999999,65000.89,65000.99,65001.09,65001.189999999995,65001.28999999999,65001.39,65001.49,65001.59]",65000.689999999995,"[0.001,0.002,0.003,0.004,0.005,0.006,0.007,0.008,0.009000000000000001,0.01]",0.001,"[65000.49,65000.39,65000.28999999999,65000.189999999995,65000.09,64999.99,64999.89,64999.78999999999,64999.689999999995,64999.59]",65000.49,"[0.001,0.002,0.003,0.004,0.005,0.006,0.007,0.008,0.009000000000000001,0.01]",0.001,2259,mock,InstrumentType.Spot,614000864,mock,BTC-USDT
2199944884,0,0,1783610796610027979,101,depth,"[65000.7,65000.799999999996,65000.9,65001.0,65001.1,65001.2,65001.299999999996,65001.4,65001.5,65001.6]",65000.7,"[0.001,0.002,0.003,0.004,0.005,0.006,0.007,0.008,0.009000000000000001,0.01]",0.001,"[65000.5,65000.4,65000.299999999996,65000.2,65000.1,65000.0,64999.9,64999.799999999996,64999.7,64999.6]",65000.5,"[0.001,0.002,0.003,0.004,0.005,0.006,0.007,0.008,0.009000000000000001,0.01]",0.001,2260,mock,InstrumentType.Spot,614001424,mock,BTC-USDT
2199944884,0,0,1783610796610327947,101,depth,"[65000.71,65000.81,65000.91,65001.01,65001.11,65001.21,65001.31,65001.41,65001.51,65001.61]",65000.71,"[0.001,0.002,0.003,0.004,0.005,0.006,0.007,0.008,0.009000000000000001,0.01]",0.001,"[65000.51,65000.41,65000.31,65000.21,65000.11,65000.01,64999.91,64999.81,64999.71,64999.61]",65000.51,"[0.001,0.002,0.003,0.004,0.005,0.006,0.007,0.008,0.009000000000000001,0.01]",0.001,2261,mock,InstrumentType.Spot,614001984,mock,BTC-USDT
2199944884,0,0,1783610796610628096,101,depth,"[65000.72,65000.82,65000.920000000006,65001.020000000004,65001.12,65001.22,65001.32,65001.420000000006,65001.520000000004,65001.62]",65000.72,"[0.001,0.002,0.003,0.004,0.005,0.006,0.007,0.008,0.009000000000000001,0.01]",0.001,"[65000.520000000004,65000.420000000006,65000.32,65000.22,65000.12,65000.020000000004,64999.920000000006,64999.82,64999.72,64999.62]",65000.520000000004,"[0.001,0.002,0.003,0.004,0.005,0.006,0.007,0.008,0.009000000000000001,0.01]",0.001,2262,mock,InstrumentType.Spot,614002544,mock,BTC-USDT
2199944884,0,0,1783610796610938490,101,depth,"[65000.729999999996,65000.829999999994,65000.93,65001.03,65001.13,65001.229999999996,65001.329999999994,65001.43,65001.53,65001.63]",65000.729999999996,"[0.001,0.002,0.003,0.004,0.005,0.006,0.007,0.008,0.009000000000000001,0.01]",0.001,"[65000.53,65000.43,65000.329999999994,65000.229999999996,65000.13,65000.03,64999.93,64999.829999999994,64999.729999999996,64999.63]",65000.53,"[0.001,0.002,0.003,0.004,0.005,0.006,0.007,0.008,0.009000000000000001,0.01]",0.001,2263,mock,InstrumentType.Spot,614003104,mock,BTC-USDT
2199944884,0,0,1783610796611228402,101,depth,"[65000.74,65000.84,65000.94,65001.04,65001.14,65001.24,65001.34,65001.44,65001.54,65001.64]",65000.74,"[0.001,0.002,0.003,0.004,0.005,0.006,0.007,0.008,0.009000000000000001,0.01]",0.001,"[65000.54,65000.44,65000.34,65000.24,65000.14,65000.04,64999.94,64999.84,64999.74,64999.64]",65000.54,"[0.001,0.002,0.003,0.004,0.005,0.006,0.007,0.008,0.009000000000000001,0.01]",0.001,2264,mock,InstrumentType.Spot,614003664,mock,BTC-USDT
2199944884,0,0,1783610796611528113,101,depth,"[65000.75,65000.85,65000.950000000004,65001.05,65001.15,65001.25,65001.35,65001.450000000004,65001.55,65001.65]",65000.75,"[0.001,0.002,0.003,0.004,0.005,0.006,0.007,0.008,0.009000000000000001,0.01]",0.001,"[65000.55,65000.450000000004,65000.35,65000.25,65000.15,65000.05,64999.950000000004,64999.85,64999.75,64999.65]",65000.55,"[0.001,0.002,0.003,0.004,0.005,0.006,0.007,0.008,0.009000000000000001,0.01]",0.001,2265,mock,InstrumentType.Spot,614004224,mock,BTC-USDT
2199944884,0,0,1783610796611828102,101,depth,"[65000.76,65000.86,65000.96000000001,65001.060000000005,65001.16,65001.26,65001.36,65001.46000000001,65001.560000000005,65001.66]",65000.76,"[0.001,0.002,0.003,0.004,0.005,0.006,0.007,0.008,0.009000000000000001,0.01]",0.001,"[65000.560000000005,65000.46000000001,65000.36,65000.26,65000.16,65000.060000000005,64999.96000000001,64999.86,64999.76,64999.66]",65000.560000000005,"[0.001,0.002,0.003,0.004,0.005,0.006,0.007,0.008,0.009000000000000001,0.01]",0.001,2266,mock,InstrumentType.Spot,614004784,mock,BTC-USDT
2199944884,0,0,1783610796612128075,101,depth,"[65000.77,65000.869999999995,65000.97,65001.07,65001.17,65001.27,65001.369999999995,65001.47,65001.57,65001.67]",65000.77,"[0.001,0.002,0.003,0.004,0.005,0.006,0.007,0.008,0.009000000000000001,0.01]",0.001,"[65000.57,65000.47,65000.369999999995,65000.27,65000.17,65000.07,64999.97,64999.869999999995,64999.77,64999.67]",65000.57,"[0.001,0.002,0.003,0.004,0.005,0.006,0.007,0.008,0.009000000000000001,0.01]",0.001,2267,mock,InstrumentType.Spot,614005344,mock,BTC-USDT
2199944884,0,0,1783610796612428025,101,depth,"[65000.78,65000.88,65000.98,65001.08,65001.18,65001.28,65001.38,65001.48,65001.58,65001.68]",65000.78,"[0.001,0.002,0.003,0.004,0.005,0.006,0.007,0.008,0.009000000000000001,0.01]",0.001,"[65000.58,65000.48,65000.38,65000.28,65000.18,65000.08,64999.98,64999.88,64999.78,64999.68]",65000.58,"[0.001,0.002,0.003,0.004,0.005,0.006,0.007,0.008,0.009000000000000001,0.01]",0.001,2268,mock,InstrumentType.Spot,614005904,mock,BTC-USDT
2199944884,0,0,1783610796612727710,101,depth,"[65000.79,65000.89,65000.990000000005,65001.090000000004,65001.19,65001.29,65001.39,65001.490000000005,65001.590000000004,65001.69]",65000.79,"[0.001,0.002,0.003,0.004,0.005,0.006,0.007,0.008,0.009000000000000001,0.01]",0.001,"[65000.590000000004,65000.490000000005,65000.39,65000.29,65000.19,65000.090000000004,64999.990000000005,64999.89,64999.79,64999.69]",65000.590000000004,"[0.001,0.002,0.003,0.004,0.005,0.006,0.007,0.008,0.009000000000000001,0.01]",0.001,2269,mock,InstrumentType.Spot,614006464,mock,BTC-USDT
2199944884,0,0,1783610796613027868,101,depth,"[65000.799999999996,65000.899999999994,65001.0,65001.1,65001.2,65001.299999999996,65001.399999999994,65001.5,65001.6,65001.7]",65000.799999999996,"[0.001,0.002,0.003,0.004,0.005,0.006,0.007,0.008,0.009000000000000001,0.01]",0.001,"[65000.6,65000.5,65000.399999999994,65000.299999999996,65000.2,65000.1,65000.0,64999.899999999994,64999.799999999996,64999.7]",65000.6,"[0.001,0.002,0.003,0.004,0.005,0.006,0.007,0.008,0.009000000000000001,0.01]",0.001,2270,mock,InstrumentType.Spot,614007024,mock,BTC-USDT
2199944884,0,0,1783610796613327875,101,depth,"[65000.81,65000.909999999996,65001.01,65001.11,65001.21,65001.31,65001.409999999996,65001.51,65001.61,65001.71]",65000.81,"[0.001,0.002,0.003,0.004,0.005,0.006,0.007,0.008,0.009000000000000001,0.01]",0.001,"[65000.61,65000.51,65000.409999999996,65000.31,65000.21,65000.11,65000.01,64999.909999999996,64999.81,64999.71]",65000.61,"[0.001,0.002,0.003,0.004,0.005,0.006,0.007,0.008,0.009000000000000001,0.01]",0.001,2271,mock,InstrumentType.Spot,614007584,mock,BTC-USDT
2199944884,0,0,1783610796613627881,101,depth,"[65000.82,65000.92,65001.020000000004,65001.12,65001.22,65001.32,65001.42,65001.520000000004,65001.62,65001.72]",65000.82,"[0.001,0.002,0.003,0.004,0.005,0.006,0.007,0.008,0.009000000000000001,0.01]",0.001,"[65000.62,65000.520000000004,65000.42,65000.32,65000.22,65000.12,65000.020000000004,64999.92,64999.82,64999.72]",65000.62,"[0.001,0.002,0.003,0.004,0.005,0.006,0.007,0.008,0.009000000000000001,0.01]",0.001,2272,mock,InstrumentType.Spot,614008144,mock,BTC-USDT
2199944884,0,0,1783610796613933954,101,depth,"[65000.83,65000.93,65001.030000000006,65001.130000000005,65001.23,65001.33,65001.43,65001.530000000006,65001.630000000005,65001.73]",65000.83,"[0.001,0.002,0.003,0.004,0.005,0.006,0.007,0.008,0.009000000000000001,0.01]",0.001,"[65000.630000000005,65000.530000000006,65000.43,65000.33,65000.23,65000.130000000005,65000.030000000006,64999.93,64999.83,64999.73]",65000.630000000005,"[0.001,0.002,0.003,0.004,0.005,0.006,0.007,0.008,0.009000000000000001,0.01]",0.001,2273,mock,InstrumentType.Spot,614008704,mock,BTC-USDT
2199944884,0,0,1783610796614228123,101,depth,"[65000.84,65000.939999999995,65001.04,65001.14,65001.24,65001.34,65001.439999999995,65001.54,65001.64,65001.74]",65000.84,"[0.001,0.002,0.003,0.004,0.005,0.006,0.007,0.008,0.009000000000000001,0.01]",0.001,"[65000.64,65000.54,65000.439999999995,65000.34,65000.24,65000.14,65000.04,64999.939999999995,64999.84,64999.74]",65000.64,"[0.001,0.002,0.003,0.004,0.005,0.006,0.007,0.008,0.009000000000000001,0.01]",0.001,2274,mock,InstrumentType.Spot,613863840,mock,BTC-USDT
2199944884,0,0,1783610796614527806,101,depth,"[65000.85,65000.95,65001.05,65001.15,65001.25,65001.35,65001.45,65001.55,65001.65,65001.75]",65000.85,"[0.001,0.002,0.003,0.004,0.005,0.006,0.007,0.008,0.009000000000000001,0.01]",0.001,"[65000.65,65000.55,65000.45,65000.35,65000.25,65000.15,65000.05,64999.95,64999.85,64999.75]",65000.65,"[0.001,0.002,0.003,0.004,0.005,0.006,0.007,0.008,0.009000000000000001,0.01]",0.001,2275,mock,InstrumentType.Spot,613864400,mock,BTC-USDT
2199944884,0,0,1783610796614827836,101,depth,"[65000.86,65000.96,65001.060000000005,65001.16,65001.26,65001.36,65001.46,65001.560000000005,65001.66,65001.76]",65000.86,"[0.001,0.002,0.003,0.004,0.005,0.006,0.007,0.008,0.009000000000000001,0.01]",0.001,"[65000.66,65000.560000000005,65000.46,65000.36,65000.26,65000.16,65000.060000000005,64999.96,64999.86,64999.76]",65000.66,"[0.001,0.002,0.003,0.004,0.005,0.006,0.007,0.008,0.009000000000000001,0.01]",0.001,2276,mock,InstrumentType.Spot,613864960,mock,BTC-USDT
2199944884,0,0,1783610796615127768,101,depth,"[65000.869999999995,65000.969999999994,65001.07,65001.17,65001.27,65001.369999999995,65001.469999999994,65001.57,65001.67,65001.77]",65000.869999999995,"[0.001,0.002,0.003,0.004,0.005,0.006,0.007,0.008,0.009000000000000001,0.01]",0.001,"[65000.67,65000.57,65000.469999999994,65000.369999999995,65000.27,65000.17,65000.07,64999.969999999994,64999.869999999995,64999.77]",65000.67,"[0.001,0.002,0.003,0.004,0.005,0.006,0.007,0.008,0.009000000000000001,0.01]",0.001,2277,mock,InstrumentType.Spot,613865520,mock,BTC-USDT
2199944884,0,0,1783610796615427752,101,depth,"[65000.88,65000.979999999996,65001.08,65001.18,65001.28,65001.38,65001.479999999996,65001.58,65001.68,65001.78]",65000.88,"[0.001,0.002,0.003,0.004,0.005,0.006,0.007,0.008,0.009000000000000001,0.01]",0.001,"[65000.68,65000.58,65000.479999999996,65000.38,65000.28,65000.18,65000.08,64999.979999999996,64999.88,64999.78]",65000.68,"[0.001,0.002,0.003,0.004,0.005,0.006,0.007,0.008,0.009000000000000001,0.01]",0.001,2278,mock,InstrumentType.Spot,613866080,mock,BTC-USDT
2199944884,0,0,1783610796615727769,101,depth,"[65000.89,65000.99,65001.090000000004,65001.19,65001.29,65001.39,65001.49,65001.590000000004,65001.69,65001.79]",65000.89,"[0.001,0.002,0.003,0.004,0.005,0.006,0.007,0.008,0.009000000000000001,0.01]",0.001,"[65000.69,65000.590000000004,65000.49,65000.39,65000.29,65000.19,65000.090000000004,64999.99,64999.89,64999.79]",65000.69,"[0.001,0.002,0.003,0.004,0.005,0.006,0.007,0.008,0.009000000000000001,0.01]",0.001,2279,mock,InstrumentType.Spot,613866640,mock,BTC-USDT
2199944884,0,0,1783610796616027628,101,depth,"[65000.9,65001.0,65001.100000000006,65001.200000000004,65001.3,65001.4,65001.5,65001.600000000006,65001.700000000004,65001.8]",65000.9,"[0.001,0.002,0.003,0.004,0.005,0.006,0.007,0.008,0.009000000000000001,0.01]",0.001,"[65000.700000000004,65000.600000000006,65000.5,65000.4,65000.3,65000.200000000004,65000.100000000006,65000.0,64999.9,64999.8]",65000.700000000004,"[0.001,0.002,0.003,0.004,0.005,0.006,0.007,0.008,0.009000000000000001,0.01]",0.001,2280,mock,InstrumentType.Spot,613867200,mock,BTC-USDT
2199944884,0,0,1783610796616327581,101,depth,"[65000.909999999996,65001.009999999995,65001.11,65001.21,65001.31,65001.409999999996,65001.509999999995,65001.61,65001.71,65001.81]",65000.909999999996,"[0.001,0.002,0.003,0.004,0.005,0.006,0.007,0.008,0.009000000000000001,0.01]",0.001,"[65000.71,65000.61,65000.509999999995,65000.409999999996,65000.31,65000.21,65000.11,65000.009999999995,64999.909999999996,64999.81]",65000.71,"[0.001,0.002,0.003,0.004,0.005,0.006,0.007,0.008,0.009000000000000001,0.01]",0.001,2281,mock,InstrumentType.Spot,613867760,mock,BTC-USDT
2199944884,0,0,1783610796616633085,101,depth,"[65000.92,65001.02,65001.12,65001.22,65001.32,65001.42,65001.52,65001.62,65001.72,65001.82]",65000.92,"[0.001,0.002,0.003,0.004,0.005,0.006,0.007,0.008,0.009000000000000001,0.01]",0.001,"[65000.72,65000.62,65000.52,65000.42,65000.32,65000.22,65000.12,65000.02,64999.92,64999.82]",65000.72,"[0.001,0.002,0.003,0.004,0.005,0.006,0.007,0.008,0.009000000000000001,0.01]",0.001,2282,mock,InstrumentType.Spot,613868320,mock,BTC-USDT
2199944884,0,0,1783610796616927659,101,depth,"[65000.93,65001.03,65001.130000000005,65001.23,65001.33,65001.43,65001.53,65001.630000000005,65001.73,65001.83]",65000.93,"[0.001,0.002,0.003,0.004,0.005,0.006,0.007,0.008,0.009000000000000001,0.01]",0.001,"[65000.73,65000.630000000005,65000.53,65000.43,65000.33,65000.23,65000.130000000005,65000.03,64999.93,64999.83]",65000.73,"[0.001,0.002,0.003,0.004,0.005,0.006,0.007,0.008,0.009000000000000001,0.01]",0.001,2283,mock,InstrumentType.Spot,613868880,mock,BTC-USDT
2199944884,0,0,1783610796617228095,101,depth,"[65000.939999999995,65001.03999999999,65001.14,65001.24,65001.34,65001.439999999995,65001.53999999999,65001.64,65001.74,65001.84]",65000.939999999995,"[0.001,0.002,0.003,0.004,0.005,0.006,0.007,0.008,0.009000000000000001,0.01]",0.001,"[65000.74,65000.64,65000.53999999999,65000.439999999995,65000.34,65000.24,65000.14,65000.03999999999,64999.939999999995,64999.84]",65000.74,"[0.001,0.002,0.003,0.004,0.005,0.006,0.007,0.008,0.009000000000000001,0.01]",0.001,2284,mock,InstrumentType.Spot,613869440,mock,BTC-USDT
2199944884,0,0,1783610796617585657,101,depth,"[65000.95,65001.049999999996,65001.15,65001.25,65001.35,65001.45,65001.549999999996,65001.65,65001.75,65001.85]",65000.95,"[0.001,0.002,0.003,0.004,0.005,0.006,0.007,0.008,0.009000000000000001,0.01]",0.001,"[65000.75,65000.65,65000.549999999996,65000.45,65000.35,65000.25,65000.15,65000.049999999996,64999.95,64999.85]",65000.75,"[0.001,0.002,0.003,0.004,0.005,0.006,0.007,0.008,0.009000000000000001,0.01]",0.001,2285,mock,InstrumentType.Spot,613870000,mock,BTC-USDT
2199944884,0,0,1783610796617831274,101,depth,"[65000.96,65001.06,65001.16,65001.26,65001.36,65001.46,65001.56,65001.66,65001.76,65001.86]",65000.96,"[0.001,0.002,0.003,0.004,0.005,0.006,0.007,0.008,0.009000000000000001,0.01]",0.001,"[65000.76,65000.66,65000.56,65000.46,65000.36,65000.26,65000.16,65000.06,64999.96,64999.86]",65000.76,"[0.001,0.002,0.003,0.004,0.005,0.006,0.007,0.008,0.009000000000000001,0.01]",0.001,2286,mock,InstrumentType.Spot,613870560,mock,BTC-USDT
2199944884,0,0,1783610796618131192,101,depth,"[65000.97,65001.07,65001.170000000006,65001.270000000004,65001.37,65001.47,65001.57,65001.670000000006,65001.770000000004,65001.87]",65000.97,"[0.001,0.002,0.003,0.004,0.005,0.006,0.007,0.008,0.009000000000000001,0.01]",0.001,"[65000.770000000004,65000.670000000006,65000.57,65000.47,65000.37,65000.270000000004,65000.170000000006,65000.07,64999.97,64999.87]",65000.770000000004,"[0.001,0.002,0.003,0.004,0.005,0.006,0.007,0.008,0.009000000000000001,0.01]",0.001,2287,mock,InstrumentType.Spot,613871120,mock,BTC-USDT
2199944884,0,0,1783610796618427950,101,depth,"[65000.979999999996,65001.079999999994,65001.18,65001.28,65001.38,65001.479999999996,65001.579999999994,65001.68,65001.78,65001.88]",65000.979999999996,"[0.001,0.002,0.003,0.004,0.005,0.006,0.007,0.008,0.009000000000000001,0.01]",0.001,"[65000.78,65000.68,65000.579999999994,65000.479999999996,65000.38,65000.28,65000.18,65000.079999999994,64999.979999999996,64999.88]",65000.78,"[0.001,0.002,0.003,0.004,0.005,0.006,0.007,0.008,0.009000000000000001,0.01]",0.001,2288,mock,InstrumentType.Spot,613871680,mock,BTC-USDT
2199944884,0,0,1783610796618727826,101,depth,"[65000.99,65001.09,65001.19,65001.29,65001.39,65001.49,65001.59,65001.69,65001.79,65001.89]",65000.99,"[0.001,0.002,0.003,0.004,0.005,0.006,0.007,0.008,0.009000000000000001,0.01]",0.001,"[65000.79,65000.69,65000.59,65000.49,65000.39,65000.29,65000.19,65000.09,64999.99,64999.89]",65000.79,"[0.001,0.002,0.003,0.004,0.005,0.006,0.007,0.008,0.009000000000000001,0.01]",0.001,2289,mock,InstrumentType.Spot,613872240,mock,BTC-USDT
2199944884,0,0,1783610796619027709,101,depth,"[65001.0,65001.1,65001.200000000004,65001.3,65001.4,65001.5,65001.6,65001.700000000004,65001.8,65001.9]",65001.0,"[0.001,0.002,0.003,0.004,0.005,0.006,0.007,0.008,0.009000000000000001,0.01]",0.001,"[65000.8,65000.700000000004,65000.6,65000.5,65000.4,65000.3,65000.200000000004,65000.1,65000.0,64999.9]",65000.8,"[0.001,0.002,0.003,0.004,0.005,0.006,0.007,0.008,0.009000000000000001,0.01]",0.001,2290,mock,InstrumentType.Spot,613872800,mock,BTC-USDT
2199944884,0,0,1783610796619327741,101,depth,"[65001.01,65001.11,65001.21000000001,65001.310000000005,65001.41,65001.51,65001.61,65001.71000000001,65001.810000000005,65001.91]",65001.01,"[0.001,0.002,0.003,0.004,0.005,0.006,0.007,0.008,0.009000000000000001,0.01]",0.001,"[65000.810000000005,65000.71000000001,65000.61,65000.51,65000.41,65000.310000000005,65000.21000000001,65000.11,65000.01,64999.91]",65000.810000000005,"[0.001,0.002,0.003,0.004,0.005,0.006,0.007,0.008,0.009000000000000001,0.01]",0.001,2291,mock,InstrumentType.Spot,613873360,mock,BTC-USDT
2199944884,0,0,1783610796619644776,101,depth,"[65001.02,65001.119999999995,65001.22,65001.32,65001.42,65001.52,65001.619999999995,65001.72,65001.82,65001.92]",65001.02,"[0.001,0.002,0.003,0.004,0.005,0.006,0.007,0.008,0.009000000000000001,0.01]",0.001,"[65000.82,65000.72,65000.619999999995,65000.52,65000.42,65000.32,65000.22,65000.119999999995,65000.02,64999.92]",65000.82,"[0.001,0.002,0.003,0.004,0.005,0.006,0.007,0.008,0.009000000000000001,0.01]",0.001,2292,mock,InstrumentType.Spot,613873920,mock,BTC-USDT
2199944884,0,0,1783610796619927963,101,depth,"[65001.03,65001.13,65001.23,65001.33,65001.43,65001.53,65001.63,65001.73,65001.83,65001.93]",65001.03,"[0.001,0.002,0.003,0.004,0.005,0.006,0.007,0.008,0.009000000000000001,0.01]",0.001,"[65000.83,65000.73,65000.63,65000.53,65000.43,65000.33,65000.23,65000.13,65000.03,64999.93]",65000.83,"[0.001,0.002,0.003,0.004,0.005,0.006,0.007,0.008,0.009000000000000001,0.01]",0.001,2293,mock,InstrumentType.Spot,613874480,mock,BTC-USDT
2199944884,0,0,1783610796620227899,101,depth,"[65001.04,65001.14,65001.240000000005,65001.340000000004,65001.44,65001.54,65001.64,65001.740000000005,65001.840000000004,65001.94]",65001.04,"[0.001,0.002,0.003,0.004,0.005,0.006,0.007,0.008,0.009000000000000001,0.01]",0.001,"[65000.840000000004,65000.740000000005,65000.64,65000.54,65000.44,65000.340000000004,65000.240000000005,65000.14,65000.04,64999.94]",65000.840000000004,"[0.001,0.002,0.003,0.004,0.005,0.006,0.007,0.008,0.009000000000000001,0.01]",0.001,2294,mock,InstrumentType.Spot,613875040,mock,BTC-USDT
2199944884,0,0,1783610796620527894,101,depth,"[65001.049999999996,65001.149999999994,65001.25,65001.35,65001.45,65001.549999999996,65001.649999999994,65001.75,65001.85,65001.95]",65001.049999999996,"[0.001,0.002,0.003,0.004,0.005,0.006,0.007,0.008,0.009000000000000001,0.01]",0.001,"[65000.85,65000.75,65000.649999999994,65000.549999999996,65000.45,65000.35,65000.25,65000.149999999994,65000.049999999996,64999.95]",65000.85,"[0.001,0.002,0.003,0.004,0.005,0.006,0.007,0.008,0.009000000000000001,0.01]",0.001,2295,mock,InstrumentType.Spot,613875600,mock,BTC-USDT
2199944884,0,0,1783610796620827796,101,depth,"[65001.06,65001.159999999996,65001.26,65001.36,65001.46,65001.56,65001.659999999996,65001.76,65001.86,65001.96]",65001.06,"[0.001,0.002,0.003,0.004,0.005,0.006,0.007,0.008,0.009000000000000001,0.01]",0.001,"[65000.86,65000.76,65000.659999999996,65000.56,65000.46,65000.36,65000.26,65000.159999999996,65000.06,64999.96]",65000.86,"[0.001,0.002,0.003,0.004,0.005,0.006,0.007,0.008,0.009000000000000001,0.01]",0.001,2296,mock,InstrumentType.Spot,613876160,mock,BTC-USDT
2199944884,0,0,1783610796621127853,101,depth,"[65001.07,65001.17,65001.270000000004,65001.37,65001.47,65001.57,65001.67,65001.770000000004,65001.87,65001.97]",65001.07,"[0.001,0.002,0.003,0.004,0.005,0.006,0.007,0.008,0.009000000000000001,0.01]",0.001,"[65000.87,65000.770000000004,65000.67,65000.57,65000.47,65000.37,65000.270000000004,65000.17,65000.07,64999.97]",65000.87,"[0.001,0.002,0.003,0.004,0.005,0.006,0.007,0.008,0.009000000000000001,0.01]",0.001,2297,mock,InstrumentType.Spot,613876720,mock,BTC-USDT
2199944884,0,0,1783610796621427856,101,depth,"[65001.08,65001.18,65001.280000000006,65001.380000000005,65001.48,65001.58,65001.68,65001.780000000006,65001.880000000005,65001.98]",65001.08,"[0.001,0.002,0.003,0.004,0.005,0.006,0.007,0.008,0.009000000000000001,0.01]",0.001,"[65000.880000000005,65000.780000000006,65000.68,65000.58,65000.48,65000.380000000005,65000.280000000006,65000.18,65000.08,64999.98]",65000.880000000005,"[0.001,0.002,0.003,0.004,0.005,0.006,0.007,0.008,0.009000000000000001,0.01]",0.001,2298,mock,InstrumentType.Spot,613877280,mock,BTC-USDT
2199944884,0,0,1783610796621727881,101,depth,"[65001.09,65001.189999999995,65001.29,65001.39,65001.49,65001.59,65001.689999999995,65001.79,65001.89,65001.99]",65001.09,"[0.001,0.002,0.003,0.004,0.005,0.006,0.007,0.008,0.009000000000000001,0.01]",0.001,"[65000.89,65000.79,65000.689999999995,65000.59,65000.49,65000.39,65000.29,65000.189999999995,65000.09,64999.99]",65000.89,"[0.001,0.002,0.003,0.004,0.005,0.006,0.007,0.008,0.009000000000000001,0.01]",0.001,2299,mock,InstrumentType.Spot,613877840,mock,BTC-USDT
2199944884,0,0,1783610796622028045,101,depth,"[65000.1,65000.2,65000.3,65000.4,65000.5,65000.6,65000.7,65000.8,65000.9,65001.0]",65000.1,"[0.001,0.002,0.003,0.004,0.005,0.006,0.007,0.008,0.009000000000000001,0.01]",0.001,"[64999.9,64999.8,64999.7,64999.6,64999.5,64999.4,64999.3,64999.2,64999.1,64999.0]",64999.9,"[0.001,0.002,0.003,0.004,0.005,0.006,0.007,0.008,0.009000000000000001,0.01]",0.001,2300,mock,InstrumentType.Spot,613878400,mock,BTC-USDT
2199944884,0,0,1783610796622333898,101,depth,"[65000.11,65000.21,65000.310000000005,65000.41,65000.51,65000.61,65000.71,65000.810000000005,65000.91,65001.01]",65000.11,"[0.001,0.002,0.003,0.004,0.005,0.006,0.007,0.008,0.009000000000000001,0.01]",0.001,"[64999.91,64999.810000000005,64999.71,64999.61,64999.51,64999.41,64999.310000000005,64999.21,64999.11,64999.01]",64999.91,"[0.001,0.002,0.003,0.004,0.005,0.006,0.007,0.008,0.009000000000000001,0.01]",0.001,2301,mock,InstrumentType.Spot,613878960,mock,BTC-USDT
2199944884,0,0,1783610796622628067,101,depth,"[65000.119999999995,65000.219999999994,65000.32,65000.42,65000.52,65000.619999999995,65000.719999999994,65000.82,65000.92,65001.02]",65000.119999999995,"[0.001,0.002,0.003,0.004,0.005,0.006,0.007,0.008,0.009000000000000001,0.01]",0.001,"[64999.92,64999.82,64999.719999999994,64999.619999999995,64999.52,64999.42,64999.32,64999.219999999994,64999.119999999995,64999.02]",64999.92,"[0.001,0.002,0.003,0.004,0.005,0.006,0.007,0.008,0.009000000000000001,0.01]",0.001,2302,mock,InstrumentType.Spot,613879520,mock,BTC-USDT
2199944884,0,0,1783610796622928093,101,depth,"[65000.13,65000.229999999996,65000.33,65000.43,65000.53,65000.63,65000.729999999996,65000.83,65000.93,65001.03]",65000.13,"[0.001,0.002,0.003,0.004,0.005,0.006,0.007,0.008,0.009000000000000001,0.01]",0.001,"[64999.93,64999.83,64999.729999999996,64999.63,64999.53,64999.43,64999.33,64999.229999999996,64999.13,64999.03]",64999.93,"[0.001,0.002,0.003,0.004,0.005,0.006,0.007,0.008,0.009000000000000001,0.01]",0.001,2303,mock,InstrumentType.Spot,613880080,mock,BTC-USDT
2199944884,0,0,1783610796623229555,101,depth,"[65000.14,65000.24,65000.340000000004,65000.44,65000.54,65000.64,65000.74,65000.840000000004,65000.94,65001.04]",65000.14,"[0.001,0.002,0.003,0.004,0.005,0.006,0.007,0.008,0.009000000000000001,0.01]",0.001,"[64999.94,64999.840000000004,64999.74,64999.64,64999.54,64999.44,64999.340000000004,64999.24,64999.14,64999.04]",64999.94,"[0.001,0.002,0.003,0.004,0.005,0.006,0.007,0.008,0.009000000000000001,0.01]",0.001,2304,mock,InstrumentType.Spot,613880640,mock,BTC-USDT
2199944884,0,0,1783610796623528025,101,depth,"[65000.15,65000.25,65000.350000000006,65000.450000000004,65000.55,65000.65,65000.75,65000.850000000006,65000.950000000004,65001.05]",65000.15,"[0.001,0.002,0.003,0.004,0.005,0.006,0.007,0.008,0.009000000000000001,0.01]",0.001,"[64999.950000000004,64999.850000000006,64999.75,64999.65,64999.55,64999.450000000004,64999.350000000006,64999.25,64999.15,64999.05]",64999.950000000004,"[0.001,0.002,0.003,0.004,0.005,0.006,0.007,0.008,0.009000000000000001,0.01]",0.001,2305,mock,InstrumentType.Spot,613881200,mock,BTC-USDT
2199944884,0,0,1783610796623827906,101,depth,"[65000.159999999996,65000.259999999995,65000.36,65000.46,65000.56,65000.659999999996,65000.759999999995,65000.86,65000.96,65001.06]",65000.159999999996,"[0.001,0.002,0.003,0.004,0.005,0.006,0.007,0.008,0.009000000000000001,0.01]",0.001,"[64999.96,64999.86,64999.759999999995,64999.659999999996,64999.56,64999.46,64999.36,64999.259999999995,64999.159999999996,64999.06]",64999.96,"[0.001,0.002,0.003,0.004,0.005,0.006,0.007,0.008,0.009000000000000001,0.01]",0.001,2306,mock,InstrumentType.Spot,614029760,mock,BTC-USDT
2199944884,0,0,1783610796624127975,101,depth,"[65000.17,65000.27,65000.37,65000.47,65000.57,65000.67,65000.77,65000.87,65000.97,65001.07]",65000.17,"[0.001,0.002,0.003,0.004,0.005,0.006,0.007,0.008,0.009000000000000001,0.01]",0.001,"[64999.97,64999.87,64999.77,64999.67,64999.57,64999.47,64999.37,64999.27,64999.17,64999.07]",64999.97,"[0.001,0.002,0.003,0.004,0.005,0.006,0.007,0.008,0.009000000000000001,0.01]",0.001,2307,mock,InstrumentType.Spot,614030176,mock,BTC-USDT
2199944884,0,0,1783610796624427861,101,depth,"[65000.18,65000.28,65000.380000000005,65000.48,65000.58,65000.68,65000.78,65000.880000000005,65000.98,65001.08]",65000.18,"[0.001,0.002,0.003,0.004,0.005,0.006,0.007,0.008,0.009000000000000001,0.01]",0.001,"[64999.98,64999.880000000005,64999.78,64999.68,64999.58,64999.48,64999.380000000005,64999.28,64999.18,64999.08]",64999.98,"[0.001,0.002,0.003,0.004,0.005,0.006,0.007,0.008,0.009000000000000001,0.01]",0.001,2308,mock,InstrumentType.Spot,614030624,mock,BTC-USDT
2199944884,0,0,1783610796624727898,101,depth,"[65000.189999999995,65000.28999999999,65000.39,65000.49,65000.59,65000.689999999995,65000.78999999999,65000.89,65000.99,65001.09]",65000.189999999995,"[0.001,0.002,0.003,0.004,0.005,0.006,0.007,0.008,0.009000000000000001,0.01]",0.001,"[64999.99,64999.89,64999.78999999999,64999.689999999995,64999.59,64999.49,64999.39,64999.28999999999,64999.189999999995,64999.09]",64999.99,"[0.001,0.002,0.003,0.004,0.005,0.006,0.007,0.008,0.009000000000000001,0.01]",0.001,2309,mock,InstrumentType.Spot,614031184,mock,BTC-USDT
2199944884,0,0,1783610796625027906,101,depth,"[65000.2,65000.299999999996,65000.4,65000.5,65000.6,65000.7,65000.799999999996,65000.9,65001.0,65001.1]",65000.2,"[0.001,0.002,0.003,0.004,0.005,0.006,0.007,0.008,0.009000000000000001,0.01]",0.001,"[65000.0,64999.9,64999.799999999996,64999.7,64999.6,64999.5,64999.4,64999.299999999996,64999.2,64999.1]",65000.0,"[0.001,0.002,0.003,0.004,0.005,0.006,0.007,0.008,0.009000000000000001,0.01]",0.001,2310,mock,InstrumentType.Spot,614031744,mock,BTC-USDT
2199944884,0,0,1783610796625336123,101,depth,"[65000.21,65000.31,65000.41,65000.51,65000.61,65000.71,65000.81,65000.91,65001.01,65001.11]",65000.21,"[0.001,0.002,0.003,0.004,0.005,0.006,0.007,0.008,0.009000000000000001,0.01]",0.001,"[65000.01,64999.91,64999.81,64999.71,64999.61,64999.51,64999.41,64999.31,64999.21,64999.11]",65000.01,"[0.001,0.002,0.003,0.004,0.005,0.006,0.007,0.008,0.009000000000000001,0.01]",0.001,2311,mock,InstrumentType.Spot,614032304,mock,BTC-USDT
2199944884,0,0,1783610796625628016,101,depth,"[65000.22,65000.32,65000.420000000006,65000.520000000004,65000.62,65000.72,65000.82,65000.920000000006,65001.020000000004,65001.12]",65000.22,"[0.001,0.002,0.003,0.004,0.005,0.006,0.007,0.008,0.009000000000000001,0.01]",0.001,"[65000.020000000004,64999.920000000006,64999.82,64999.72,64999.62,64999.520000000004,64999.420000000006,64999.32,64999.22,64999.12]",65000.020000000004,"[0.001,0.002,0.003,0.004,0.005,0.006,0.007,0.008,0.009000000000000001,0.01]",0.001,2312,mock,InstrumentType.Spot,614032864,mock,BTC-USDT
2199944884,0,0,1783610796625927788,101,depth,"[65000.229999999996,65000.329999999994,65000.43,65000.53,65000.63,65000.729999999996,65000.829999999994,65000.93,65001.03,65001.13]",65000.229999999996,"[0.001,0.002,0.003,0.004,0.005,0.006,0.007,0.008,0.009000000000000001,0.01]",0.001,"[65000.03,64999.93,64999.829999999994,64999.729999999996,64999.63,64999.53,64999.43,64999.329999999994,64999.229999999996,64999.13]",65000.03,"[0.001,0.002,0.003,0.004,0.005,0.006,0.007,0.008,0.009000000000000001,0.01]",0.001,2313,mock,InstrumentType.Spot,614033424,mock,BTC-USDT
2199944884,0,0,1783610796626227974,101,depth,"[65000.24,65000.34,65000.44,65000.54,65000.64,65000.74,65000.84,65000.94,65001.04,65001.14]",65000.24,"[0.001,0.002,0.003,0.004,0.005,0.006,0.007,0.008,0.009000000000000001,0.01]",0.001,"[65000.04,64999.94,64999.84,64999.74,64999.64,64999.54,64999.44,64999.34,64999.24,64999.14]",65000.04,"[0.001,0.002,0.003,0.004,0.005,0.006,0.007,0.008,0.009000000000000001,0.01]",0.001,2314,mock,InstrumentType.Spot,614033984,mock,BTC-USDT
2199944884,0,0,1783610796626527742,101,depth,"[65000.25,65000.35,65000.450000000004,65000.55,65000.65,65000.75,65000.85,65000.950000000004,65001.05,65001.15]",65000.25,"[0.001,0.002,0.003,0.004,0.005,0.006,0.007,0.008,0.009000000000000001,0.01]",0.001,"[65000.05,64999.950000000004,64999.85,64999.75,64999.65,64999.55,64999.450000000004,64999.35,64999.25,64999.15]",65000.05,"[0.001,0.002,0.003,0.004,0.005,0.006,0.007,0.008,0.009000000000000001,0.01]",0.001,2315,mock,InstrumentType.Spot,614034544,mock,BTC-USDT
2199944884,0,0,1783610796626827744,101,depth,"[65000.26,65000.36,65000.46000000001,65000.560000000005,65000.66,65000.76,65000.86,65000.96000000001,65001.060000000005,65001.16]",65000.26,"[0.001,0.002,0.003,0.004,0.005,0.006,0.007,0.008,0.009000000000000001,0.01]",0.001,"[65000.060000000005,64999.96000000001,64999.86,64999.76,64999.66,64999.560000000005,64999.46000000001,64999.36,64999.26,64999.16]",65000.060000000005,"[0.001,0.002,0.003,0.004,0.005,0.006,0.007,0.008,0.009000000000000001,0.01]",0.001,2316,mock,InstrumentType.Spot,614035104,mock,BTC-USDT
2199944884,0,0,1783610796627127818,101,depth,"[65000.27,65000.369999999995,65000.47,65000.57,65000.67,65000.77,65000.869999999995,65000.97,65001.07,65001.17]",65000.27,"[0.001,0.002,0.003,0.004,0.005,0.006,0.007,0.008,0.009000000000000001,0.01]",0.001,"[65000.07,64999.97,64999.869999999995,64999.77,64999.67,64999.57,64999.47,64999.369999999995,64999.27,64999.17]",65000.07,"[0.001,0.002,0.003,0.004,0.005,0.006,0.007,0.008,0.009000000000000001,0.01]",0.001,2317,mock,InstrumentType.Spot,614035664,mock,BTC-USDT
2199944884,0,0,1783610796627427909,101,depth,"[65000.28,65000.38,65000.48,65000.58,65000.68,65000.78,65000.88,65000.98,65001.08,65001.18]",65000.28,"[0.001,0.002,0.003,0.004,0.005,0.006,0.007,0.008,0.009000000000000001,0.01]",0.001,"[65000.08,64999.98,64999.88,64999.78,64999.68,64999.58,64999.48,64999.38,64999.28,64999.18]",65000.08,"[0.001,0.002,0.003,0.004,0.005,0.006,0.007,0.008,0.009000000000000001,0.01]",0.001,2318,mock,InstrumentType.Spot,614036224,mock,BTC-USDT
2199944884,0,0,1783610796627727937,101,depth,"[65000.29,65000.39,65000.490000000005,65000.590000000004,65000.69,65000.79,65000.89,65000.990000000005,65001.090000000004,65001.19]",65000.29,"[0.001,0.002,0.003,0.004,0.005,0.006,0.007,0.008,0.009000000000000001,0.01]",0.001,"[65000.090000000004,64999.990000000005,64999.89,64999.79,64999.69,64999.590000000004,64999.490000000005,64999.39,64999.29,64999.19]",65000.090000000004,"[0.001,0.002,0.003,0.004,0.005,0.006,0.007,0.008,0.009000000000000001,0.01]",0.001,2319,mock,InstrumentType.Spot,614036784,mock,BTC-USDT
2199944884,0,0,1783610796628033862,101,depth,"[65000.299999999996,65000.399999999994,65000.5,65000.6,65000.7,65000.799999999996,65000.899999999994,65001.0,65001.1,65001.2]",65000.299999999996,"[0.001,0.002,0.003,0.004,0.005,0.006,0.007,0.008,0.009000000000000001,0.01]",0.001,"[65000.1,65000.0,64999.899999999994,64999.799999999996,64999.7,64999.6,64999.5,64999.399999999994,64999.299999999996,64999.2]",65000.1,"[0.001,0.002,0.003,0.004,0.005,0.006,0.007,0.008,0.009000000000000001,0.01]",0.001,2320,mock,InstrumentType.Spot,614037344,mock,BTC-USDT
2199944884,0,0,1783610796628328052,101,depth,"[65000.31,65000.409999999996,65000.51,65000.61,65000.71,65000.81,65000.909999999996,65001.01,65001.11,65001.21]",65000.31,"[0.001,0.002,0.003,0.004,0.005,0.006,0.007,0.008,0.009000000000000001,0.01]",0.001,"[65000.11,65000.01,64999.909999999996,64999.81,64999.71,64999.61,64999.51,64999.409999999996,64999.31,64999.21]",65000.11,"[0.001,0.002,0.003,0.004,0.005,0.006,0.007,0.008,0.009000000000000001,0.01]",0.001,2321,mock,InstrumentType.Spot,614037904,mock,BTC-USDT
2199944884,0,0,1783610796628627929,101,depth,"[65000.32,65000.42,65000.520000000004,65000.62,65000.72,65000.82,65000.92,65001.020000000004,65001.12,65001.22]",65000.32,"[0.001,0.002,0.003,0.004,0.005,0.006,0.007,0.008,0.009000000000000001,0.01]",0.001,"[65000.12,65000.020000000004,64999.92,64999.82,64999.72,64999.62,64999.520000000004,64999.42,64999.32,64999.22]",65000.12,"[0.001,0.002,0.003,0.004,0.005,0.006,0.007,0.008,0.009000000000000001,0.01]",0.001,2322,mock,InstrumentType.Spot,614038464,mock,BTC-USDT
2199944884,0,0,1783610796628927982,101,depth,"[65000.33,65000.43,65000.530000000006,65000.630000000005,65000.73,65000.83,65000.93,65001.030000000006,65001.130000000005,65001.23]",65000.33,"[0.001,0.002,0.003,0.004,0.005,0.006,0.007,0.008,0.009000000000000001,0.01]",0.001,"[65000.130000000005,65000.030000000006,64999.93,64999.83,64999.73,64999.630000000005,64999.530000000006,64999.43,64999.33,64999.23]",65000.130000000005,"[0.001,0.002,0.003,0.004,0.005,0.006,0.007,0.008,0.009000000000000001,0.01]",0.001,2323,mock,InstrumentType.Spot,614039024,mock,BTC-USDT
2199944884,0,0,1783610796629227977,101,depth,"[65000.34,65000.439999999995,65000.54,65000.64,65000.74,65000.84,65000.939999999995,65001.04,65001.14,65001.24]",65000.34,"[0.001,0.002,0.003,0.004,0.005,0.006,0.007,0.008,0.009000000000000001,0.01]",0.001,"[65000.14,65000.04,64999.939999999995,64999.84,64999.74,64999.64,64999.54,64999.439999999995,64999.34,64999.24]",65000.14,"[0.001,0.002,0.003,0.004,0.005,0.006,0.007,0.008,0.009000000000000001,0.01]",0.001,2324,mock,InstrumentType.Spot,614039584,mock,BTC-USDT
2199944884,0,0,1783610796629527957,101,depth,"[65000.35,65000.45,65000.55,65000.65,65000.75,65000.85,65000.95,65001.05,65001.15,65001.25]",65000.35,"[0.001,0.002,0.003,0.004,0.005,0.006,0.007,0.008,0.009000000000000001,0.01]",0.001,"[65000.15,65000.05,64999.95,64999.85,64999.75,64999.65,64999.55,64999.45,64999.35,64999.25]",65000.15,"[0.001,0.002,0.003,0.004,0.005,0.006,0.007,0.008,0.009000000000000001,0.01]",0.001,2325,mock,InstrumentType.Spot,614040144,mock,BTC-USDT
2199944884,0,0,1783610796629828935,101,depth,"[65000.36,65000.46,65000.560000000005,65000.66,65000.76,65000.86,65000.96,65001.060000000005,65001.16,65001.26]",65000.36,"[0.001,0.002,0.003,0.004,0.005,0.006,0.007,0.008,0.009000000000000001,0.01]",0.001,"[65000.16,65000.060000000005,64999.96,64999.86,64999.76,64999.66,64999.560000000005,64999.46,64999.36,64999.26]",65000.16,"[0.001,0.002,0.003,0.004,0.005,0.006,0.007,0.008,0.009000000000000001,0.01]",0.001,2326,mock,InstrumentType.Spot,614040704,mock,BTC-USDT
2199944884,0,0,1783610796630128190,101,depth,"[65000.369999999995,65000.469999999994,65000.57,65000.67,65000.77,65000.869999999995,65000.969999999994,65001.07,65001.17,65001.27]",65000.369999999995,"[0.001,0.002,0.003,0.004,0.005,0.006,0.007,0.008,0.009000000000000001,0.01]",0.001,"[65000.17,65000.07,64999.969999999994,64999.869999999995,64999.77,64999.67,64999.57,64999.469999999994,64999.369999999995,64999.27]",65000.17,"[0.001,0.002,0.003,0.004,0.005,0.006,0.007,0.008,0.009000000000000001,0.01]",0.001,2327,mock,InstrumentType.Spot,614041264,mock,BTC-USDT
2199944884,0,0,1783610796630427937,101,depth,"[65000.38,65000.479999999996,65000.58,65000.68,65000.78,65000.88,65000.979999999996,65001.08,65001.18,65001.28]",65000.38,"[0.001,0.002,0.003,0.004,0.005,0.006,0.007,0.008,0.009000000000000001,0.01]",0.001,"[65000.18,65000.08,64999.979999999996,64999.88,64999.78,64999.68,64999.58,64999.479999999996,64999.38,64999.28]",65000.18,"[0.001,0.002,0.003,0.004,0.005,0.006,0.007,0.008,0.009000000000000001,0.01]",0.001,2328,mock,InstrumentType.Spot,614041824,mock,BTC-USDT
2199944884,0,0,1783610796630727861,101,depth,"[65000.39,65000.49,65000.590000000004,65000.69,65000.79,65000.89,65000.99,65001.090000000004,65001.19,65001.29]",65000.39,"[0.001,0.002,0.003,0.004,0.005,0.006,0.007,0.008,0.009000000000000001,0.01]",0.001,"[65000.19,65000.090000000004,64999.99,64999.89,64999.79,64999.69,64999.590000000004,64999.49,64999.39,64999.29]",65000.19,"[0.001,0.002,0.003,0.004,0.005,0.006,0.007,0.008,0.009000000000000001,0.01]",0.001,2329,mock,InstrumentType.Spot,614042384,mock,BTC-USDT
2199944884,0,0,1783610796631034716,101,depth,"[65000.4,65000.5,65000.600000000006,65000.700000000004,65000.8,65000.9,65001.0,65001.100000000006,65001.200000000004,65001.3]",65000.4,"[0.001,0.002,0.003,0.004,0.005,0.006,0.007,0.008,0.009000000000000001,0.01]",0.001,"[65000.200000000004,65000.100000000006,65000.0,64999.9,64999.8,64999.700000000004,64999.600000000006,64999.5,64999.4,64999.3]",65000.200000000004,"[0.001,0.002,0.003,0.004,0.005,0.006,0.007,0.008,0.009000000000000001,0.01]",0.001,2330,mock,InstrumentType.Spot,614042944,mock,BTC-USDT
2199944884,0,0,1783610796631328085,101,depth,"[65000.409999999996,65000.509999999995,65000.61,65000.71,65000.81,65000.909999999996,65001.009999999995,65001.11,65001.21,65001.31]",65000.409999999996,"[0.001,0.002,0.003,0.004,0.005,0.006,0.007,0.008,0.009000000000000001,0.01]",0.001,"[65000.21,65000.11,65000.009999999995,64999.909999999996,64999.81,64999.71,64999.61,64999.509999999995,64999.409999999996,64999.31]",65000.21,"[0.001,0.002,0.003,0.004,0.005,0.006,0.007,0.008,0.009000000000000001,0.01]",0.001,2331,mock,InstrumentType.Spot,614043504,mock,BTC-USDT
2199944884,0,0,1783610796631627943,101,depth,"[65000.42,65000.52,65000.62,65000.72,65000.82,65000.92,65001.02,65001.12,65001.22,65001.32]",65000.42,"[0.001,0.002,0.003,0.004,0.005,0.006,0.007,0.008,0.009000000000000001,0.01]",0.001,"[65000.22,65000.12,65000.02,64999.92,64999.82,64999.72,64999.62,64999.52,64999.42,64999.32]",65000.22,"[0.001,0.002,0.003,0.004,0.005,0.006,0.007,0.008,0.009000000000000001,0.01]",0.001,2332,mock,InstrumentType.Spot,614044064,mock,BTC-USDT
2199944884,0,0,1783610796631927839,101,depth,"[65000.43,65000.53,65000.630000000005,65000.73,65000.83,65000.93,65001.03,65001.130000000005,65001.23,65001.33]",65000.43,"[0.001,0.002,0.003,0.004,0.005,0.006,0.007,0.008,0.009000000000000001,0.01]",0.001,"[65000.23,65000.130000000005,65000.03,64999.93,64999.83,64999.73,64999.630000000005,64999.53,64999.43,64999.33]",65000.23,"[0.001,0.002,0.003,0.004,0.005,0.006,0.007,0.008,0.009000000000000001,0.01]",0.001,2333,mock,InstrumentType.Spot,614044624,mock,BTC-USDT
2199944884,0,0,1783610796632228099,101,depth,"[65000.439999999995,65000.53999999999,65000.64,65000.74,65000.84,65000.939999999995,65001.03999999999,65001.14,65001.24,65001.34]",65000.439999999995,"[0.001,0.002,0.003,0.004,0.005,0.006,0.007,0.008,0.009000000000000001,0.01]",0.001,"[65000.24,65000.14,65000.03999999999,64999.939999999995,64999.84,64999.74,64999.64,64999.53999999999,64999.439999999995,64999.34]",65000.24,"[0.001,0.002,0.003,0.004,0.005,0.006,0.007,0.008,0.009000000000000001,0.01]",0.001,2334,mock,InstrumentType.Spot,614045184,mock,BTC-USDT
2199944884,0,0,1783610796632527820,101,depth,"[65000.45,65000.549999999996,65000.65,65000.75,65000.85,65000.95,65001.049999999996,65001.15,65001.25,65001.35]",65000.45,"[0.001,0.002,0.003,0.004,0.005,0.006,0.007,0.008,0.009000000000000001,0.01]",0.001,"[65000.25,65000.15,65000.049999999996,64999.95,64999.85,64999.75,64999.65,64999.549999999996,64999.45,64999.35]",65000.25,"[0.001,0.002,0.003,0.004,0.005,0.006,0.007,0.008,0.009000000000000001,0.01]",0.001,2335,mock,InstrumentType.Spot,614045744,mock,BTC-USDT
2199944884,0,0,1783610796632827943,101,depth,"[65000.46,65000.56,65000.66,65000.76,65000.86,65000.96,65001.06,65001.16,65001.26,65001.36]",65000.46,"[0.001,0.002,0.003,0.004,0.005,0.006,0.007,0.008,0.009000000000000001,0.01]",0.001,"[65000.26,65000.16,65000.06,64999.96,64999.86,64999.76,64999.66,64999.56,64999.46,64999.36]",65000.26,"[0.001,0.002,0.003,0.004,0.005,0.006,0.007,0.008,0.009000000000000001,0.01]",0.001,2336,mock,InstrumentType.Spot,614046304,mock,BTC-USDT
2199944884,0,0,1783610796633128046,101,depth,"[65000.47,65000.57,65000.670000000006,65000.770000000004,65000.87,65000.97,65001.07,65001.170000000006,65001.270000000004,65001.37]",65000.47,"[0.001,0.002,0.003,0.004,0.005,0.006,0.007,0.008,0.009000000000000001,0.01]",0.001,"[65000.270000000004,65000.170000000006,65000.07,64999.97,64999.87,64999.770000000004,64999.670000000006,64999.57,64999.47,64999.37]",65000.270000000004,"[0.001,0.002,0.003,0.004,0.005,0.006,0.007,0.008,0.009000000000000001,0.01]",0.001,2337,mock,InstrumentType.Spot,614046864,mock,BTC-USDT
2199944884,0,0,1783610796633428314,101,depth,"[65000.479999999996,65000.579999999994,65000.68,65000.78,65000.88,65000.979999999996,65001.079999999994,65001.18,65001.28,65001.38]",65000.479999999996,"[0.001,0.002,0.003,0.004,0.005,0.006,0.007,0.008,0.009000000000000001,0.01]",0.001,"[65000.28,65000.18,65000.079999999994,64999.979999999996,64999.88,64999.78,64999.68,64999.579999999994,64999.479999999996,64999.38]",65000.28,"[0.001,0.002,0.003,0.004,0.005,0.006,0.007,0.008,0.009000000000000001,0.01]",0.001,2338,mock,InstrumentType.Spot,614047424,mock,BTC-USDT
2199944884,0,0,1783610796633737562,101,depth,"[65000.49,65000.59,65000.69,65000.79,65000.89,65000.99,65001.09,65001.19,65001.29,65001.39]",65000.49,"[0.001,0.002,0.003,0.004,0.005,0.006,0.007,0.008,0.009000000000000001,0.01]",0.001,"[65000.29,65000.19,65000.09,64999.99,64999.89,64999.79,64999.69,64999.59,64999.49,64999.39]",65000.29,"[0.001,0.002,0.003,0.004,0.005,0.006,0.007,0.008,0.009000000000000001,0.01]",0.001,2339,mock,InstrumentType.Spot,614047984,mock,BTC-USDT
2199944884,0,0,1783610796634032880,101,depth,"[65000.5,65000.6,65000.700000000004,65000.8,65000.9,65001.0,65001.1,65001.200000000004,65001.3,65001.4]",65000.5,"[0.001,0.002,0.003,0.004,0.005,0.006,0.007,0.008,0.009000000000000001,0.01]",0.001,"[65000.3,65000.200000000004,65000.1,65000.0,64999.9,64999.8,64999.700000000004,64999.6,64999.5,64999.4]",65000.3,"[0.001,0.002,0.003,0.004,0.005,0.006,0.007,0.008,0.009000000000000001,0.01]",0.001,2340,mock,InstrumentType.Spot,614048544,mock,BTC-USDT
2199944884,0,0,1783610796634328025,101,depth,"[65000.51,65000.61,65000.71000000001,65000.810000000005,65000.91,65001.01,65001.11,65001.21000000001,65001.310000000005,65001.41]",65000.51,"[0.001,0.002,0.003,0.004,0.005,0.006,0.007,0.008,0.009000000000000001,0.01]",0.001,"[65000.310000000005,65000.21000000001,65000.11,65000.01,64999.91,64999.810000000005,64999.71000000001,64999.61,64999.51,64999.41]",65000.310000000005,"[0.001,0.002,0.003,0.004,0.005,0.006,0.007,0.008,0.009000000000000001,0.01]",0.001,2341,mock,InstrumentType.Spot,614049104,mock,BTC-USDT
2199944884,0,0,1783610796634627822,101,depth,"[65000.52,65000.619999999995,65000.72,65000.82,65000.92,65001.02,65001.119999999995,65001.22,65001.32,65001.42]",65000.52,"[0.001,0.002,0.003,0.004,0.005,0.006,0.007,0.008,0.009000000000000001,0.01]",0.001,"[65000.32,65000.22,65000.119999999995,65000.02,64999.92,64999.82,64999.72,64999.619999999995,64999.52,64999.42]",65000.32,"[0.001,0.002,0.003,0.004,0.005,0.006,0.007,0.008,0.009000000000000001,0.01]",0.001,2342,mock,InstrumentType.Spot,614049664,mock,BTC-USDT
2199944884,0,0,1783610796634928026,101,depth,"[65000.53,65000.63,65000.73,65000.83,65000.93,65001.03,65001.13,65001.23,65001.33,65001.43]",65000.53,"[0.001,0.002,0.003,0.004,0.005,0.006,0.007,0.008,0.009000000000000001,0.01]",0.001,"[65000.33,65000.23,65000.13,65000.03,64999.93,64999.83,64999.73,64999.63,64999.53,64999.43]",65000.33,"[0.001,0.002,0.003,0.004,0.005,0.006,0.007,0.008,0.009000000000000001,0.01]",0.001,2343,mock,InstrumentType.Spot,614050224,mock,BTC-USDT
2199944884,0,0,1783610796635228423,101,depth,"[65000.54,65000.64,65000.740000000005,65000.840000000004,65000.94,65001.04,65001.14,65001.240000000005,65001.340000000004,65001.44]",65000.54,"[0.001,0.002,0.003,0.004,0.005,0.006,0.007,0.008,0.009000000000000001,0.01]",0.001,"[65000.340000000004,65000.240000000005,65000.14,65000.04,64999.94,64999.840000000004,64999.740000000005,64999.64,64999.54,64999.44]",65000.340000000004,"[0.001,0.002,0.003,0.004,0.005,0.006,0.007,0.008,0.009000000000000001,0.01]",0.001,2344,mock,InstrumentType.Spot,614050784,mock,BTC-USDT
2199944884,0,0,1783610796635527972,101,depth,"[65000.549999999996,65000.649999999994,65000.75,65000.85,65000.95,65001.049999999996,65001.149999999994,65001.25,65001.35,65001.45]",65000.549999999996,"[0.001,0.002,0.003,0.004,0.005,0.006,0.007,0.008,0.009000000000000001,0.01]",0.001,"[65000.35,65000.25,65000.149999999994,65000.049999999996,64999.95,64999.85,64999.75,64999.649999999994,64999.549999999996,64999.45]",65000.35,"[0.001,0.002,0.003,0.004,0.005,0.006,0.007,0.008,0.009000000000000001,0.01]",0.001,2345,mock,InstrumentType.Spot,614051344,mock,BTC-USDT
2199944884,0,0,1783610796635827848,101,depth,"[65000.56,65000.659999999996,65000.76,65000.86,65000.96,65001.06,65001.159999999996,65001.26,65001.36,65001.46]",65000.56,"[0.001,0.002,0.003,0.004,0.005,0.006,0.007,0.008,0.009000000000000001,0.01]",0.001,"[65000.36,65000.26,65000.159999999996,65000.06,64999.96,64999.86,64999.76,64999.659999999996,64999.56,64999.46]",65000.36,"[0.001,0.002,0.003,0.004,0.005,0.006,0.007,0.008,0.009000000000000001,0.01]",0.001,2346,mock,InstrumentType.Spot,614051904,mock,BTC-USDT
2199944884,0,0,1783610796636128020,101,depth,"[65000.57,65000.67,65000.770000000004,65000.87,65000.97,65001.07,65001.17,65001.270000000004,65001.37,65001.47]",65000.57,"[0.001,0.002,0.003,0.004,0.005,0.006,0.007,0.008,0.009000000000000001,0.01]",0.001,"[65000.37,65000.270000000004,65000.17,65000.07,64999.97,64999.87,64999.770000000004,64999.67,64999.57,64999.47]",65000.37,"[0.001,0.002,0.003,0.004,0.005,0.006,0.007,0.008,0.009000000000000001,0.01]",0.001,2347,mock,InstrumentType.Spot,614052464,mock,BTC-USDT
2199944884,0,0,1783610796636428022,101,depth,"[65000.58,65000.68,65000.780000000006,65000.880000000005,65000.98,65001.08,65001.18,65001.280000000006,65001.380000000005,65001.48]",65000.58,"[0.001,0.002,0.003,0.004,0.005,0.006,0.007,0.008,0.009000000000000001,0.01]",0.001,"[65000.380000000005,65000.280000000006,65000.18,65000.08,64999.98,64999.880000000005,64999.780000000006,64999.68,64999.58,64999.48]",65000.380000000005,"[0.001,0.002,0.003,0.004,0.005,0.006,0.007,0.008,0.009000000000000001,0.01]",0.001,2348,mock,InstrumentType.Spot,614053024,mock,BTC-USDT
2199944884,0,0,1783610796636737857,101,depth,"[65000.59,65000.689999999995,65000.79,65000.89,65000.99,65001.09,65001.189999999995,65001.29,65001.39,65001.49]",65000.59,"[0.001,0.002,0.003,0.004,0.005,0.006,0.007,0.008,0.009000000000000001,0.01]",0.001,"[65000.39,65000.29,65000.189999999995,65000.09,64999.99,64999.89,64999.79,64999.689999999995,64999.59,64999.49]",65000.39,"[0.001,0.002,0.003,0.004,0.005,0.006,0.007,0.008,0.009000000000000001,0.01]",0.001,2349,mock,InstrumentType.Spot,614053584,mock,BTC-USDT
2199944884,0,0,1783610796637027988,101,depth,"[65000.6,65000.7,65000.8,65000.9,65001.0,65001.1,65001.2,65001.3,65001.4,65001.5]",65000.6,"[0.001,0.002,0.003,0.004,0.005,0.006,0.007,0.008,0.009000000000000001,0.01]",0.001,"[65000.4,65000.3,65000.2,65000.1,65000.0,64999.9,64999.8,64999.7,64999.6,64999.5]",65000.4,"[0.001,0.002,0.003,0.004,0.005,0.006,0.007,0.008,0.009000000000000001,0.01]",0.001,2350,mock,InstrumentType.Spot,614054144,mock,BTC-USDT
2199944884,0,0,1783610796637328153,101,depth,"[65000.61,65000.71,65000.810000000005,65000.91,65001.01,65001.11,65001.21,65001.310000000005,65001.41,65001.51]",65000.61,"[0.001,0.002,0.003,0.004,0.005,0.006,0.007,0.008,0.009000000000000001,0.01]",0.001,"[65000.41,65000.310000000005,65000.21,65000.11,65000.01,64999.91,64999.810000000005,64999.71,64999.61,64999.51]",65000.41,"[0.001,0.002,0.003,0.004,0.005,0.006,0.007,0.008,0.009000000000000001,0.01]",0.001,2351,mock,InstrumentType.Spot,614054704,mock,BTC-USDT
2199944884,0,0,1783610796637628010,101,depth,"[65000.619999999995,65000.719999999994,65000.82,65000.92,65001.02,65001.119999999995,65001.219999999994,65001.32,65001.42,65001.52]",65000.619999999995,"[0.001,0.002,0.003,0.004,0.005,0.006,0.007,0.008,0.009000000000000001,0.01]",0.001,"[65000.42,65000.32,65000.219999999994,65000.119999999995,65000.02,64999.92,64999.82,64999.719999999994,64999.619999999995,64999.52]",65000.42,"[0.001,0.002,0.003,0.004,0.005,0.006,0.007,0.008,0.009000000000000001,0.01]",0.001,2352,mock,InstrumentType.Spot,614055264,mock,BTC-USDT
2199944884,0,0,1783610796637928702,101,depth,"[65000.63,65000.729999999996,65000.83,65000.93,65001.03,65001.13,65001.229999999996,65001.33,65001.43,65001.53]",65000.63,"[0.001,0.002,0.003,0.004,0.005,0.006,0.007,0.008,0.009000000000000001,0.01]",0.001,"[65000.43,65000.33,65000.229999999996,65000.13,65000.03,64999.93,64999.83,64999.729999999996,64999.63,64999.53]",65000.43,"[0.001,0.002,0.003,0.004,0.005,0.006,0.007,0.008,0.009000000000000001,0.01]",0.001,2353,mock,InstrumentType.Spot,614055824,mock,BTC-USDT
2199944884,0,0,1783610796638228216,101,depth,"[65000.64,65000.74,65000.840000000004,65000.94,65001.04,65001.14,65001.24,65001.340000000004,65001.44,65001.54]",65000.64,"[0.001,0.002,0.003,0.004,0.005,0.006,0.007,0.008,0.009000000000000001,0.01]",0.001,"[65000.44,65000.340000000004,65000.24,65000.14,65000.04,64999.94,64999.840000000004,64999.74,64999.64,64999.54]",65000.44,"[0.001,0.002,0.003,0.004,0.005,0.006,0.007,0.008,0.009000000000000001,0.01]",0.001,2354,mock,InstrumentType.Spot,614056384,mock,BTC-USDT
2199944884,0,0,1783610796638527886,101,depth,"[65000.65,65000.75,65000.850000000006,65000.950000000004,65001.05,65001.15,65001.25,65001.350000000006,65001.450000000004,65001.55]",65000.65,"[0.001,0.002,0.003,0.004,0.005,0.006,0.007,0.008,0.009000000000000001,0.01]",0.001,"[65000.450000000004,65000.350000000006,65000.25,65000.15,65000.05,64999.950000000004,64999.850000000006,64999.75,64999.65,64999.55]",65000.450000000004,"[0.001,0.002,0.003,0.004,0.005,0.006,0.007,0.008,0.009000000000000001,0.01]",0.001,2355,mock,InstrumentType.Spot,614056944,mock,BTC-USDT
2199944884,0,0,1783610796638828340,101,depth,"[65000.659999999996,65000.759999999995,65000.86,65000.96,65001.06,65001.159999999996,65001.259999999995,65001.36,65001.46,65001.56]",65000.659999999996,"[0.001,0.002,0.003,0.004,0.005,0.006,0.007,0.008,0.009000000000000001,0.01]",0.001,"[65000.46,65000.36,65000.259999999995,65000.159999999996,65000.06,64999.96,64999.86,64999.759999999995,64999.659999999996,64999.56]",65000.46,"[0.001,0.002,0.003,0.004,0.005,0.006,0.007,0.008,0.009000000000000001,0.01]",0.001,2356,mock,InstrumentType.Spot,614057504,mock,BTC-USDT
2199944884,0,0,1783610796639127953,101,depth,"[65000.67,65000.77,65000.87,65000.97,65001.07,65001.17,65001.27,65001.37,65001.47,65001.57]",65000.67,"[0.001,0.002,0.003,0.004,0.005,0.006,0.007,0.008,0.009000000000000001,0.01]",0.001,"[65000.47,65000.37,65000.27,65000.17,65000.07,64999.97,64999.87,64999.77,64999.67,64999.57]",65000.47,"[0.001,0.002,0.003,0.004,0.005,0.006,0.007,0.008,0.009000000000000001,0.01]",0.001,2357,mock,InstrumentType.Spot,614058064,mock,BTC-USDT
2199944884,0,0,1783610796639428016,101,depth,"[65000.68,65000.78,65000.880000000005,65000.98,65001.08,65001.18,65001.28,65001.380000000005,65001.48,65001.58]",65000.68,"[0.001,0.002,0.003,0.004,0.005,0.006,0.007,0.008,0.009000000000000001,0.01]",0.001,"[65000.48,65000.380000000005,65000.28,65000.18,65000.08,64999.98,64999.880000000005,64999.78,64999.68,64999.58]",65000.48,"[0.001,0.002,0.003,0.004,0.005,0.006,0.007,0.008,0.009000000000000001,0.01]",0.001,2358,mock,InstrumentType.Spot,614058624,mock,BTC-USDT
2199944884,0,0,1783610796639739138,101,depth,"[65000.689999999995,65000.78999999999,65000.89,65000.99,65001.09,65001.189999999995,65001.28999999999,65001.39,65001.49,65001.59]",65000.689999999995,"[0.001,0.002,0.003,0.004,0.005,0.006,0.007,0.008,0.009000000000000001,0.01]",0.001,"[65000.49,65000.39,65000.28999999999,65000.189999999995,65000.09,64999.99,64999.89,64999.78999999999,64999.689999999995,64999.59]",65000.49,"[0.001,0.002,0.003,0.004,0.005,0.006,0.007,0.008,0.009000000000000001,0.01]",0.001,2359,mock,InstrumentType.Spot,613321696,mock,BTC-USDT
2199944884,0,0,1783610796640030394,101,depth,"[65000.7,65000.799999999996,65000.9,65001.0,65001.1,65001.2,65001.299999999996,65001.4,65001.5,65001.6]",65000.7,"[0.001,0.002,0.003,0.004,0.005,0.006,0.007,0.008,0.009000000000000001,0.01]",0.001,"[65000.5,65000.4,65000.299999999996,65000.2,65000.1,65000.0,64999.9,64999.799999999996,64999.7,64999.6]",65000.5,"[0.001,0.002,0.003,0.004,0.005,0.006,0.007,0.008,0.009000000000000001,0.01]",0.001,2360,mock,InstrumentType.Spot,613322256,mock,BTC-USDT
2199944884,0,0,1783610796640333747,101,depth,"[65000.71,65000.81,65000.91,65001.01,65001.11,65001.21,65001.31,65001.41,65001.51,65001.61]",65000.71,"[0.001,0.002,0.003,0.004,0.005,0.006,0.007,0.008,0.009000000000000001,0.01]",0.001,"[65000.51,65000.41,65000.31,65000.21,65000.11,65000.01,64999.91,64999.81,64999.71,64999.61]",65000.51,"[0.001,0.002,0.003,0.004,0.005,0.006,0.007,0.008,0.009000000000000001,0.01]",0.001,2361,mock,InstrumentType.Spot,613322816,mock,BTC-USDT
2199944884,0,0,1783610796640634162,101,depth,"[65000.72,65000.82,65000.920000000006,65001.020000000004,65001.12,65001.22,65001.32,65001.420000000006,65001.520000000004,65001.62]",65000.72,"[0.001,0.002,0.003,0.004,0.005,0.006,0.007,0.008,0.009000000000000001,0.01]",0.001,"[65000.520000000004,65000.420000000006,65000.32,65000.22,65000.12,65000.020000000004,64999.920000000006,64999.82,64999.72,64999.62]",65000.520000000004,"[0.001,0.002,0.003,0.004,0.005,0.006,0.007,0.008,0.009000000000000001,0.01]",0.001,2362,mock,InstrumentType.Spot,613323376,mock,BTC-USDT
2199944884,0,0,1783610796640931320,101,depth,"[65000.729999999996,65000.829999999994,65000.93,65001.03,65001.13,65001.229999999996,65001.329999999994,65001.43,65001.53,65001.63]",65000.729999999996,"[0.001,0.002,0.003,0.004,0.005,0.006,0.007,0.008,0.009000000000000001,0.01]",0.001,"[65000.53,65000.43,65000.329999999994,65000.229999999996,65000.13,65000.03,64999.93,64999.829999999994,64999.729999999996,64999.63]",65000.53,"[0.001,0.002,0.003,0.004,0.005,0.006,0.007,0.008,0.009000000000000001,0.01]",0.001,2363,mock,InstrumentType.Spot,613323936,mock,BTC-USDT
2199944884,0,0,1783610796641229169,101,depth,"[65000.74,65000.84,65000.94,65001.04,65001.14,65001.24,65001.34,65001.44,65001.54,65001.64]",65000.74,"[0.001,0.002,0.003,0.004,0.005,0.006,0.007,0.008,0.009000000000000001,0.01]",0.001,"[65000.54,65000.44,65000.34,65000.24,65000.14,65000.04,64999.94,64999.84,64999.74,64999.64]",65000.54,"[0.001,0.002,0.003,0.004,0.005,0.006,0.007,0.008,0.009000000000000001,0.01]",0.001,2364,mock,InstrumentType.Spot,613324496,mock,BTC-USDT
2199944884,0,0,1783610796641528924,101,depth,"[65000.75,65000.85,65000.950000000004,65001.05,65001.15,65001.25,65001.35,65001.450000000004,65001.55,65001.65]",65000.75,"[0.001,0.002,0.003,0.004,0.005,0.006,0.007,0.008,0.009000000000000001,0.01]",0.001,"[65000.55,65000.450000000004,65000.35,65000.25,65000.15,65000.05,64999.950000000004,64999.85,64999.75,64999.65]",65000.55,"[0.001,0.002,0.003,0.004,0.005,0.006,0.007,0.008,0.009000000000000001,0.01]",0.001,2365,mock,InstrumentType.Spot,613325056,mock,BTC-USDT
2199944884,0,0,1783610796641828345,101,depth,"[65000.76,65000.86,65000.96000000001,65001.060000000005,65001.16,65001.26,65001.36,65001.46000000001,65001.560000000005,65001.66]",65000.76,"[0.001,0.002,0.003,0.004,0.005,0.006,0.007,0.008,0.009000000000000001,0.01]",0.001,"[65000.560000000005,65000.46000000001,65000.36,65000.26,65000.16,65000.060000000005,64999.96000000001,64999.86,64999.76,64999.66]",65000.560000000005,"[0.001,0.002,0.003,0.004,0.005,0.006,0.007,0.008,0.009000000000000001,0.01]",0.001,2366,mock,InstrumentType.Spot,613325616,mock,BTC-USDT
2199944884,0,0,1783610796642129408,101,depth,"[65000.77,65000.869999999995,65000.97,65001.07,65001.17,65001.27,65001.369999999995,65001.47,65001.57,65001.67]",65000.77,"[0.001,0.002,0.003,0.004,0.005,0.006,0.007,0.008,0.009000000000000001,0.01]",0.001,"[65000.57,65000.47,65000.369999999995,65000.27,65000.17,65000.07,64999.97,64999.869999999995,64999.77,64999.67]",65000.57,"[0.001,0.002,0.003,0.004,0.005,0.006,0.007,0.008,0.009000000000000001,0.01]",0.001,2367,mock,InstrumentType.Spot,613326176,mock,BTC-USDT
2199944884,0,0,1783610796642461265,101,depth,"[65000.78,65000.88,65000.98,65001.08,65001.18,65001.28,65001.38,65001.48,65001.58,65001.68]",65000.78,"[0.001,0.002,0.003,0.004,0.005,0.006,0.007,0.008,0.009000000000000001,0.01]",0.001,"[65000.58,65000.48,65000.38,65000.28,65000.18,65000.08,64999.98,64999.88,64999.78,64999.68]",65000.58,"[0.001,0.002,0.003,0.004,0.005,0.006,0.007,0.008,0.009000000000000001,0.01]",0.001,2368,mock,InstrumentType.Spot,613326736,mock,BTC-USDT
2199944884,0,0,1783610796642729221,101,depth,"[65000.79,65000.89,65000.990000000005,65001.090000000004,65001.19,65001.29,65001.39,65001.490000000005,65001.590000000004,65001.69]",65000.79,"[0.001,0.002,0.003,0.004,0.005,0.006,0.007,0.008,0.009000000000000001,0.01]",0.001,"[65000.590000000004,65000.490000000005,65000.39,65000.29,65000.19,65000.090000000004,64999.990000000005,64999.89,64999.79,64999.69]",65000.590000000004,"[0.001,0.002,0.003,0.004,0.005,0.006,0.007,0.008,0.009000000000000001,0.01]",0.001,2369,mock,InstrumentType.Spot,613327296,mock,BTC-USDT
2199944884,0,0,1783610796643031352,101,depth,"[65000.799999999996,65000.899999999994,65001.0,65001.1,65001.2,65001.299999999996,65001.399999999994,65001.5,65001.6,65001.7]",65000.799999999996,"[0.001,0.002,0.003,0.004,0.005,0.006,0.007,0.008,0.009000000000000001,0.01]",0.001,"[65000.6,65000.5,65000.399999999994,65000.299999999996,65000.2,65000.1,65000.0,64999.899999999994,64999.799999999996,64999.7]",65000.6,"[0.001,0.002,0.003,0.004,0.005,0.006,0.007,0.008,0.009000000000000001,0.01]",0.001,2370,mock,InstrumentType.Spot,613327856,mock,BTC-USDT
2199944884,0,0,1783610796643331061,101,depth,"[65000.81,65000.909999999996,65001.01,65001.11,65001.21,65001.31,65001.409999999996,65001.51,65001.61,65001.71]",65000.81,"[0.001,0.002,0.003,0.004,0.005,0.006,0.007,0.008,0.009000000000000001,0.01]",0.001,"[65000.61,65000.51,65000.409999999996,65000.31,65000.21,65000.11,65000.01,64999.909999999996,64999.81,64999.71]",65000.61,"[0.001,0.002,0.003,0.004,0.005,0.006,0.007,0.008,0.009000000000000001,0.01]",0.001,2371,mock,InstrumentType.Spot,613328416,mock,BTC-USDT
2199944884,0,0,1783610796643629159,101,depth,"[65000.82,65000.92,65001.020000000004,65001.12,65001.22,65001.32,65001.42,65001.520000000004,65001.62,65001.72]",65000.82,"[0.001,0.002,0.003,0.004,0.005,0.006,0.007,0.008,0.009000000000000001,0.01]",0.001,"[65000.62,65000.520000000004,65000.42,65000.32,65000.22,65000.12,65000.020000000004,64999.92,64999.82,64999.72]",65000.62,"[0.001,0.002,0.003,0.004,0.005,0.006,0.007,0.008,0.009000000000000001,0.01]",0.001,2372,mock,InstrumentType.Spot,613328976,mock,BTC-USDT
2199944884,0,0,1783610796643928593,101,depth,"[65000.83,65000.93,65001.030000000006,65001.130000000005,65001.23,65001.33,65001.43,65001.530000000006,65001.630000000005,65001.73]",65000.83,"[0.001,0.002,0.003,0.004,0.005,0.006,0.007,0.008,0.009000000000000001,0.01]",0.001,"[65000.630000000005,65000.530000000006,65000.43,65000.33,65000.23,65000.130000000005,65000.030000000006,64999.93,64999.83,64999.73]",65000.630000000005,"[0.001,0.002,0.003,0.004,0.005,0.006,0.007,0.008,0.009000000000000001,0.01]",0.001,2373,mock,InstrumentType.Spot,613329536,mock,BTC-USDT
2199944884,0,0,1783610796644228590,101,depth,"[65000.84,65000.939999999995,65001.04,65001.14,65001.24,65001.34,65001.439999999995,65001.54,65001.64,65001.74]",65000.84,"[0.001,0.002,0.003,0.004,0.005,0.006,0.007,0.008,0.009000000000000001,0.01]",0.001,"[65000.64,65000.54,65000.439999999995,65000.34,65000.24,65000.14,65000.04,64999.939999999995,64999.84,64999.74]",65000.64,"[0.001,0.002,0.003,0.004,0.005,0.006,0.007,0.008,0.009000000000000001,0.01]",0.001,2374,mock,InstrumentType.Spot,613330096,mock,BTC-USDT
2199944884,0,0,1783610796644528306,101,depth,"[65000.85,65000.95,65001.05,65001.15,65001.25,65001.35,65001.45,65001.55,65001.65,65001.75]",65000.85,"[0.001,0.002,0.003,0.004,0.005,0.006,0.007,0.008,0.009000000000000001,0.01]",0.001,"[65000.65,65000.55,65000.45,65000.35,65000.25,65000.15,65000.05,64999.95,64999.85,64999.75]",65000.65,"[0.001,0.002,0.003,0.004,0.005,0.006,0.007,0.008,0.009000000000000001,0.01]",0.001,2375,mock,InstrumentType.Spot,613330656,mock,BTC-USDT
2199944884,0,0,1783610796644828444,101,depth,"[65000.86,65000.96,65001.060000000005,65001.16,65001.26,65001.36,65001.46,65001.560000000005,65001.66,65001.76]",65000.86,"[0.001,0.002,0.003,0.004,0.005,0.006,0.007,0.008,0.009000000000000001,0.01]",0.001,"[65000.66,65000.560000000005,65000.46,65000.36,65000.26,65000.16,65000.060000000005,64999.96,64999.86,64999.76]",65000.66,"[0.001,0.002,0.003,0.004,0.005,0.006,0.007,0.008,0.009000000000000001,0.01]",0.001,2376,mock,InstrumentType.Spot,613331216,mock,BTC-USDT
2199944884,0,0,1783610796645128590,101,depth,"[65000.869999999995,65000.969999999994,65001.07,65001.17,65001.27,65001.369999999995,65001.469999999994,65001.57,65001.67,65001.77]",65000.869999999995,"[0.001,0.002,0.003,0.004,0.005,0.006,0.007,0.008,0.009000000000000001,0.01]",0.001,"[65000.67,65000.57,65000.469999999994,65000.369999999995,65000.27,65000.17,65000.07,64999.969999999994,64999.869999999995,64999.77]",65000.67,"[0.001,0.002,0.003,0.004,0.005,0.006,0.007,0.008,0.009000000000000001,0.01]",0.001,2377,mock,InstrumentType.Spot,613331776,mock,BTC-USDT
2199944884,0,0,1783610796645447114,101,depth,"[65000.88,65000.979999999996,65001.08,65001.18,65001.28,65001.38,65001.479999999996,65001.58,65001.68,65001.78]",65000.88,"[0.001,0.002,0.003,0.004,0.005,0.006,0.007,0.008,0.009000000000000001,0.01]",0.001,"[65000.68,65000.58,65000.479999999996,65000.38,65000.28,65000.18,65000.08,64999.979999999996,64999.88,64999.78]",65000.68,"[0.001,0.002,0.003,0.004,0.005,0.006,0.007,0.008,0.009000000000000001,0.01]",0.001,2378,mock,InstrumentType.Spot,613332336,mock,BTC-USDT
2199944884,0,0,1783610796645728274,101,depth,"[65000.89,65000.99,65001.090000000004,65001.19,65001.29,65001.39,65001.49,65001.590000000004,65001.69,65001.79]",65000.89,"[0.001,0.002,0.003,0.004,0.005,0.006,0.007,0.008,0.009000000000000001,0.01]",0.001,"[65000.69,65000.590000000004,65000.49,65000.39,65000.29,65000.19,65000.090000000004,64999.99,64999.89,64999.79]",65000.69,"[0.001,0.002,0.003,0.004,0.005,0.006,0.007,0.008,0.009000000000000001,0.01]",0.001,2379,mock,InstrumentType.Spot,613332896,mock,BTC-USDT
2199944884,0,0,1783610796646028234,101,depth,"[65000.9,65001.0,65001.100000000006,65001.200000000004,65001.3,65001.4,65001.5,65001.600000000006,65001.700000000004,65001.8]",65000.9,"[0.001,0.002,0.003,0.004,0.005,0.006,0.007,0.008,0.009000000000000001,0.01]",0.001,"[65000.700000000004,65000.600000000006,65000.5,65000.4,65000.3,65000.200000000004,65000.100000000006,65000.0,64999.9,64999.8]",65000.700000000004,"[0.001,0.002,0.003,0.004,0.005,0.006,0.007,0.008,0.009000000000000001,0.01]",0.001,2380,mock,InstrumentType.Spot,613333456,mock,BTC-USDT
2199944884,0,0,1783610796646328230,101,depth,"[65000.909999999996,65001.009999999995,65001.11,65001.21,65001.31,65001.409999999996,65001.509999999995,65001.61,65001.71,65001.81]",65000.909999999996,"[0.001,0.002,0.003,0.004,0.005,0.006,0.007,0.008,0.009000000000000001,0.01]",0.001,"[65000.71,65000.61,65000.509999999995,65000.409999999996,65000.31,65000.21,65000.11,65000.009999999995,64999.909999999996,64999.81]",65000.71,"[0.001,0.002,0.003,0.004,0.005,0.006,0.007,0.008,0.009000000000000001,0.01]",0.001,2381,mock,InstrumentType.Spot,613334016,mock,BTC-USDT
2199944884,0,0,1783610796646627858,101,depth,"[65000.92,65001.02,65001.12,65001.22,65001.32,65001.42,65001.52,65001.62,65001.72,65001.82]",65000.92,"[0.001,0.002,0.003,0.004,0.005,0.006,0.007,0.008,0.009000000000000001,0.01]",0.001,"[65000.72,65000.62,65000.52,65000.42,65000.32,65000.22,65000.12,65000.02,64999.92,64999.82]",65000.72,"[0.001,0.002,0.003,0.004,0.005,0.006,0.007,0.008,0.009000000000000001,0.01]",0.001,2382,mock,InstrumentType.Spot,613334576,mock,BTC-USDT
2199944884,0,0,1783610796646927933,101,depth,"[65000.93,65001.03,65001.130000000005,65001.23,65001.33,65001.43,65001.53,65001.630000000005,65001.73,65001.83]",65000.93,"[0.001,0.002,0.003,0.004,0.005,0.006,0.007,0.008,0.009000000000000001,0.01]",0.001,"[65000.73,65000.630000000005,65000.53,65000.43,65000.33,65000.23,65000.130000000005,65000.03,64999.93,64999.83]",65000.73,"[0.001,0.002,0.003,0.004,0.005,0.006,0.007,0.008,0.009000000000000001,0.01]",0.001,2383,mock,InstrumentType.Spot,613335136,mock,BTC-USDT
2199944884,0,0,1783610796647227887,101,depth,"[65000.939999999995,65001.03999999999,65001.14,65001.24,65001.34,65001.439999999995,65001.53999999999,65001.64,65001.74,65001.84]",65000.939999999995,"[0.001,0.002,0.003,0.004,0.005,0.006,0.007,0.008,0.009000000000000001,0.01]",0.001,"[65000.74,65000.64,65000.53999999999,65000.439999999995,65000.34,65000.24,65000.14,65000.03999999999,64999.939999999995,64999.84]",65000.74,"[0.001,0.002,0.003,0.004,0.005,0.006,0.007,0.008,0.009000000000000001,0.01]",0.001,2384,mock,InstrumentType.Spot,613335696,mock,BTC-USDT
2199944884,0,0,1783610796647527832,101,depth,"[65000.95,65001.049999999996,65001.15,65001.25,65001.35,65001.45,65001.549999999996,65001.65,65001.75,65001.85]",65000.95,"[0.001,0.002,0.003,0.004,0.005,0.006,0.007,0.008,0.009000000000000001,0.01]",0.001,"[65000.75,65000.65,65000.549999999996,65000.45,65000.35,65000.25,65000.15,65000.049999999996,64999.95,64999.85]",65000.75,"[0.001,0.002,0.003,0.004,0.005,0.006,0.007,0.008,0.009000000000000001,0.01]",0.001,2385,mock,InstrumentType.Spot,613336256,mock,BTC-USDT
2199944884,0,0,1783610796647827556,101,depth,"[65000.96,65001.06,65001.16,65001.26,65001.36,65001.46,65001.56,65001.66,65001.76,65001.86]",65000.96,"[0.001,0.002,0.003,0.004,0.005,0.006,0.007,0.008,0.009000000000000001,0.01]",0.001,"[65000.76,65000.66,65000.56,65000.46,65000.36,65000.26,65000.16,65000.06,64999.96,64999.86]",65000.76,"[0.001,0.002,0.003,0.004,0.005,0.006,0.007,0.008,0.009000000000000001,0.01]",0.001,2386,mock,InstrumentType.Spot,613336816,mock,BTC-USDT
2199944884,0,0,1783610796648135597,101,depth,"[65000.97,65001.07,65001.170000000006,65001.270000000004,65001.37,65001.47,65001.57,65001.670000000006,65001.770000000004,65001.87]",65000.97,"[0.001,0.002,0.003,0.004,0.005,0.006,0.007,0.008,0.009000000000000001,0.01]",0.001,"[65000.770000000004,65000.670000000006,65000.57,65000.47,65000.37,65000.270000000004,65000.170000000006,65000.07,64999.97,64999.87]",65000.770000000004,"[0.001,0.002,0.003,0.004,0.005,0.006,0.007,0.008,0.009000000000000001,0.01]",0.001,2387,mock,InstrumentType.Spot,613337376,mock,BTC-USDT
2199944884,0,0,1783610796648428002,101,depth,"[65000.979999999996,65001.079999999994,65001.18,65001.28,65001.38,65001.479999999996,65001.579999999994,65001.68,65001.78,65001.88]",65000.979999999996,"[0.001,0.002,0.003,0.004,0.005,0.006,0.007,0.008,0.009000000000000001,0.01]",0.001,"[65000.78,65000.68,65000.579999999994,65000.479999999996,65000.38,65000.28,65000.18,65000.079999999994,64999.979999999996,64999.88]",65000.78,"[0.001,0.002,0.003,0.004,0.005,0.006,0.007,0.008,0.009000000000000001,0.01]",0.001,2388,mock,InstrumentType.Spot,613337936,mock,BTC-USDT
2199944884,0,0,1783610796648727863,101,depth,"[65000.99,65001.09,65001.19,65001.29,65001.39,65001.49,65001.59,65001.69,65001.79,65001.89]",65000.99,"[0.001,0.002,0.003,0.004,0.005,0.006,0.007,0.008,0.009000000000000001,0.01]",0.001,"[65000.79,65000.69,65000.59,65000.49,65000.39,65000.29,65000.19,65000.09,64999.99,64999.89]",65000.79,"[0.001,0.002,0.003,0.004,0.005,0.006,0.007,0.008,0.009000000000000001,0.01]",0.001,2389,mock,InstrumentType.Spot,613338496,mock,BTC-USDT
2199944884,0,0,1783610796649027871,101,depth,"[65001.0,65001.1,65001.200000000004,65001.3,65001.4,65001.5,65001.6,65001.700000000004,65001.8,65001.9]",65001.0,"[0.001,0.002,0.003,0.004,0.005,0.006,0.007,0.008,0.009000000000000001,0.01]",0.001,"[65000.8,65000.700000000004,65000.6,65000.5,65000.4,65000.3,65000.200000000004,65000.1,65000.0,64999.9]",65000.8,"[0.001,0.002,0.003,0.004,0.005,0.006,0.007,0.008,0.009000000000000001,0.01]",0.001,2390,mock,InstrumentType.Spot,613339056,mock,BTC-USDT
2199944884,0,0,1783610796649327605,101,depth,"[65001.01,65001.11,65001.21000000001,65001.310000000005,65001.41,65001.51,65001.61,65001.71000000001,65001.810000000005,65001.91]",65001.01,"[0.001,0.002,0.003,0.004,0.005,0.006,0.007,0.008,0.009000000000000001,0.01]",0.001,"[65000.810000000005,65000.71000000001,65000.61,65000.51,65000.41,65000.310000000005,65000.21000000001,65000.11,65000.01,64999.91]",65000.810000000005,"[0.001,0.002,0.003,0.004,0.005,0.006,0.007,0.008,0.009000000000000001,0.01]",0.001,2391,mock,InstrumentType.Spot,613339616,mock,BTC-USDT
2199944884,0,0,1783610796649628231,101,depth,"[65001.02,65001.119999999995,65001.22,65001.32,65001.42,65001.52,65001.619999999995,65001.72,65001.82,65001.92]",65001.02,"[0.001,0.002,0.003,0.004,0.005,0.006,0.007,0.008,0.009000000000000001,0.01]",0.001,"[65000.82,65000.72,65000.619999999995,65000.52,65000.42,65000.32,65000.22,65000.119999999995,65000.02,64999.92]",65000.82,"[0.001,0.002,0.003,0.004,0.005,0.006,0.007,0.008,0.009000000000000001,0.01]",0.001,2392,mock,InstrumentType.Spot,614099856,mock,BTC-USDT
2199944884,0,0,1783610796649928533,101,depth,"[65001.03,65001.13,65001.23,65001.33,65001.43,65001.53,65001.63,65001.73,65001.83,65001.93]",65001.03,"[0.001,0.002,0.003,0.004,0.005,0.006,0.007,0.008,0.009000000000000001,0.01]",0.001,"[65000.83,65000.73,65000.63,65000.53,65000.43,65000.33,65000.23,65000.13,65000.03,64999.93]",65000.83,"[0.001,0.002,0.003,0.004,0.005,0.006,0.007,0.008,0.009000000000000001,0.01]",0.001,2393,mock,InstrumentType.Spot,614100272,mock,BTC-USDT
2199944884,0,0,1783610796650228174,101,depth,"[65001.04,65001.14,65001.240000000005,65001.340000000004,65001.44,65001.54,65001.64,65001.740000000005,65001.840000000004,65001.94]",65001.04,"[0.001,0.002,0.003,0.004,0.005,0.006,0.007,0.008,0.009000000000000001,0.01]",0.001,"[65000.840000000004,65000.740000000005,65000.64,65000.54,65000.44,65000.340000000004,65000.240000000005,65000.14,65000.04,64999.94]",65000.840000000004,"[0.001,0.002,0.003,0.004,0.005,0.006,0.007,0.008,0.009000000000000001,0.01]",0.001,2394,mock,InstrumentType.Spot,614100688,mock,BTC-USDT
2199944884,0,0,1783610796650527954,101,depth,"[65001.049999999996,65001.149999999994,65001.25,65001.35,65001.45,65001.549999999996,65001.649999999994,65001.75,65001.85,65001.95]",65001.049999999996,"[0.001,0.002,0.003,0.004,0.005,0.006,0.007,0.008,0.009000000000000001,0.01]",0.001,"[65000.85,65000.75,65000.649999999994,65000.549999999996,65000.45,65000.35,65000.25,65000.149999999994,65000.049999999996,64999.95]",65000.85,"[0.001,0.002,0.003,0.004,0.005,0.006,0.007,0.008,0.009000000000000001,0.01]",0.001,2395,mock,InstrumentType.Spot,614101184,mock,BTC-USDT
2199944884,0,0,1783610796650827931,101,depth,"[65001.06,65001.159999999996,65001.26,65001.36,65001.46,65001.56,65001.659999999996,65001.76,65001.86,65001.96]",65001.06,"[0.001,0.002,0.003,0.004,0.005,0.006,0.007,0.008,0.009000000000000001,0.01]",0.001,"[65000.86,65000.76,65000.659999999996,65000.56,65000.46,65000.36,65000.26,65000.159999999996,65000.06,64999.96]",65000.86,"[0.001,0.002,0.003,0.004,0.005,0.006,0.007,0.008,0.009000000000000001,0.01]",0.001,2396,mock,InstrumentType.Spot,614101744,mock,BTC-USDT
2199944884,0,0,1783610796651136109,101,depth,"[65001.07,65001.17,65001.270000000004,65001.37,65001.47,65001.57,65001.67,65001.770000000004,65001.87,65001.97]",65001.07,"[0.001,0.002,0.003,0.004,0.005,0.006,0.007,0.008,0.009000000000000001,0.01]",0.001,"[65000.87,65000.770000000004,65000.67,65000.57,65000.47,65000.37,65000.270000000004,65000.17,65000.07,64999.97]",65000.87,"[0.001,0.002,0.003,0.004,0.005,0.006,0.007,0.008,0.009000000000000001,0.01]",0.001,2397,mock,InstrumentType.Spot,614102304,mock,BTC-USDT
2199944884,0,0,1783610796651428223,101,depth,"[65001.08,65001.18,65001.280000000006,65001.380000000005,65001.48,65001.58,65001.68,65001.780000000006,65001.880000000005,65001.98]",65001.08,"[0.001,0.002,0.003,0.004,0.005,0.006,0.007,0.008,0.009000000000000001,0.01]",0.001,"[65000.880000000005,65000.780000000006,65000.68,65000.58,65000.48,65000.380000000005,65000.280000000006,65000.18,65000.08,64999.98]",65000.880000000005,"[0.001,0.002,0.003,0.004,0.005,0.006,0.007,0.008,0.009000000000000001,0.01]",0.001,2398,mock,InstrumentType.Spot,614102864,mock,BTC-USDT
2199944884,0,0,1783610796651727796,101,depth,"[65001.09,65001.189999999995,65001.29,65001.39,65001.49,65001.59,65001.689999999995,65001.79,65001.89,65001.99]",65001.09,"[0.001,0.002,0.003,0.004,0.005,0.006,0.007,0.008,0.009000000000000001,0.01]",0.001,"[65000.89,65000.79,65000.689999999995,65000.59,65000.49,65000.39,65000.29,65000.189999999995,65000.09,64999.99]",65000.89,"[0.001,0.002,0.003,0.004,0.005,0.006,0.007,0.008,0.009000000000000001,0.01]",0.001,2399,mock,InstrumentType.Spot,614103424,mock,BTC-USDT
2199944884,0,0,1783610796652030182,101,depth,"[65000.1,65000.2,65000.3,65000.4,65000.5,65000.6,65000.7,65000.8,65000.9,65001.0]",65000.1,"[0.001,0.002,0.003,0.004,0.005,0.006,0.007,0.008,0.009000000000000001,0.01]",0.001,"[64999.9,64999.8,64999.7,64999.6,64999.5,64999.4,64999.3,64999.2,64999.1,64999.0]",64999.9,"[0.001,0.002,0.003,0.004,0.005,0.006,0.007,0.008,0.009000000000000001,0.01]",0.001,2400,mock,InstrumentType.Spot,614103984,mock,BTC-USDT
2199944884,0,0,1783610796652332488,101,depth,"[65000.11,65000.21,65000.310000000005,65000.41,65000.51,65000.61,65000.71,65000.810000000005,65000.91,65001.01]",65000.11,"[0.001,0.002,0.003,0.004,0.005,0.006,0.007,0.008,0.009000000000000001,0.01]",0.001,"[64999.91,64999.810000000005,64999.71,64999.61,64999.51,64999.41,64999.310000000005,64999.21,64999.11,64999.01]",64999.91,"[0.001,0.002,0.003,0.004,0.005,0.006,0.007,0.008,0.009000000000000001,0.01]",0.001,2401,mock,InstrumentType.Spot,614104544,mock,BTC-USDT
2199944884,0,0,1783610796652629400,101,depth,"[65000.119999999995,65000.219999999994,65000.32,65000.42,65000.52,65000.619999999995,65000.719999999994,65000.82,65000.92,65001.02]",65000.119999999995,"[0.001,0.002,0.003,0.004,0.005,0.006,0.007,0.008,0.009000000000000001,0.01]",0.001,"[64999.92,64999.82,64999.719999999994,64999.619999999995,64999.52,64999.42,64999.32,64999.219999999994,64999.119999999995,64999.02]",64999.92,"[0.001,0.002,0.003,0.004,0.005,0.006,0.007,0.008,0.009000000000000001,0.01]",0.001,2402,mock,InstrumentType.Spot,614105104,mock,BTC-USDT
2199944884,0,0,1783610796652927966,101,depth,"[65000.13,65000.229999999996,65000.33,65000.43,65000.53,65000.63,65000.729999999996,65000.83,65000.93,65001.03]",65000.13,"[0.001,0.002,0.003,0.004,0.005,0.006,0.007,0.008,0.009000000000000001,0.01]",0.001,"[64999.93,64999.83,64999.729999999996,64999.63,64999.53,64999.43,64999.33,64999.229999999996,64999.13,64999.03]",64999.93,"[0.001,0.002,0.003,0.004,0.005,0.006,0.007,0.008,0.009000000000000001,0.01]",0.001,2403,mock,InstrumentType.Spot,614105664,mock,BTC-USDT
2199944884,0,0,1783610796653231732,101,depth,"[65000.14,65000.24,65000.340000000004,65000.44,65000.54,65000.64,65000.74,65000.840000000004,65000.94,65001.04]",65000.14,"[0.001,0.002,0.003,0.004,0.005,0.006,0.007,0.008,0.009000000000000001,0.01]",0.001,"[64999.94,64999.840000000004,64999.74,64999.64,64999.54,64999.44,64999.340000000004,64999.24,64999.14,64999.04]",64999.94,"[0.001,0.002,0.003,0.004,0.005,0.006,0.007,0.008,0.009000000000000001,0.01]",0.001,2404,mock,InstrumentType.Spot,614106224,mock,BTC-USDT
2199944884,0,0,1783610796653534045,101,depth,"[65000.15,65000.25,65000.350000000006,65000.450000000004,65000.55,65000.65,65000.75,65000.850000000006,65000.950000000004,65001.05]",65000.15,"[0.001,0.002,0.003,0.004,0.005,0.006,0.007,0.008,0.009000000000000001,0.01]",0.001,"[64999.950000000004,64999.850000000006,64999.75,64999.65,64999.55,64999.450000000004,64999.350000000006,64999.25,64999.15,64999.05]",64999.950000000004,"[0.001,0.002,0.003,0.004,0.005,0.006,0.007,0.008,0.009000000000000001,0.01]",0.001,2405,mock,InstrumentType.Spot,614106784,mock,BTC-USDT
2199944884,0,0,1783610796653853069,101,depth,"[65000.159999999996,65000.259999999995,65000.36,65000.46,65000.56,65000.659999999996,65000.759999999995,65000.86,65000.96,65001.06]",65000.159999999996,"[0.001,0.002,0.003,0.004,0.005,0.006,0.007,0.008,0.009000000000000001,0.01]",0.001,"[64999.96,64999.86,64999.759999999995,64999.659999999996,64999.56,64999.46,64999.36,64999.259999999995,64999.159999999996,64999.06]",64999.96,"[0.001,0.002,0.003,0.004,0.005,0.006,0.007,0.008,0.009000000000000001,0.01]",0.001,2406,mock,InstrumentType.Spot,614107344,mock,BTC-USDT
2199944884,0,0,1783610796654130011,101,depth,"[65000.17,65000.27,65000.37,65000.47,65000.57,65000.67,65000.77,65000.87,65000.97,65001.07]",65000.17,"[0.001,0.002,0.003,0.004,0.005,0.006,0.007,0.008,0.009000000000000001,0.01]",0.001,"[64999.97,64999.87,64999.77,64999.67,64999.57,64999.47,64999.37,64999.27,64999.17,64999.07]",64999.97,"[0.001,0.002,0.003,0.004,0.005,0.006,0.007,0.008,0.009000000000000001,0.01]",0.001,2407,mock,InstrumentType.Spot,614107904,mock,BTC-USDT
2199944884,0,0,1783610796654428559,101,depth,"[65000.18,65000.28,65000.380000000005,65000.48,65000.58,65000.68,65000.78,65000.880000000005,65000.98,65001.08]",65000.18,"[0.001,0.002,0.003,0.004,0.005,0.006,0.007,0.008,0.009000000000000001,0.01]",0.001,"[64999.98,64999.880000000005,64999.78,64999.68,64999.58,64999.48,64999.380000000005,64999.28,64999.18,64999.08]",64999.98,"[0.001,0.002,0.003,0.004,0.005,0.006,0.007,0.008,0.009000000000000001,0.01]",0.001,2408,mock,InstrumentType.Spot,614108464,mock,BTC-USDT
2199944884,0,0,1783610796654728619,101,depth,"[65000.189999999995,65000.28999999999,65000.39,65000.49,65000.59,65000.689999999995,65000.78999999999,65000.89,65000.99,65001.09]",65000.189999999995,"[0.001,0.002,0.003,0.004,0.005,0.006,0.007,0.008,0.009000000000000001,0.01]",0.001,"[64999.99,64999.89,64999.78999999999,64999.689999999995,64999.59,64999.49,64999.39,64999.28999999999,64999.189999999995,64999.09]",64999.99,"[0.001,0.002,0.003,0.004,0.005,0.006,0.007,0.008,0.009000000000000001,0.01]",0.001,2409,mock,InstrumentType.Spot,614109024,mock,BTC-USDT
2199944884,0,0,1783610796655028701,101,depth,"[65000.2,65000.299999999996,65000.4,65000.5,65000.6,65000.7,65000.799999999996,65000.9,65001.0,65001.1]",65000.2,"[0.001,0.002,0.003,0.004,0.005,0.006,0.007,0.008,0.009000000000000001,0.01]",0.001,"[65000.0,64999.9,64999.799999999996,64999.7,64999.6,64999.5,64999.4,64999.299999999996,64999.2,64999.1]",65000.0,"[0.001,0.002,0.003,0.004,0.005,0.006,0.007,0.008,0.009000000000000001,0.01]",0.001,2410,mock,InstrumentType.Spot,614109584,mock,BTC-USDT
2199944884,0,0,1783610796655328682,101,depth,"[65000.21,65000.31,65000.41,65000.51,65000.61,65000.71,65000.81,65000.91,65001.01,65001.11]",65000.21,"[0.001,0.002,0.003,0.004,0.005,0.006,0.007,0.008,0.009000000000000001,0.01]",0.001,"[65000.01,64999.91,64999.81,64999.71,64999.61,64999.51,64999.41,64999.31,64999.21,64999.11]",65000.01,"[0.001,0.002,0.003,0.004,0.005,0.006,0.007,0.008,0.009000000000000001,0.01]",0.001,2411,mock,InstrumentType.Spot,614110144,mock,BTC-USDT
2199944884,0,0,1783610796655628538,101,depth,"[65000.22,65000.32,65000.420000000006,65000.520000000004,65000.62,65000.72,65000.82,65000.920000000006,65001.020000000004,65001.12]",65000.22,"[0.001,0.002,0.003,0.004,0.005,0.006,0.007,0.008,0.009000000000000001,0.01]",0.001,"[65000.020000000004,64999.920000000006,64999.82,64999.72,64999.62,64999.520000000004,64999.420000000006,64999.32,64999.22,64999.12]",65000.020000000004,"[0.001,0.002,0.003,0.004,0.005,0.006,0.007,0.008,0.009000000000000001,0.01]",0.001,2412,mock,InstrumentType.Spot,614110704,mock,BTC-USDT
2199944884,0,0,1783610796655928477,101,depth,"[65000.229999999996,65000.329999999994,65000.43,65000.53,65000.63,65000.729999999996,65000.829999999994,65000.93,65001.03,65001.13]",65000.229999999996,"[0.001,0.002,0.003,0.004,0.005,0.006,0.007,0.008,0.009000000000000001,0.01]",0.001,"[65000.03,64999.93,64999.829999999994,64999.729999999996,64999.63,64999.53,64999.43,64999.329999999994,64999.229999999996,64999.13]",65000.03,"[0.001,0.002,0.003,0.004,0.005,0.006,0.007,0.008,0.009000000000000001,0.01]",0.001,2413,mock,InstrumentType.Spot,614111264,mock,BTC-USDT
2199944884,0,0,1783610796656228671,101,depth,"[65000.24,65000.34,65000.44,65000.54,65000.64,65000.74,65000.84,65000.94,65001.04,65001.14]",65000.24,"[0.001,0.002,0.003,0.004,0.005,0.006,0.007,0.008,0.009000000000000001,0.01]",0.001,"[65000.04,64999.94,64999.84,64999.74,64999.64,64999.54,64999.44,64999.34,64999.24,64999.14]",65000.04,"[0.001,0.002,0.003,0.004,0.005,0.006,0.007,0.008,0.009000000000000001,0.01]",0.001,2414,mock,InstrumentType.Spot,614111824,mock,BTC-USDT
2199944884,0,0,1783610796656528124,101,depth,"[65000.25,65000.35,65000.450000000004,65000.55,65000.65,65000.75,65000.85,65000.950000000004,65001.05,65001.15]",65000.25,"[0.001,0.002,0.003,0.004,0.005,0.006,0.007,0.008,0.009000000000000001,0.01]",0.001,"[65000.05,64999.950000000004,64999.85,64999.75,64999.65,64999.55,64999.450000000004,64999.35,64999.25,64999.15]",65000.05,"[0.001,0.002,0.003,0.004,0.005,0.006,0.007,0.008,0.009000000000000001,0.01]",0.001,2415,mock,InstrumentType.Spot,614112384,mock,BTC-USDT
2199944884,0,0,1783610796656837875,101,depth,"[65000.26,65000.36,65000.46000000001,65000.560000000005,65000.66,65000.76,65000.86,65000.96000000001,65001.060000000005,65001.16]",65000.26,"[0.001,0.002,0.003,0.004,0.005,0.006,0.007,0.008,0.009000000000000001,0.01]",0.001,"[65000.060000000005,64999.96000000001,64999.86,64999.76,64999.66,64999.560000000005,64999.46000000001,64999.36,64999.26,64999.16]",65000.060000000005,"[0.001,0.002,0.003,0.004,0.005,0.006,0.007,0.008,0.009000000000000001,0.01]",0.001,2416,mock,InstrumentType.Spot,614112944,mock,BTC-USDT
2199944884,0,0,1783610796657128337,101,depth,"[65000.27,65000.369999999995,65000.47,65000.57,65000.67,65000.77,65000.869999999995,65000.97,65001.07,65001.17]",65000.27,"[0.001,0.002,0.003,0.004,0.005,0.006,0.007,0.008,0.009000000000000001,0.01]",0.001,"[65000.07,64999.97,64999.869999999995,64999.77,64999.67,64999.57,64999.47,64999.369999999995,64999.27,64999.17]",65000.07,"[0.001,0.002,0.003,0.004,0.005,0.006,0.007,0.008,0.009000000000000001,0.01]",0.001,2417,mock,InstrumentType.Spot,614113504,mock,BTC-USDT
2199944884,0,0,1783610796658161566,101,depth,"[65000.28,65000.38,65000.48,65000.58,65000.68,65000.78,65000.88,65000.98,65001.08,65001.18]",65000.28,"[0.001,0.002,0.003,0.004,0.005,0.006,0.007,0.008,0.009000000000000001,0.01]",0.001,"[65000.08,64999.98,64999.88,64999.78,64999.68,64999.58,64999.48,64999.38,64999.28,64999.18]",65000.08,"[0.001,0.002,0.003,0.004,0.005,0.006,0.007,0.008,0.009000000000000001,0.01]",0.001,2418,mock,InstrumentType.Spot,614114064,mock,BTC-USDT
2199944884,0,0,1783610796658178763,101,depth,"[65000.29,65000.39,65000.490000000005,65000.590000000004,65000.69,65000.79,65000.89,65000.990000000005,65001.090000000004,65001.19]",65000.29,"[0.001,0.002,0.003,0.004,0.005,0.006,0.007,0.008,0.009000000000000001,0.01]",0.001,"[65000.090000000004,64999.990000000005,64999.89,64999.79,64999.69,64999.590000000004,64999.490000000005,64999.39,64999.29,64999.19]",65000.090000000004,"[0.001,0.002,0.003,0.004,0.005,0.006,0.007,0.008,0.009000000000000001,0.01]",0.001,2419,mock,InstrumentType.Spot,614114624,mock,BTC-USDT
2199944884,0,0,1783610796658187830,101,depth,"[65000.299999999996,65000.399999999994,65000.5,65000.6,65000.7,65000.799999999996,65000.899999999994,65001.0,65001.1,65001.2]",65000.299999999996,"[0.001,0.002,0.003,0.004,0.005,0.006,0.007,0.008,0.009000000000000001,0.01]",0.001,"[65000.1,65000.0,64999.899999999994,64999.799999999996,64999.7,64999.6,64999.5,64999.399999999994,64999.299999999996,64999.2]",65000.1,"[0.001,0.002,0.003,0.004,0.005,0.006,0.007,0.008,0.009000000000000001,0.01]",0.001,2420,mock,InstrumentType.Spot,614115184,mock,BTC-USDT
2199944884,0,0,1783610796658328721,101,depth,"[65000.31,65000.409999999996,65000.51,65000.61,65000.71,65000.81,65000.909999999996,65001.01,65001.11,65001.21]",65000.31,"[0.001,0.002,0.003,0.004,0.005,0.006,0.007,0.008,0.009000000000000001,0.01]",0.001,"[65000.11,65000.01,64999.909999999996,64999.81,64999.71,64999.61,64999.51,64999.409999999996,64999.31,64999.21]",65000.11,"[0.001,0.002,0.003,0.004,0.005,0.006,0.007,0.008,0.009000000000000001,0.01]",0.001,2421,mock,InstrumentType.Spot,614115744,mock,BTC-USDT
2199944884,0,0,1783610796658628052,101,depth,"[65000.32,65000.42,65000.520000000004,65000.62,65000.72,65000.82,65000.92,65001.020000000004,65001.12,65001.22]",65000.32,"[0.001,0.002,0.003,0.004,0.005,0.006,0.007,0.008,0.009000000000000001,0.01]",0.001,"[65000.12,65000.020000000004,64999.92,64999.82,64999.72,64999.62,64999.520000000004,64999.42,64999.32,64999.22]",65000.12,"[0.001,0.002,0.003,0.004,0.005,0.006,0.007,0.008,0.009000000000000001,0.01]",0.001,2422,mock,InstrumentType.Spot,614116304,mock,BTC-USDT
2199944884,0,0,1783610796658927793,101,depth,"[65000.33,65000.43,65000.530000000006,65000.630000000005,65000.73,65000.83,65000.93,65001.030000000006,65001.130000000005,65001.23]",65000.33,"[0.001,0.002,0.003,0.004,0.005,0.006,0.007,0.008,0.009000000000000001,0.01]",0.001,"[65000.130000000005,65000.030000000006,64999.93,64999.83,64999.73,64999.630000000005,64999.530000000006,64999.43,64999.33,64999.23]",65000.130000000005,"[0.001,0.002,0.003,0.004,0.005,0.006,0.007,0.008,0.009000000000000001,0.01]",0.001,2423,mock,InstrumentType.Spot,614116864,mock,BTC-USDT
2199944884,0,0,1783610796659228051,101,depth,"[65000.34,65000.439999999995,65000.54,65000.64,65000.74,65000.84,65000.939999999995,65001.04,65001.14,65001.24]",65000.34,"[0.001,0.002,0.003,0.004,0.005,0.006,0.007,0.008,0.009000000000000001,0.01]",0.001,"[65000.14,65000.04,64999.939999999995,64999.84,64999.74,64999.64,64999.54,64999.439999999995,64999.34,64999.24]",65000.14,"[0.001,0.002,0.003,0.004,0.005,0.006,0.007,0.008,0.009000000000000001,0.01]",0.001,2424,mock,InstrumentType.Spot,614117424,mock,BTC-USDT
2199944884,0,0,1783610796659543176,101,depth,"[65000.35,65000.45,65000.55,65000.65,65000.75,65000.85,65000.95,65001.05,65001.15,65001.25]",65000.35,"[0.001,0.002,0.003,0.004,0.005,0.006,0.007,0.008,0.009000000000000001,0.01]",0.001,"[65000.15,65000.05,64999.95,64999.85,64999.75,64999.65,64999.55,64999.45,64999.35,64999.25]",65000.15,"[0.001,0.002,0.003,0.004,0.005,0.006,0.007,0.008,0.009000000000000001,0.01]",0.001,2425,mock,InstrumentType.Spot,614117984,mock,BTC-USDT
2199944884,0,0,1783610796659827905,101,depth,"[65000.36,65000.46,65000.560000000005,65000.66,65000.76,65000.86,65000.96,65001.060000000005,65001.16,65001.26]",65000.36,"[0.001,0.002,0.003,0.004,0.005,0.006,0.007,0.008,0.009000000000000001,0.01]",0.001,"[65000.16,65000.060000000005,64999.96,64999.86,64999.76,64999.66,64999.560000000005,64999.46,64999.36,64999.26]",65000.16,"[0.001,0.002,0.003,0.004,0.005,0.006,0.007,0.008,0.009000000000000001,0.01]",0.001,2426,mock,InstrumentType.Spot,614118544,mock,BTC-USDT
2199944884,0,0,1783610796660128007,101,depth,"[65000.369999999995,65000.469999999994,65000.57,65000.67,65000.77,65000.869999999995,65000.969999999994,65001.07,65001.17,65001.27]",65000.369999999995,"[0.001,0.002,0.003,0.004,0.005,0.006,0.007,0.008,0.009000000000000001,0.01]",0.001,"[65000.17,65000.07,64999.969999999994,64999.869999999995,64999.77,64999.67,64999.57,64999.469999999994,64999.369999999995,64999.27]",65000.17,"[0.001,0.002,0.003,0.004,0.005,0.006,0.007,0.008,0.009000000000000001,0.01]",0.001,2427,mock,InstrumentType.Spot,614119104,mock,BTC-USDT
2199944884,0,0,1783610796660427872,101,depth,"[65000.38,65000.479999999996,65000.58,65000.68,65000.78,65000.88,65000.979999999996,65001.08,65001.18,65001.28]",65000.38,"[0.001,0.002,0.003,0.004,0.005,0.006,0.007,0.008,0.009000000000000001,0.01]",0.001,"[65000.18,65000.08,64999.979999999996,64999.88,64999.78,64999.68,64999.58,64999.479999999996,64999.38,64999.28]",65000.18,"[0.001,0.002,0.003,0.004,0.005,0.006,0.007,0.008,0.009000000000000001,0.01]",0.001,2428,mock,InstrumentType.Spot,614119664,mock,BTC-USDT
2199944884,0,0,1783610796660727856,101,depth,"[65000.39,65000.49,65000.590000000004,65000.69,65000.79,65000.89,65000.99,65001.090000000004,65001.19,65001.29]",65000.39,"[0.001,0.002,0.003,0.004,0.005,0.006,0.007,0.008,0.009000000000000001,0.01]",0.001,"[65000.19,65000.090000000004,64999.99,64999.89,64999.79,64999.69,64999.590000000004,64999.49,64999.39,64999.29]",65000.19,"[0.001,0.002,0.003,0.004,0.005,0.006,0.007,0.008,0.009000000000000001,0.01]",0.001,2429,mock,InstrumentType.Spot,614120224,mock,BTC-USDT
2199944884,0,0,1783610796661027861,101,depth,"[65000.4,65000.5,65000.600000000006,65000.700000000004,65000.8,65000.9,65001.0,65001.100000000006,65001.200000000004,65001.3]",65000.4,"[0.001,0.002,0.003,0.004,0.005,0.006,0.007,0.008,0.009000000000000001,0.01]",0.001,"[65000.200000000004,65000.100000000006,65000.0,64999.9,64999.8,64999.700000000004,64999.600000000006,64999.5,64999.4,64999.3]",65000.200000000004,"[0.001,0.002,0.003,0.004,0.005,0.006,0.007,0.008,0.009000000000000001,0.01]",0.001,2430,mock,InstrumentType.Spot,614120784,mock,BTC-USDT
2199944884,0,0,1783610796661327787,101,depth,"[65000.409999999996,65000.509999999995,65000.61,65000.71,65000.81,65000.909999999996,65001.009999999995,65001.11,65001.21,65001.31]",65000.409999999996,"[0.001,0.002,0.003,0.004,0.005,0.006,0.007,0.008,0.009000000000000001,0.01]",0.001,"[65000.21,65000.11,65000.009999999995,64999.909999999996,64999.81,64999.71,64999.61,64999.509999999995,64999.409999999996,64999.31]",65000.21,"[0.001,0.002,0.003,0.004,0.005,0.006,0.007,0.008,0.009000000000000001,0.01]",0.001,2431,mock,InstrumentType.Spot,614121344,mock,BTC-USDT
2199944884,0,0,1783610796661627905,101,depth,"[65000.42,65000.52,65000.62,65000.72,65000.82,65000.92,65001.02,65001.12,65001.22,65001.32]",65000.42,"[0.001,0.002,0.003,0.004,0.005,0.006,0.007,0.008,0.009000000000000001,0.01]",0.001,"[65000.22,65000.12,65000.02,64999.92,64999.82,64999.72,64999.62,64999.52,64999.42,64999.32]",65000.22,"[0.001,0.002,0.003,0.004,0.005,0.006,0.007,0.008,0.009000000000000001,0.01]",0.001,2432,mock,InstrumentType.Spot,614121904,mock,BTC-USDT
2199944884,0,0,1783610796661927843,101,depth,"[65000.43,65000.53,65000.630000000005,65000.73,65000.83,65000.93,65001.03,65001.130000000005,65001.23,65001.33]",65000.43,"[0.001,0.002,0.003,0.004,0.005,0.006,0.007,0.008,0.009000000000000001,0.01]",0.001,"[65000.23,65000.130000000005,65000.03,64999.93,64999.83,64999.73,64999.630000000005,64999.53,64999.43,64999.33]",65000.23,"[0.001,0.002,0.003,0.004,0.005,0.006,0.007,0.008,0.009000000000000001,0.01]",0.001,2433,mock,InstrumentType.Spot,614122464,mock,BTC-USDT
2199944884,0,0,1783610796662227970,101,depth,"[65000.439999999995,65000.53999999999,65000.64,65000.74,65000.84,65000.939999999995,65001.03999999999,65001.14,65001.24,65001.34]",65000.439999999995,"[0.001,0.002,0.003,0.004,0.005,0.006,0.007,0.008,0.009000000000000001,0.01]",0.001,"[65000.24,65000.14,65000.03999999999,64999.939999999995,64999.84,64999.74,64999.64,64999.53999999999,64999.439999999995,64999.34]",65000.24,"[0.001,0.002,0.003,0.004,0.005,0.006,0.007,0.008,0.009000000000000001,0.01]",0.001,2434,mock,InstrumentType.Spot,614123024,mock,BTC-USDT
2199944884,0,0,1783610796662534158,101,depth,"[65000.45,65000.549999999996,65000.65,65000.75,65000.85,65000.95,65001.049999999996,65001.15,65001.25,65001.35]",65000.45,"[0.001,0.002,0.003,0.004,0.005,0.006,0.007,0.008,0.009000000000000001,0.01]",0.001,"[65000.25,65000.15,65000.049999999996,64999.95,64999.85,64999.75,64999.65,64999.549999999996,64999.45,64999.35]",65000.25,"[0.001,0.002,0.003,0.004,0.005,0.006,0.007,0.008,0.009000000000000001,0.01]",0.001,2435,mock,InstrumentType.Spot,614123584,mock,BTC-USDT
2199944884,0,0,1783610796662828105,101,depth,"[65000.46,65000.56,65000.66,65000.76,65000.86,65000.96,65001.06,65001.16,65001.26,65001.36]",65000.46,"[0.001,0.002,0.003,0.004,0.005,0.006,0.007,0.008,0.009000000000000001,0.01]",0.001,"[65000.26,65000.16,65000.06,64999.96,64999.86,64999.76,64999.66,64999.56,64999.46,64999.36]",65000.26,"[0.001,0.002,0.003,0.004,0.005,0.006,0.007,0.008,0.009000000000000001,0.01]",0.001,2436,mock,InstrumentType.Spot,614124144,mock,BTC-USDT
2199944884,0,0,1783610796663218348,101,depth,"[65000.47,65000.57,65000.670000000006,65000.770000000004,65000.87,65000.97,65001.07,65001.170000000006,65001.270000000004,65001.37]",65000.47,"[0.001,0.002,0.003,0.004,0.005,0.006,0.007,0.008,0.009000000000000001,0.01]",0.001,"[65000.270000000004,65000.170000000006,65000.07,64999.97,64999.87,64999.770000000004,64999.670000000006,64999.57,64999.47,64999.37]",65000.270000000004,"[0.001,0.002,0.003,0.004,0.005,0.006,0.007,0.008,0.009000000000000001,0.01]",0.001,2437,mock,InstrumentType.Spot,614124704,mock,BTC-USDT
2199944884,0,0,1783610796663429928,101,depth,"[65000.479999999996,65000.579999999994,65000.68,65000.78,65000.88,65000.979999999996,65001.079999999994,65001.18,65001.28,65001.38]",65000.479999999996,"[0.001,0.002,0.003,0.004,0.005,0.006,0.007,0.008,0.009000000000000001,0.01]",0.001,"[65000.28,65000.18,65000.079999999994,64999.979999999996,64999.88,64999.78,64999.68,64999.579999999994,64999.479999999996,64999.38]",65000.28,"[0.001,0.002,0.003,0.004,0.005,0.006,0.007,0.008,0.009000000000000001,0.01]",0.001,2438,mock,InstrumentType.Spot,614125264,mock,BTC-USDT
2199944884,0,0,1783610796663728432,101,depth,"[65000.49,65000.59,65000.69,65000.79,65000.89,65000.99,65001.09,65001.19,65001.29,65001.39]",65000.49,"[0.001,0.002,0.003,0.004,0.005,0.006,0.007,0.008,0.009000000000000001,0.01]",0.001,"[65000.29,65000.19,65000.09,64999.99,64999.89,64999.79,64999.69,64999.59,64999.49,64999.39]",65000.29,"[0.001,0.002,0.003,0.004,0.005,0.006,0.007,0.008,0.009000000000000001,0.01]",0.001,2439,mock,InstrumentType.Spot,614125824,mock,BTC-USDT
2199944884,0,0,1783610796664028714,101,depth,"[65000.5,65000.6,65000.700000000004,65000.8,65000.9,65001.0,65001.1,65001.200000000004,65001.3,65001.4]",65000.5,"[0.001,0.002,0.003,0.004,0.005,0.006,0.007,0.008,0.009000000000000001,0.01]",0.001,"[65000.3,65000.200000000004,65000.1,65000.0,64999.9,64999.8,64999.700000000004,64999.6,64999.5,64999.4]",65000.3,"[0.001,0.002,0.003,0.004,0.005,0.006,0.007,0.008,0.009000000000000001,0.01]",0.001,2440,mock,InstrumentType.Spot,614126384,mock,BTC-USDT
2199944884,0,0,1783610796664328587,101,depth,"[65000.51,65000.61,65000.71000000001,65000.810000000005,65000.91,65001.01,65001.11,65001.21000000001,65001.310000000005,65001.41]",65000.51,"[0.001,0.002,0.003,0.004,0.005,0.006,0.007,0.008,0.009000000000000001,0.01]",0.001,"[65000.310000000005,65000.21000000001,65000.11,65000.01,64999.91,64999.810000000005,64999.71000000001,64999.61,64999.51,64999.41]",65000.310000000005,"[0.001,0.002,0.003,0.004,0.005,0.006,0.007,0.008,0.009000000000000001,0.01]",0.001,2441,mock,InstrumentType.Spot,614126944,mock,BTC-USDT
2199944884,0,0,1783610796664628036,101,depth,"[65000.52,65000.619999999995,65000.72,65000.82,65000.92,65001.02,65001.119999999995,65001.22,65001.32,65001.42]",65000.52,"[0.001,0.002,0.003,0.004,0.005,0.006,0.007,0.008,0.009000000000000001,0.01]",0.001,"[65000.32,65000.22,65000.119999999995,65000.02,64999.92,64999.82,64999.72,64999.619999999995,64999.52,64999.42]",65000.32,"[0.001,0.002,0.003,0.004,0.005,0.006,0.007,0.008,0.009000000000000001,0.01]",0.001,2442,mock,InstrumentType.Spot,614127504,mock,BTC-USDT
2199944884,0,0,1783610796664930173,101,depth,"[65000.53,65000.63,65000.73,65000.83,65000.93,65001.03,65001.13,65001.23,65001.33,65001.43]",65000.53,"[0.001,0.002,0.003,0.004,0.005,0.006,0.007,0.008,0.009000000000000001,0.01]",0.001,"[65000.33,65000.23,65000.13,65000.03,64999.93,64999.83,64999.73,64999.63,64999.53,64999.43]",65000.33,"[0.001,0.002,0.003,0.004,0.005,0.006,0.007,0.008,0.009000000000000001,0.01]",0.001,2443,mock,InstrumentType.Spot,614128064,mock,BTC-USDT
2199944884,0,0,1783610796665234292,101,depth,"[65000.54,65000.64,65000.740000000005,65000.840000000004,65000.94,65001.04,65001.14,65001.240000000005,65001.340000000004,65001.44]",65000.54,"[0.001,0.002,0.003,0.004,0.005,0.006,0.007,0.008,0.009000000000000001,0.01]",0.001,"[65000.340000000004,65000.240000000005,65000.14,65000.04,64999.94,64999.840000000004,64999.740000000005,64999.64,64999.54,64999.44]",65000.340000000004,"[0.001,0.002,0.003,0.004,0.005,0.006,0.007,0.008,0.009000000000000001,0.01]",0.001,2444,mock,InstrumentType.Spot,614128624,mock,BTC-USDT
2199944884,0,0,1783610796665610349,101,depth,"[65000.549999999996,65000.649999999994,65000.75,65000.85,65000.95,65001.049999999996,65001.149999999994,65001.25,65001.35,65001.45]",65000.549999999996,"[0.001,0.002,0.003,0.004,0.005,0.006,0.007,0.008,0.009000000000000001,0.01]",0.001,"[65000.35,65000.25,65000.149999999994,65000.049999999996,64999.95,64999.85,64999.75,64999.649999999994,64999.549999999996,64999.45]",65000.35,"[0.001,0.002,0.003,0.004,0.005,0.006,0.007,0.008,0.009000000000000001,0.01]",0.001,2445,mock,InstrumentType.Spot,614129184,mock,BTC-USDT
2199944884,0,0,1783610796665828863,101,depth,"[65000.56,65000.659999999996,65000.76,65000.86,65000.96,65001.06,65001.159999999996,65001.26,65001.36,65001.46]",65000.56,"[0.001,0.002,0.003,0.004,0.005,0.006,0.007,0.008,0.009000000000000001,0.01]",0.001,"[65000.36,65000.26,65000.159999999996,65000.06,64999.96,64999.86,64999.76,64999.659999999996,64999.56,64999.46]",65000.36,"[0.001,0.002,0.003,0.004,0.005,0.006,0.007,0.008,0.009000000000000001,0.01]",0.001,2446,mock,InstrumentType.Spot,614129744,mock,BTC-USDT
2199944884,0,0,1783610796666128627,101,depth,"[65000.57,65000.67,65000.770000000004,65000.87,65000.97,65001.07,65001.17,65001.270000000004,65001.37,65001.47]",65000.57,"[0.001,0.002,0.003,0.004,0.005,0.006,0.007,0.008,0.009000000000000001,0.01]",0.001,"[65000.37,65000.270000000004,65000.17,65000.07,64999.97,64999.87,64999.770000000004,64999.67,64999.57,64999.47]",65000.37,"[0.001,0.002,0.003,0.004,0.005,0.006,0.007,0.008,0.009000000000000001,0.01]",0.001,2447,mock,InstrumentType.Spot,614130304,mock,BTC-USDT
2199944884,0,0,1783610796666428255,101,depth,"[65000.58,65000.68,65000.780000000006,65000.880000000005,65000.98,65001.08,65001.18,65001.280000000006,65001.380000000005,65001.48]",65000.58,"[0.001,0.002,0.003,0.004,0.005,0.006,0.007,0.008,0.009000000000000001,0.01]",0.001,"[65000.380000000005,65000.280000000006,65000.18,65000.08,64999.98,64999.880000000005,64999.780000000006,64999.68,64999.58,64999.48]",65000.380000000005,"[0.001,0.002,0.003,0.004,0.005,0.006,0.007,0.008,0.009000000000000001,0.01]",0.001,2448,mock,InstrumentType.Spot,614130864,mock,BTC-USDT
2199944884,0,0,1783610796666727969,101,depth,"[65000.59,65000.689999999995,65000.79,65000.89,65000.99,65001.09,65001.189999999995,65001.29,65001.39,65001.49]",65000.59,"[0.001,0.002,0.003,0.004,0.005,0.006,0.007,0.008,0.009000000000000001,0.01]",0.001,"[65000.39,65000.29,65000.189999999995,65000.09,64999.99,64999.89,64999.79,64999.689999999995,64999.59,64999.49]",65000.39,"[0.001,0.002,0.003,0.004,0.005,0.006,0.007,0.008,0.009000000000000001,0.01]",0.001,2449,mock,InstrumentType.Spot,614131424,mock,BTC-USDT
2199944884,0,0,1783610796667030274,101,depth,"[65000.6,65000.7,65000.8,65000.9,65001.0,65001.1,65001.2,65001.3,65001.4,65001.5]",65000.6,"[0.001,0.002,0.003,0.004,0.005,0.006,0.007,0.008,0.009000000000000001,0.01]",0.001,"[65000.4,65000.3,65000.2,65000.1,65000.0,64999.9,64999.8,64999.7,64999.6,64999.5]",65000.4,"[0.001,0.002,0.003,0.004,0.005,0.006,0.007,0.008,0.009000000000000001,0.01]",0.001,2450,mock,InstrumentType.Spot,614131984,mock,BTC-USDT
2199944884,0,0,1783610796667332696,101,depth,"[65000.61,65000.71,65000.810000000005,65000.91,65001.01,65001.11,65001.21,65001.310000000005,65001.41,65001.51]",65000.61,"[0.001,0.002,0.003,0.004,0.005,0.006,0.007,0.008,0.009000000000000001,0.01]",0.001,"[65000.41,65000.310000000005,65000.21,65000.11,65000.01,64999.91,64999.810000000005,64999.71,64999.61,64999.51]",65000.41,"[0.001,0.002,0.003,0.004,0.005,0.006,0.007,0.008,0.009000000000000001,0.01]",0.001,2451,mock,InstrumentType.Spot,614132544,mock,BTC-USDT
2199944884,0,0,1783610796667632166,101,depth,"[65000.619999999995,65000.719999999994,65000.82,65000.92,65001.02,65001.119999999995,65001.219999999994,65001.32,65001.42,65001.52]",65000.619999999995,"[0.001,0.002,0.003,0.004,0.005,0.006,0.007,0.008,0.009000000000000001,0.01]",0.001,"[65000.42,65000.32,65000.219999999994,65000.119999999995,65000.02,64999.92,64999.82,64999.719999999994,64999.619999999995,64999.52]",65000.42,"[0.001,0.002,0.003,0.004,0.005,0.006,0.007,0.008,0.009000000000000001,0.01]",0.001,2452,mock,InstrumentType.Spot,614133104,mock,BTC-USDT
2199944884,0,0,1783610796667929564,101,depth,"[65000.63,65000.729999999996,65000.83,65000.93,65001.03,65001.13,65001.229999999996,65001.33,65001.43,65001.53]",65000.63,"[0.001,0.002,0.003,0.004,0.005,0.006,0.007,0.008,0.009000000000000001,0.01]",0.001,"[65000.43,65000.33,65000.229999999996,65000.13,65000.03,64999.93,64999.83,64999.729999999996,64999.63,64999.53]",65000.43,"[0.001,0.002,0.003,0.004,0.005,0.006,0.007,0.008,0.009000000000000001,0.01]",0.001,2453,mock,InstrumentType.Spot,614133664,mock,BTC-USDT
2199944884,0,0,1783610796668248464,101,depth,"[65000.64,65000.74,65000.840000000004,65000.94,65001.04,65001.14,65001.24,65001.340000000004,65001.44,65001.54]",65000.64,"[0.001,0.002,0.003,0.004,0.005,0.006,0.007,0.008,0.009000000000000001,0.01]",0.001,"[65000.44,65000.340000000004,65000.24,65000.14,65000.04,64999.94,64999.840000000004,64999.74,64999.64,64999.54]",65000.44,"[0.001,0.002,0.003,0.004,0.005,0.006,0.007,0.008,0.009000000000000001,0.01]",0.001,2454,mock,InstrumentType.Spot,614134224,mock,BTC-USDT
2199944884,0,0,1783610796668530154,101,depth,"[65000.65,65000.75,65000.850000000006,65000.950000000004,65001.05,65001.15,65001.25,65001.350000000006,65001.450000000004,65001.55]",65000.65,"[0.001,0.002,0.003,0.004,0.005,0.006,0.007,0.008,0.009000000000000001,0.01]",0.001,"[65000.450000000004,65000.350000000006,65000.25,65000.15,65000.05,64999.950000000004,64999.850000000006,64999.75,64999.65,64999.55]",65000.450000000004,"[0.001,0.002,0.003,0.004,0.005,0.006,0.007,0.008,0.009000000000000001,0.01]",0.001,2455,mock,InstrumentType.Spot,614134784,mock,BTC-USDT
2199944884,0,0,1783610796668834764,101,depth,"[65000.659999999996,65000.759999999995,65000.86,65000.96,65001.06,65001.159999999996,65001.259999999995,65001.36,65001.46,65001.56]",65000.659999999996,"[0.001,0.002,0.003,0.004,0.005,0.006,0.007,0.008,0.009000000000000001,0.01]",0.001,"[65000.46,65000.36,65000.259999999995,65000.159999999996,65000.06,64999.96,64999.86,64999.759999999995,64999.659999999996,64999.56]",65000.46,"[0.001,0.002,0.003,0.004,0.005,0.006,0.007,0.008,0.009000000000000001,0.01]",0.001,2456,mock,InstrumentType.Spot,614135344,mock,BTC-USDT
2199944884,0,0,1783610796669150851,101,depth,"[65000.67,65000.77,65000.87,65000.97,65001.07,65001.17,65001.27,65001.37,65001.47,65001.57]",65000.67,"[0.001,0.002,0.003,0.004,0.005,0.006,0.007,0.008,0.009000000000000001,0.01]",0.001,"[65000.47,65000.37,65000.27,65000.17,65000.07,64999.97,64999.87,64999.77,64999.67,64999.57]",65000.47,"[0.001,0.002,0.003,0.004,0.005,0.006,0.007,0.008,0.009000000000000001,0.01]",0.001,2457,mock,InstrumentType.Spot,614135904,mock,BTC-USDT
2199944884,0,0,1783610796669429556,101,depth,"[65000.68,65000.78,65000.880000000005,65000.98,65001.08,65001.18,65001.28,65001.380000000005,65001.48,65001.58]",65000.68,"[0.001,0.002,0.003,0.004,0.005,0.006,0.007,0.008,0.009000000000000001,0.01]",0.001,"[65000.48,65000.380000000005,65000.28,65000.18,65000.08,64999.98,64999.880000000005,64999.78,64999.68,64999.58]",65000.48,"[0.001,0.002,0.003,0.004,0.005,0.006,0.007,0.008,0.009000000000000001,0.01]",0.001,2458,mock,InstrumentType.Spot,614136464,mock,BTC-USDT
2199944884,0,0,1783610796669730690,101,depth,"[65000.689999999995,65000.78999999999,65000.89,65000.99,65001.09,65001.189999999995,65001.28999999999,65001.39,65001.49,65001.59]",65000.689999999995,"[0.001,0.002,0.003,0.004,0.005,0.006,0.007,0.008,0.009000000000000001,0.01]",0.001,"[65000.49,65000.39,65000.28999999999,65000.189999999995,65000.09,64999.99,64999.89,64999.78999999999,64999.689999999995,64999.59]",65000.49,"[0.001,0.002,0.003,0.004,0.005,0.006,0.007,0.008,0.009000000000000001,0.01]",0.001,2459,mock,InstrumentType.Spot,614137024,mock,BTC-USDT
2199944884,0,0,1783610796670029580,101,depth,"[65000.7,65000.799999999996,65000.9,65001.0,65001.1,65001.2,65001.299999999996,65001.4,65001.5,65001.6]",65000.7,"[0.001,0.002,0.003,0.004,0.005,0.006,0.007,0.008,0.009000000000000001,0.01]",0.001,"[65000.5,65000.4,65000.299999999996,65000.2,65000.1,65000.0,64999.9,64999.799999999996,64999.7,64999.6]",65000.5,"[0.001,0.002,0.003,0.004,0.005,0.006,0.007,0.008,0.009000000000000001,0.01]",0.001,2460,mock,InstrumentType.Spot,614137584,mock,BTC-USDT
2199944884,0,0,1783610796670331527,101,depth,"[65000.71,65000.81,65000.91,65001.01,65001.11,65001.21,65001.31,65001.41,65001.51,65001.61]",65000.71,"[0.001,0.002,0.003,0.004,0.005,0.006,0.007,0.008,0.009000000000000001,0.01]",0.001,"[65000.51,65000.41,65000.31,65000.21,65000.11,65000.01,64999.91,64999.81,64999.71,64999.61]",65000.51,"[0.001,0.002,0.003,0.004,0.005,0.006,0.007,0.008,0.009000000000000001,0.01]",0.001,2461,mock,InstrumentType.Spot,614138144,mock,BTC-USDT
2199944884,0,0,1783610796670630271,101,depth,"[65000.72,65000.82,65000.920000000006,65001.020000000004,65001.12,65001.22,65001.32,65001.420000000006,65001.520000000004,65001.62]",65000.72,"[0.001,0.002,0.003,0.004,0.005,0.006,0.007,0.008,0.009000000000000001,0.01]",0.001,"[65000.520000000004,65000.420000000006,65000.32,65000.22,65000.12,65000.020000000004,64999.920000000006,64999.82,64999.72,64999.62]",65000.520000000004,"[0.001,0.002,0.003,0.004,0.005,0.006,0.007,0.008,0.009000000000000001,0.01]",0.001,2462,mock,InstrumentType.Spot,614138704,mock,BTC-USDT
2199944884,0,0,1783610796670929241,101,depth,"[65000.729999999996,65000.829999999994,65000.93,65001.03,65001.13,65001.229999999996,65001.329999999994,65001.43,65001.53,65001.63]",65000.729999999996,"[0.001,0.002,0.003,0.004,0.005,0.006,0.007,0.008,0.009000000000000001,0.01]",0.001,"[65000.53,65000.43,65000.329999999994,65000.229999999996,65000.13,65000.03,64999.93,64999.829999999994,64999.729999999996,64999.63]",65000.53,"[0.001,0.002,0.003,0.004,0.005,0.006,0.007,0.008,0.009000000000000001,0.01]",0.001,2463,mock,InstrumentType.Spot,614139264,mock,BTC-USDT
2199944884,0,0,1783610796671265225,101,depth,"[65000.74,65000.84,65000.94,65001.04,65001.14,65001.24,65001.34,65001.44,65001.54,65001.64]",65000.74,"[0.001,0.002,0.003,0.004,0.005,0.006,0.007,0.008,0.009000000000000001,0.01]",0.001,"[65000.54,65000.44,65000.34,65000.24,65000.14,65000.04,64999.94,64999.84,64999.74,64999.64]",65000.54,"[0.001,0.002,0.003,0.004,0.005,0.006,0.007,0.008,0.009000000000000001,0.01]",0.001,2464,mock,InstrumentType.Spot,614139824,mock,BTC-USDT
2199944884,0,0,1783610796671528877,101,depth,"[65000.75,65000.85,65000.950000000004,65001.05,65001.15,65001.25,65001.35,65001.450000000004,65001.55,65001.65]",65000.75,"[0.001,0.002,0.003,0.004,0.005,0.006,0.007,0.008,0.009000000000000001,0.01]",0.001,"[65000.55,65000.450000000004,65000.35,65000.25,65000.15,65000.05,64999.950000000004,64999.85,64999.75,64999.65]",65000.55,"[0.001,0.002,0.003,0.004,0.005,0.006,0.007,0.008,0.009000000000000001,0.01]",0.001,2465,mock,InstrumentType.Spot,614140384,mock,BTC-USDT
2199944884,0,0,1783610796671830544,101,depth,"[65000.76,65000.86,65000.96000000001,65001.060000000005,65001.16,65001.26,65001.36,65001.46000000001,65001.560000000005,65001.66]",65000.76,"[0.001,0.002,0.003,0.004,0.005,0.006,0.007,0.008,0.009000000000000001,0.01]",0.001,"[65000.560000000005,65000.46000000001,65000.36,65000.26,65000.16,65000.060000000005,64999.96000000001,64999.86,64999.76,64999.66]",65000.560000000005,"[0.001,0.002,0.003,0.004,0.005,0.006,0.007,0.008,0.009000000000000001,0.01]",0.001,2466,mock,InstrumentType.Spot,614140944,mock,BTC-USDT
2199944884,0,0,1783610796672132709,101,depth,"[65000.77,65000.869999999995,65000.97,65001.07,65001.17,65001.27,65001.369999999995,65001.47,65001.57,65001.67]",65000.77,"[0.001,0.002,0.003,0.004,0.005,0.006,0.007,0.008,0.009000000000000001,0.01]",0.001,"[65000.57,65000.47,65000.369999999995,65000.27,65000.17,65000.07,64999.97,64999.869999999995,64999.77,64999.67]",65000.57,"[0.001,0.002,0.003,0.004,0.005,0.006,0.007,0.008,0.009000000000000001,0.01]",0.001,2467,mock,InstrumentType.Spot,614141504,mock,BTC-USDT
2199944884,0,0,1783610796672432481,101,depth,"[65000.78,65000.88,65000.98,65001.08,65001.18,65001.28,65001.38,65001.48,65001.58,65001.68]",65000.78,"[0.001,0.002,0.003,0.004,0.005,0.006,0.007,0.008,0.009000000000000001,0.01]",0.001,"[65000.58,65000.48,65000.38,65000.28,65000.18,65000.08,64999.98,64999.88,64999.78,64999.68]",65000.58,"[0.001,0.002,0.003,0.004,0.005,0.006,0.007,0.008,0.009000000000000001,0.01]",0.001,2468,mock,InstrumentType.Spot,614142064,mock,BTC-USDT
2199944884,0,0,1783610796672730837,101,depth,"[65000.79,65000.89,65000.990000000005,65001.090000000004,65001.19,65001.29,65001.39,65001.490000000005,65001.590000000004,65001.69]",65000.79,"[0.001,0.002,0.003,0.004,0.005,0.006,0.007,0.008,0.009000000000000001,0.01]",0.001,"[65000.590000000004,65000.490000000005,65000.39,65000.29,65000.19,65000.090000000004,64999.990000000005,64999.89,64999.79,64999.69]",65000.590000000004,"[0.001,0.002,0.003,0.004,0.005,0.006,0.007,0.008,0.009000000000000001,0.01]",0.001,2469,mock,InstrumentType.Spot,614142624,mock,BTC-USDT
2199944884,0,0,1783610796673029311,101,depth,"[65000.799999999996,65000.899999999994,65001.0,65001.1,65001.2,65001.299999999996,65001.399999999994,65001.5,65001.6,65001.7]",65000.799999999996,"[0.001,0.002,0.003,0.004,0.005,0.006,0.007,0.008,0.009000000000000001,0.01]",0.001,"[65000.6,65000.5,65000.399999999994,65000.299999999996,65000.2,65000.1,65000.0,64999.899999999994,64999.799999999996,64999.7]",65000.6,"[0.001,0.002,0.003,0.004,0.005,0.006,0.007,0.008,0.009000000000000001,0.01]",0.001,2470,mock,InstrumentType.Spot,614143184,mock,BTC-USDT
2199944884,0,0,1783610796673328937,101,depth,"[65000.81,65000.909999999996,65001.01,65001.11,65001.21,65001.31,65001.409999999996,65001.51,65001.61,65001.71]",65000.81,"[0.001,0.002,0.003,0.004,0.005,0.006,0.007,0.008,0.009000000000000001,0.01]",0.001,"[65000.61,65000.51,65000.409999999996,65000.31,65000.21,65000.11,65000.01,64999.909999999996,64999.81,64999.71]",65000.61,"[0.001,0.002,0.003,0.004,0.005,0.006,0.007,0.008,0.009000000000000001,0.01]",0.001,2471,mock,InstrumentType.Spot,614143744,mock,BTC-USDT
2199944884,0,0,1783610796673628921,101,depth,"[65000.82,65000.92,65001.020000000004,65001.12,65001.22,65001.32,65001.42,65001.520000000004,65001.62,65001.72]",65000.82,"[0.001,0.002,0.003,0.004,0.005,0.006,0.007,0.008,0.009000000000000001,0.01]",0.001,"[65000.62,65000.520000000004,65000.42,65000.32,65000.22,65000.12,65000.020000000004,64999.92,64999.82,64999.72]",65000.62,"[0.001,0.002,0.003,0.004,0.005,0.006,0.007,0.008,0.009000000000000001,0.01]",0.001,2472,mock,InstrumentType.Spot,614144304,mock,BTC-USDT
2199944884,0,0,1783610796673947721,101,depth,"[65000.83,65000.93,65001.030000000006,65001.130000000005,65001.23,65001.33,65001.43,65001.530000000006,65001.630000000005,65001.73]",65000.83,"[0.001,0.002,0.003,0.004,0.005,0.006,0.007,0.008,0.009000000000000001,0.01]",0.001,"[65000.630000000005,65000.530000000006,65000.43,65000.33,65000.23,65000.130000000005,65000.030000000006,64999.93,64999.83,64999.73]",65000.630000000005,"[0.001,0.002,0.003,0.004,0.005,0.006,0.007,0.008,0.009000000000000001,0.01]",0.001,2473,mock,InstrumentType.Spot,614144864,mock,BTC-USDT
2199944884,0,0,1783610796674229107,101,depth,"[65000.84,65000.939999999995,65001.04,65001.14,65001.24,65001.34,65001.439999999995,65001.54,65001.64,65001.74]",65000.84,"[0.001,0.002,0.003,0.004,0.005,0.006,0.007,0.008,0.009000000000000001,0.01]",0.001,"[65000.64,65000.54,65000.439999999995,65000.34,65000.24,65000.14,65000.04,64999.939999999995,64999.84,64999.74]",65000.64,"[0.001,0.002,0.003,0.004,0.005,0.006,0.007,0.008,0.009000000000000001,0.01]",0.001,2474,mock,InstrumentType.Spot,614145424,mock,BTC-USDT
2199944884,0,0,1783610796674529226,101,depth,"[65000.85,65000.95,65001.05,65001.15,65001.25,65001.35,65001.45,65001.55,65001.65,65001.75]",65000.85,"[0.001,0.002,0.003,0.004,0.005,0.006,0.007,0.008,0.009000000000000001,0.01]",0.001,"[65000.65,65000.55,65000.45,65000.35,65000.25,65000.15,65000.05,64999.95,64999.85,64999.75]",65000.65,"[0.001,0.002,0.003,0.004,0.005,0.006,0.007,0.008,0.009000000000000001,0.01]",0.001,2475,mock,InstrumentType.Spot,614145984,mock,BTC-USDT
2199944884,0,0,1783610796674828529,101,depth,"[65000.86,65000.96,65001.060000000005,65001.16,65001.26,65001.36,65001.46,65001.560000000005,65001.66,65001.76]",65000.86,"[0.001,0.002,0.003,0.004,0.005,0.006,0.007,0.008,0.009000000000000001,0.01]",0.001,"[65000.66,65000.560000000005,65000.46,65000.36,65000.26,65000.16,65000.060000000005,64999.96,64999.86,64999.76]",65000.66,"[0.001,0.002,0.003,0.004,0.005,0.006,0.007,0.008,0.009000000000000001,0.01]",0.001,2476,mock,InstrumentType.Spot,614146544,mock,BTC-USDT
2199944884,0,0,1783610796675128374,101,depth,"[65000.869999999995,65000.969999999994,65001.07,65001.17,65001.27,65001.369999999995,65001.469999999994,65001.57,65001.67,65001.77]",65000.869999999995,"[0.001,0.002,0.003,0.004,0.005,0.006,0.007,0.008,0.009000000000000001,0.01]",0.001,"[65000.67,65000.57,65000.469999999994,65000.369999999995,65000.27,65000.17,65000.07,64999.969999999994,64999.869999999995,64999.77]",65000.67,"[0.001,0.002,0.003,0.004,0.005,0.006,0.007,0.008,0.009000000000000001,0.01]",0.001,2477,mock,InstrumentType.Spot,614147104,mock,BTC-USDT
2199944884,0,0,1783610796675428493,101,depth,"[65000.88,65000.979999999996,65001.08,65001.18,65001.28,65001.38,65001.479999999996,65001.58,65001.68,65001.78]",65000.88,"[0.001,0.002,0.003,0.004,0.005,0.006,0.007,0.008,0.009000000000000001,0.01]",0.001,"[65000.68,65000.58,65000.479999999996,65000.38,65000.28,65000.18,65000.08,64999.979999999996,64999.88,64999.78]",65000.68,"[0.001,0.002,0.003,0.004,0.005,0.006,0.007,0.008,0.009000000000000001,0.01]",0.001,2478,mock,InstrumentType.Spot,614147664,mock,BTC-USDT
2199944884,0,0,1783610796675728796,101,depth,"[65000.89,65000.99,65001.090000000004,65001.19,65001.29,65001.39,65001.49,65001.590000000004,65001.69,65001.79]",65000.89,"[0.001,0.002,0.003,0.004,0.005,0.006,0.007,0.008,0.009000000000000001,0.01]",0.001,"[65000.69,65000.590000000004,65000.49,65000.39,65000.29,65000.19,65000.090000000004,64999.99,64999.89,64999.79]",65000.69,"[0.001,0.002,0.003,0.004,0.005,0.006,0.007,0.008,0.009000000000000001,0.01]",0.001,2479,mock,InstrumentType.Spot,614148224,mock,BTC-USDT
2199944884,0,0,1783610796676029653,101,depth,"[65000.9,65001.0,65001.100000000006,65001.200000000004,65001.3,65001.4,65001.5,65001.600000000006,65001.700000000004,65001.8]",65000.9,"[0.001,0.002,0.003,0.004,0.005,0.006,0.007,0.008,0.009000000000000001,0.01]",0.001,"[65000.700000000004,65000.600000000006,65000.5,65000.4,65000.3,65000.200000000004,65000.100000000006,65000.0,64999.9,64999.8]",65000.700000000004,"[0.001,0.002,0.003,0.004,0.005,0.006,0.007,0.008,0.009000000000000001,0.01]",0.001,2480,mock,InstrumentType.Spot,614148784,mock,BTC-USDT
2199944884,0,0,1783610796676333068,101,depth,"[65000.909999999996,65001.009999999995,65001.11,65001.21,65001.31,65001.409999999996,65001.509999999995,65001.61,65001.71,65001.81]",65000.909999999996,"[0.001,0.002,0.003,0.004,0.005,0.006,0.007,0.008,0.009000000000000001,0.01]",0.001,"[65000.71,65000.61,65000.509999999995,65000.409999999996,65000.31,65000.21,65000.11,65000.009999999995,64999.909999999996,64999.81]",65000.71,"[0.001,0.002,0.003,0.004,0.005,0.006,0.007,0.008,0.009000000000000001,0.01]",0.001,2481,mock,InstrumentType.Spot,614149344,mock,BTC-USDT
2199944884,0,0,1783610796676629866,101,depth,"[65000.92,65001.02,65001.12,65001.22,65001.32,65001.42,65001.52,65001.62,65001.72,65001.82]",65000.92,"[0.001,0.002,0.003,0.004,0.005,0.006,0.007,0.008,0.009000000000000001,0.01]",0.001,"[65000.72,65000.62,65000.52,65000.42,65000.32,65000.22,65000.12,65000.02,64999.92,64999.82]",65000.72,"[0.001,0.002,0.003,0.004,0.005,0.006,0.007,0.008,0.009000000000000001,0.01]",0.001,2482,mock,InstrumentType.Spot,614149904,mock,BTC-USDT
2199944884,0,0,1783610796676947764,101,depth,"[65000.93,65001.03,65001.130000000005,65001.23,65001.33,65001.43,65001.53,65001.630000000005,65001.73,65001.83]",65000.93,"[0.001,0.002,0.003,0.004,0.005,0.006,0.007,0.008,0.009000000000000001,0.01]",0.001,"[65000.73,65000.630000000005,65000.53,65000.43,65000.33,65000.23,65000.130000000005,65000.03,64999.93,64999.83]",65000.73,"[0.001,0.002,0.003,0.004,0.005,0.006,0.007,0.008,0.009000000000000001,0.01]",0.001,2483,mock,InstrumentType.Spot,614150464,mock,BTC-USDT
2199944884,0,0,1783610796677229200,101,depth,"[65000.939999999995,65001.03999999999,65001.14,65001.24,65001.34,65001.439999999995,65001.53999999999,65001.64,65001.74,65001.84]",65000.939999999995,"[0.001,0.002,0.003,0.004,0.005,0.006,0.007,0.008,0.009000000000000001,0.01]",0.001,"[65000.74,65000.64,65000.53999999999,65000.439999999995,65000.34,65000.24,65000.14,65000.03999999999,64999.939999999995,64999.84]",65000.74,"[0.001,0.002,0.003,0.004,0.005,0.006,0.007,0.008,0.009000000000000001,0.01]",0.001,2484,mock,InstrumentType.Spot,614151024,mock,BTC-USDT
2199944884,0,0,1783610796677528769,101,depth,"[65000.95,65001.049999999996,65001.15,65001.25,65001.35,65001.45,65001.549999999996,65001.65,65001.75,65001.85]",65000.95,"[0.001,0.002,0.003,0.004,0.005,0.006,0.007,0.008,0.009000000000000001,0.01]",0.001,"[65000.75,65000.65,65000.549999999996,65000.45,65000.35,65000.25,65000.15,65000.049999999996,64999.95,64999.85]",65000.75,"[0.001,0.002,0.003,0.004,0.005,0.006,0.007,0.008,0.009000000000000001,0.01]",0.001,2485,mock,InstrumentType.Spot,614151584,mock,BTC-USDT
2199944884,0,0,1783610796677829144,101,depth,"[65000.96,65001.06,65001.16,65001.26,65001.36,65001.46,65001.56,65001.66,65001.76,65001.86]",65000.96,"[0.001,0.002,0.003,0.004,0.005,0.006,0.007,0.008,0.009000000000000001,0.01]",0.001,"[65000.76,65000.66,65000.56,65000.46,65000.36,65000.26,65000.16,65000.06,64999.96,64999.86]",65000.76,"[0.001,0.002,0.003,0.004,0.005,0.006,0.007,0.008,0.009000000000000001,0.01]",0.001,2486,mock,InstrumentType.Spot,614152144,mock,BTC-USDT
2199944884,0,0,1783610796678129315,101,depth,"[65000.97,65001.07,65001.170000000006,65001.270000000004,65001.37,65001.47,65001.57,65001.670000000006,65001.770000000004,65001.87]",65000.97,"[0.001,0.002,0.003,0.004,0.005,0.006,0.007,0.008,0.009000000000000001,0.01]",0.001,"[65000.770000000004,65000.670000000006,65000.57,65000.47,65000.37,65000.270000000004,65000.170000000006,65000.07,64999.97,64999.87]",65000.770000000004,"[0.001,0.002,0.003,0.004,0.005,0.006,0.007,0.008,0.009000000000000001,0.01]",0.001,2487,mock,InstrumentType.Spot,614152704,mock,BTC-USDT
2199944884,0,0,1783610796678429156,101,depth,"[65000.979999999996,65001.079999999994,65001.18,65001.28,65001.38,65001.479999999996,65001.579999999994,65001.68,65001.78,65001.88]",65000.979999999996,"[0.001,0.002,0.003,0.004,0.005,0.006,0.007,0.008,0.009000000000000001,0.01]",0.001,"[65000.78,65000.68,65000.579999999994,65000.479999999996,65000.38,65000.28,65000.18,65000.079999999994,64999.979999999996,64999.88]",65000.78,"[0.001,0.002,0.003,0.004,0.005,0.006,0.007,0.008,0.009000000000000001,0.01]",0.001,2488,mock,InstrumentType.Spot,614153264,mock,BTC-USDT
2199944884,0,0,1783610796678729110,101,depth,"[65000.99,65001.09,65001.19,65001.29,65001.39,65001.49,65001.59,65001.69,65001.79,65001.89]",65000.99,"[0.001,0.002,0.003,0.004,0.005,0.006,0.007,0.008,0.009000000000000001,0.01]",0.001,"[65000.79,65000.69,65000.59,65000.49,65000.39,65000.29,65000.19,65000.09,64999.99,64999.89]",65000.79,"[0.001,0.002,0.003,0.004,0.005,0.006,0.007,0.008,0.009000000000000001,0.01]",0.001,2489,mock,InstrumentType.Spot,614153824,mock,BTC-USDT
2199944884,0,0,1783610796679029279,101,depth,"[65001.0,65001.1,65001.200000000004,65001.3,65001.4,65001.5,65001.6,65001.700000000004,65001.8,65001.9]",65001.0,"[0.001,0.002,0.003,0.004,0.005,0.006,0.007,0.008,0.009000000000000001,0.01]",0.001,"[65000.8,65000.700000000004,65000.6,65000.5,65000.4,65000.3,65000.200000000004,65000.1,65000.0,64999.9]",65000.8,"[0.001,0.002,0.003,0.004,0.005,0.006,0.007,0.008,0.009000000000000001,0.01]",0.001,2490,mock,InstrumentType.Spot,614154384,mock,BTC-USDT
2199944884,0,0,1783610796679329342,101,depth,"[65001.01,65001.11,65001.21000000001,65001.310000000005,65001.41,65001.51,65001.61,65001.71000000001,65001.810000000005,65001.91]",65001.01,"[0.001,0.002,0.003,0.004,0.005,0.006,0.007,0.008,0.009000000000000001,0.01]",0.001,"[65000.810000000005,65000.71000000001,65000.61,65000.51,65000.41,65000.310000000005,65000.21000000001,65000.11,65000.01,64999.91]",65000.810000000005,"[0.001,0.002,0.003,0.004,0.005,0.006,0.007,0.008,0.009000000000000001,0.01]",0.001,2491,mock,InstrumentType.Spot,614154944,mock,BTC-USDT
2199944884,0,0,1783610796679637927,101,depth,"[65001.02,65001.119999999995,65001.22,65001.32,65001.42,65001.52,65001.619999999995,65001.72,65001.82,65001.92]",65001.02,"[0.001,0.002,0.003,0.004,0.005,0.006,0.007,0.008,0.009000000000000001,0.01]",0.001,"[65000.82,65000.72,65000.619999999995,65000.52,65000.42,65000.32,65000.22,65000.119999999995,65000.02,64999.92]",65000.82,"[0.001,0.002,0.003,0.004,0.005,0.006,0.007,0.008,0.009000000000000001,0.01]",0.001,2492,mock,InstrumentType.Spot,614155504,mock,BTC-USDT
2199944884,0,0,1783610796679928916,101,depth,"[65001.03,65001.13,65001.23,65001.33,65001.43,65001.53,65001.63,65001.73,65001.83,65001.93]",65001.03,"[0.001,0.002,0.003,0.004,0.005,0.006,0.007,0.008,0.009000000000000001,0.01]",0.001,"[65000.83,65000.73,65000.63,65000.53,65000.43,65000.33,65000.23,65000.13,65000.03,64999.93]",65000.83,"[0.001,0.002,0.003,0.004,0.005,0.006,0.007,0.008,0.009000000000000001,0.01]",0.001,2493,mock,InstrumentType.Spot,614156064,mock,BTC-USDT
2199944884,0,0,1783610796680228805,101,depth,"[65001.04,65001.14,65001.240000000005,65001.340000000004,65001.44,65001.54,65001.64,65001.740000000005,65001.840000000004,65001.94]",65001.04,"[0.001,0.002,0.003,0.004,0.005,0.006,0.007,0.008,0.009000000000000001,0.01]",0.001,"[65000.840000000004,65000.740000000005,65000.64,65000.54,65000.44,65000.340000000004,65000.240000000005,65000.14,65000.04,64999.94]",65000.840000000004,"[0.001,0.002,0.003,0.004,0.005,0.006,0.007,0.008,0.009000000000000001,0.01]",0.001,2494,mock,InstrumentType.Spot,614156624,mock,BTC-USDT
2199944884,0,0,1783610796680528793,101,depth,"[65001.049999999996,65001.149999999994,65001.25,65001.35,65001.45,65001.549999999996,65001.649999999994,65001.75,65001.85,65001.95]",65001.049999999996,"[0.001,0.002,0.003,0.004,0.005,0.006,0.007,0.008,0.009000000000000001,0.01]",0.001,"[65000.85,65000.75,65000.649999999994,65000.549999999996,65000.45,65000.35,65000.25,65000.149999999994,65000.049999999996,64999.95]",65000.85,"[0.001,0.002,0.003,0.004,0.005,0.006,0.007,0.008,0.009000000000000001,0.01]",0.001,2495,mock,InstrumentType.Spot,614157184,mock,BTC-USDT
2199944884,0,0,1783610796680828401,101,depth,"[65001.06,65001.159999999996,65001.26,65001.36,65001.46,65001.56,65001.659999999996,65001.76,65001.86,65001.96]",65001.06,"[0.001,0.002,0.003,0.004,0.005,0.006,0.007,0.008,0.009000000000000001,0.01]",0.001,"[65000.86,65000.76,65000.659999999996,65000.56,65000.46,65000.36,65000.26,65000.159999999996,65000.06,64999.96]",65000.86,"[0.001,0.002,0.003,0.004,0.005,0.006,0.007,0.008,0.009000000000000001,0.01]",0.001,2496,mock,InstrumentType.Spot,614157744,mock,BTC-USDT
2199944884,0,0,1783610796681128730,101,depth,"[65001.07,65001.17,65001.270000000004,65001.37,65001.47,65001.57,65001.67,65001.770000000004,65001.87,65001.97]",65001.07,"[0.001,0.002,0.003,0.004,0.005,0.006,0.007,0.008,0.009000000000000001,0.01]",0.001,"[65000.87,65000.770000000004,65000.67,65000.57,65000.47,65000.37,65000.270000000004,65000.17,65000.07,64999.97]",65000.87,"[0.001,0.002,0.003,0.004,0.005,0.006,0.007,0.008,0.009000000000000001,0.01]",0.001,2497,mock,InstrumentType.Spot,614158304,mock,BTC-USDT
2199944884,0,0,1783610796681428465,101,depth,"[65001.08,65001.18,65001.280000000006,65001.380000000005,65001.48,65001.58,65001.68,65001.780000000006,65001.880000000005,65001.98]",65001.08,"[0.001,0.002,0.003,0.004,0.005,0.006,0.007,0.008,0.009000000000000001,0.01]",0.001,"[65000.880000000005,65000.780000000006,65000.68,65000.58,65000.48,65000.380000000005,65000.280000000006,65000.18,65000.08,64999.98]",65000.880000000005,"[0.001,0.002,0.003,0.004,0.005,0.006,0.007,0.008,0.009000000000000001,0.01]",0.001,2498,mock,InstrumentType.Spot,614158864,mock,BTC-USDT
2199944884,0,0,1783610796681729036,101,depth,"[65001.09,65001.189999999995,65001.29,65001.39,65001.49,65001.59,65001.689999999995,65001.79,65001.89,65001.99]",65001.09,"[0.001,0.002,0.003,0.004,0.005,0.006,0.007,0.008,0.009000000000000001,0.01]",0.001,"[65000.89,65000.79,65000.689999999995,65000.59,65000.49,65000.39,65000.29,65000.189999999995,65000.09,64999.99]",65000.89,"[0.001,0.002,0.003,0.004,0.005,0.006,0.007,0.008,0.009000000000000001,0.01]",0.001,2499,mock,InstrumentType.Spot,614159424,mock,BTC-USDT
2199944884,0,0,1783610796682029026,101,depth,"[65000.1,65000.2,65000.3,65000.4,65000.5,65000.6,65000.7,65000.8,65000.9,65001.0]",65000.1,"[0.001,0.002,0.003,0.004,0.005,0.006,0.007,0.008,0.009000000000000001,0.01]",0.001,"[64999.9,64999.8,64999.7,64999.6,64999.5,64999.4,64999.3,64999.2,64999.1,64999.0]",64999.9,"[0.001,0.002,0.003,0.004,0.005,0.006,0.007,0.008,0.009000000000000001,0.01]",0.001,2500,mock,InstrumentType.Spot,614159984,mock,BTC-USDT
2199944884,0,0,1783610796682329569,101,depth,"[65000.11,65000.21,65000.310000000005,65000.41,65000.51,65000.61,65000.71,65000.810000000005,65000.91,65001.01]",65000.11,"[0.001,0.002,0.003,0.004,0.005,0.006,0.007,0.008,0.009000000000000001,0.01]",0.001,"[64999.91,64999.810000000005,64999.71,64999.61,64999.51,64999.41,64999.310000000005,64999.21,64999.11,64999.01]",64999.91,"[0.001,0.002,0.003,0.004,0.005,0.006,0.007,0.008,0.009000000000000001,0.01]",0.001,2501,mock,InstrumentType.Spot,614160544,mock,BTC-USDT
2199944884,0,0,1783610796682640351,101,depth,"[65000.119999999995,65000.219999999994,65000.32,65000.42,65000.52,65000.619999999995,65000.719999999994,65000.82,65000.92,65001.02]",65000.119999999995,"[0.001,0.002,0.003,0.004,0.005,0.006,0.007,0.008,0.009000000000000001,0.01]",0.001,"[64999.92,64999.82,64999.719999999994,64999.619999999995,64999.52,64999.42,64999.32,64999.219999999994,64999.119999999995,64999.02]",64999.92,"[0.001,0.002,0.003,0.004,0.005,0.006,0.007,0.008,0.009000000000000001,0.01]",0.001,2502,mock,InstrumentType.Spot,614161104,mock,BTC-USDT
2199944884,0,0,1783610796682929339,101,depth,"[65000.13,65000.229999999996,65000.33,65000.43,65000.53,65000.63,65000.729999999996,65000.83,65000.93,65001.03]",65000.13,"[0.001,0.002,0.003,0.004,0.005,0.006,0.007,0.008,0.009000000000000001,0.01]",0.001,"[64999.93,64999.83,64999.729999999996,64999.63,64999.53,64999.43,64999.33,64999.229999999996,64999.13,64999.03]",64999.93,"[0.001,0.002,0.003,0.004,0.005,0.006,0.007,0.008,0.009000000000000001,0.01]",0.001,2503,mock,InstrumentType.Spot,614161664,mock,BTC-USDT
2199944884,0,0,1783610796683229779,101,depth,"[65000.14,65000.24,65000.340000000004,65000.44,65000.54,65000.64,65000.74,65000.840000000004,65000.94,65001.04]",65000.14,"[0.001,0.002,0.003,0.004,0.005,0.006,0.007,0.008,0.009000000000000001,0.01]",0.001,"[64999.94,64999.840000000004,64999.74,64999.64,64999.54,64999.44,64999.340000000004,64999.24,64999.14,64999.04]",64999.94,"[0.001,0.002,0.003,0.004,0.005,0.006,0.007,0.008,0.009000000000000001,0.01]",0.001,2504,mock,InstrumentType.Spot,613343568,mock,BTC-USDT
2199944884,0,0,1783610796683532337,101,depth,"[65000.15,65000.25,65000.350000000006,65000.450000000004,65000.55,65000.65,65000.75,65000.850000000006,65000.950000000004,65001.05]",65000.15,"[0.001,0.002,0.003,0.004,0.005,0.006,0.007,0.008,0.009000000000000001,0.01]",0.001,"[64999.950000000004,64999.850000000006,64999.75,64999.65,64999.55,64999.450000000004,64999.350000000006,64999.25,64999.15,64999.05]",64999.950000000004,"[0.001,0.002,0.003,0.004,0.005,0.006,0.007,0.008,0.009000000000000001,0.01]",0.001,2505,mock,InstrumentType.Spot,613344128,mock,BTC-USDT
2199944884,0,0,1783610796683831976,101,depth,"[65000.159999999996,65000.259999999995,65000.36,65000.46,65000.56,65000.659999999996,65000.759999999995,65000.86,65000.96,65001.06]",65000.159999999996,"[0.001,0.002,0.003,0.004,0.005,0.006,0.007,0.008,0.009000000000000001,0.01]",0.001,"[64999.96,64999.86,64999.759999999995,64999.659999999996,64999.56,64999.46,64999.36,64999.259999999995,64999.159999999996,64999.06]",64999.96,"[0.001,0.002,0.003,0.004,0.005,0.006,0.007,0.008,0.009000000000000001,0.01]",0.001,2506,mock,InstrumentType.Spot,613344688,mock,BTC-USDT
2199944884,0,0,1783610796684129177,101,depth,"[65000.17,65000.27,65000.37,65000.47,65000.57,65000.67,65000.77,65000.87,65000.97,65001.07]",65000.17,"[0.001,0.002,0.003,0.004,0.005,0.006,0.007,0.008,0.009000000000000001,0.01]",0.001,"[64999.97,64999.87,64999.77,64999.67,64999.57,64999.47,64999.37,64999.27,64999.17,64999.07]",64999.97,"[0.001,0.002,0.003,0.004,0.005,0.006,0.007,0.008,0.009000000000000001,0.01]",0.001,2507,mock,InstrumentType.Spot,613345248,mock,BTC-USDT
2199944884,0,0,1783610796684428899,101,depth,"[65000.18,65000.28,65000.380000000005,65000.48,65000.58,65000.68,65000.78,65000.880000000005,65000.98,65001.08]",65000.18,"[0.001,0.002,0.003,0.004,0.005,0.006,0.007,0.008,0.009000000000000001,0.01]",0.001,"[64999.98,64999.880000000005,64999.78,64999.68,64999.58,64999.48,64999.380000000005,64999.28,64999.18,64999.08]",64999.98,"[0.001,0.002,0.003,0.004,0.005,0.006,0.007,0.008,0.009000000000000001,0.01]",0.001,2508,mock,InstrumentType.Spot,613345808,mock,BTC-USDT
2199944884,0,0,1783610796684728910,101,depth,"[65000.189999999995,65000.28999999999,65000.39,65000.49,65000.59,65000.689999999995,65000.78999999999,65000.89,65000.99,65001.09]",65000.189999999995,"[0.001,0.002,0.003,0.004,0.005,0.006,0.007,0.008,0.009000000000000001,0.01]",0.001,"[64999.99,64999.89,64999.78999999999,64999.689999999995,64999.59,64999.49,64999.39,64999.28999999999,64999.189999999995,64999.09]",64999.99,"[0.001,0.002,0.003,0.004,0.005,0.006,0.007,0.008,0.009000000000000001,0.01]",0.001,2509,mock,InstrumentType.Spot,613346368,mock,BTC-USDT
2199944884,0,0,1783610796685028648,101,depth,"[65000.2,65000.299999999996,65000.4,65000.5,65000.6,65000.7,65000.799999999996,65000.9,65001.0,65001.1]",65000.2,"[0.001,0.002,0.003,0.004,0.005,0.006,0.007,0.008,0.009000000000000001,0.01]",0.001,"[65000.0,64999.9,64999.799999999996,64999.7,64999.6,64999.5,64999.4,64999.299999999996,64999.2,64999.1]",65000.0,"[0.001,0.002,0.003,0.004,0.005,0.006,0.007,0.008,0.009000000000000001,0.01]",0.001,2510,mock,InstrumentType.Spot,613346928,mock,BTC-USDT
2199944884,0,0,1783610796685345438,101,depth,"[65000.21,65000.31,65000.41,65000.51,65000.61,65000.71,65000.81,65000.91,65001.01,65001.11]",65000.21,"[0.001,0.002,0.003,0.004,0.005,0.006,0.007,0.008,0.009000000000000001,0.01]",0.001,"[65000.01,64999.91,64999.81,64999.71,64999.61,64999.51,64999.41,64999.31,64999.21,64999.11]",65000.01,"[0.001,0.002,0.003,0.004,0.005,0.006,0.007,0.008,0.009000000000000001,0.01]",0.001,2511,mock,InstrumentType.Spot,613347488,mock,BTC-USDT
2199944884,0,0,1783610796685631526,101,depth,"[65000.22,65000.32,65000.420000000006,65000.520000000004,65000.62,65000.72,65000.82,65000.920000000006,65001.020000000004,65001.12]",65000.22,"[0.001,0.002,0.003,0.004,0.005,0.006,0.007,0.008,0.009000000000000001,0.01]",0.001,"[65000.020000000004,64999.920000000006,64999.82,64999.72,64999.62,64999.520000000004,64999.420000000006,64999.32,64999.22,64999.12]",65000.020000000004,"[0.001,0.002,0.003,0.004,0.005,0.006,0.007,0.008,0.009000000000000001,0.01]",0.001,2512,mock,InstrumentType.Spot,613348048,mock,BTC-USDT
2199944884,0,0,1783610796685929831,101,depth,"[65000.229999999996,65000.329999999994,65000.43,65000.53,65000.63,65000.729999999996,65000.829999999994,65000.93,65001.03,65001.13]",65000.229999999996,"[0.001,0.002,0.003,0.004,0.005,0.006,0.007,0.008,0.009000000000000001,0.01]",0.001,"[65000.03,64999.93,64999.829999999994,64999.729999999996,64999.63,64999.53,64999.43,64999.329999999994,64999.229999999996,64999.13]",65000.03,"[0.001,0.002,0.003,0.004,0.005,0.006,0.007,0.008,0.009000000000000001,0.01]",0.001,2513,mock,InstrumentType.Spot,613348608,mock,BTC-USDT
2199944884,0,0,1783610796686231010,101,depth,"[65000.24,65000.34,65000.44,65000.54,65000.64,65000.74,65000.84,65000.94,65001.04,65001.14]",65000.24,"[0.001,0.002,0.003,0.004,0.005,0.006,0.007,0.008,0.009000000000000001,0.01]",0.001,"[65000.04,64999.94,64999.84,64999.74,64999.64,64999.54,64999.44,64999.34,64999.24,64999.14]",65000.04,"[0.001,0.002,0.003,0.004,0.005,0.006,0.007,0.008,0.009000000000000001,0.01]",0.001,2514,mock,InstrumentType.Spot,613349168,mock,BTC-USDT
2199944884,0,0,1783610796686531536,101,depth,"[65000.25,65000.35,65000.450000000004,65000.55,65000.65,65000.75,65000.85,65000.950000000004,65001.05,65001.15]",65000.25,"[0.001,0.002,0.003,0.004,0.005,0.006,0.007,0.008,0.009000000000000001,0.01]",0.001,"[65000.05,64999.950000000004,64999.85,64999.75,64999.65,64999.55,64999.450000000004,64999.35,64999.25,64999.15]",65000.05,"[0.001,0.002,0.003,0.004,0.005,0.006,0.007,0.008,0.009000000000000001,0.01]",0.001,2515,mock,InstrumentType.Spot,613349728,mock,BTC-USDT
2199944884,0,0,1783610796686828907,101,depth,"[65000.26,65000.36,65000.46000000001,65000.560000000005,65000.66,65000.76,65000.86,65000.96000000001,65001.060000000005,65001.16]",65000.26,"[0.001,0.002,0.003,0.004,0.005,0.006,0.007,0.008,0.009000000000000001,0.01]",0.001,"[65000.060000000005,64999.96000000001,64999.86,64999.76,64999.66,64999.560000000005,64999.46000000001,64999.36,64999.26,64999.16]",65000.060000000005,"[0.001,0.002,0.003,0.004,0.005,0.006,0.007,0.008,0.009000000000000001,0.01]",0.001,2516,mock,InstrumentType.Spot,613350288,mock,BTC-USDT
2199944884,0,0,1783610796687128826,101,depth,"[65000.27,65000.369999999995,65000.47,65000.57,65000.67,65000.77,65000.869999999995,65000.97,65001.07,65001.17]",65000.27,"[0.001,0.002,0.003,0.004,0.005,0.006,0.007,0.008,0.009000000000000001,0.01]",0.001,"[65000.07,64999.97,64999.869999999995,64999.77,64999.67,64999.57,64999.47,64999.369999999995,64999.27,64999.17]",65000.07,"[0.001,0.002,0.003,0.004,0.005,0.006,0.007,0.008,0.009000000000000001,0.01]",0.001,2517,mock,InstrumentType.Spot,613350848,mock,BTC-USDT
2199944884,0,0,1783610796687428453,101,depth,"[65000.28,65000.38,65000.48,65000.58,65000.68,65000.78,65000.88,65000.98,65001.08,65001.18]",65000.28,"[0.001,0.002,0.003,0.004,0.005,0.006,0.007,0.008,0.009000000000000001,0.01]",0.001,"[65000.08,64999.98,64999.88,64999.78,64999.68,64999.58,64999.48,64999.38,64999.28,64999.18]",65000.08,"[0.001,0.002,0.003,0.004,0.005,0.006,0.007,0.008,0.009000000000000001,0.01]",0.001,2518,mock,InstrumentType.Spot,613351408,mock,BTC-USDT
2199944884,0,0,1783610796687730292,101,depth,"[65000.29,65000.39,65000.490000000005,65000.590000000004,65000.69,65000.79,65000.89,65000.990000000005,65001.090000000004,65001.19]",65000.29,"[0.001,0.002,0.003,0.004,0.005,0.006,0.007,0.008,0.009000000000000001,0.01]",0.001,"[65000.090000000004,64999.990000000005,64999.89,64999.79,64999.69,64999.590000000004,64999.490000000005,64999.39,64999.29,64999.19]",65000.090000000004,"[0.001,0.002,0.003,0.004,0.005,0.006,0.007,0.008,0.009000000000000001,0.01]",0.001,2519,mock,InstrumentType.Spot,613351968,mock,BTC-USDT
2199944884,0,0,1783610796688029159,101,depth,"[65000.299999999996,65000.399999999994,65000.5,65000.6,65000.7,65000.799999999996,65000.899999999994,65001.0,65001.1,65001.2]",65000.299999999996,"[0.001,0.002,0.003,0.004,0.005,0.006,0.007,0.008,0.009000000000000001,0.01]",0.001,"[65000.1,65000.0,64999.899999999994,64999.799999999996,64999.7,64999.6,64999.5,64999.399999999994,64999.299999999996,64999.2]",65000.1,"[0.001,0.002,0.003,0.004,0.005,0.006,0.007,0.008,0.009000000000000001,0.01]",0.001,2520,mock,InstrumentType.Spot,613352528,mock,BTC-USDT
2199944884,0,0,1783610796688347108,101,depth,"[65000.31,65000.409999999996,65000.51,65000.61,65000.71,65000.81,65000.909999999996,65001.01,65001.11,65001.21]",65000.31,"[0.001,0.002,0.003,0.004,0.005,0.006,0.007,0.008,0.009000000000000001,0.01]",0.001,"[65000.11,65000.01,64999.909999999996,64999.81,64999.71,64999.61,64999.51,64999.409999999996,64999.31,64999.21]",65000.11,"[0.001,0.002,0.003,0.004,0.005,0.006,0.007,0.008,0.009000000000000001,0.01]",0.001,2521,mock,InstrumentType.Spot,613353088,mock,BTC-USDT
2199944884,0,0,1783610796688629029,101,depth,"[65000.32,65000.42,65000.520000000004,65000.62,65000.72,65000.82,65000.92,65001.020000000004,65001.12,65001.22]",65000.32,"[0.001,0.002,0.003,0.004,0.005,0.006,0.007,0.008,0.009000000000000001,0.01]",0.001,"[65000.12,65000.020000000004,64999.92,64999.82,64999.72,64999.62,64999.520000000004,64999.42,64999.32,64999.22]",65000.12,"[0.001,0.002,0.003,0.004,0.005,0.006,0.007,0.008,0.009000000000000001,0.01]",0.001,2522,mock,InstrumentType.Spot,613353648,mock,BTC-USDT
2199944884,0,0,1783610796688928804,101,depth,"[65000.33,65000.43,65000.530000000006,65000.630000000005,65000.73,65000.83,65000.93,65001.030000000006,65001.130000000005,65001.23]",65000.33,"[0.001,0.002,0.003,0.004,0.005,0.006,0.007,0.008,0.009000000000000001,0.01]",0.001,"[65000.130000000005,65000.030000000006,64999.93,64999.83,64999.73,64999.630000000005,64999.530000000006,64999.43,64999.33,64999.23]",65000.130000000005,"[0.001,0.002,0.003,0.004,0.005,0.006,0.007,0.008,0.009000000000000001,0.01]",0.001,2523,mock,InstrumentType.Spot,613354208,mock,BTC-USDT
2199944884,0,0,1783610796689229056,101,depth,"[65000.34,65000.439999999995,65000.54,65000.64,65000.74,65000.84,65000.939999999995,65001.04,65001.14,65001.24]",65000.34,"[0.001,0.002,0.003,0.004,0.005,0.006,0.007,0.008,0.009000000000000001,0.01]",0.001,"[65000.14,65000.04,64999.939999999995,64999.84,64999.74,64999.64,64999.54,64999.439999999995,64999.34,64999.24]",65000.14,"[0.001,0.002,0.003,0.004,0.005,0.006,0.007,0.008,0.009000000000000001,0.01]",0.001,2524,mock,InstrumentType.Spot,613354768,mock,BTC-USDT
2199944884,0,0,1783610796689528736,101,depth,"[65000.35,65000.45,65000.55,65000.65,65000.75,65000.85,65000.95,65001.05,65001.15,65001.25]",65000.35,"[0.001,0.002,0.003,0.004,0.005,0.006,0.007,0.008,0.009000000000000001,0.01]",0.001,"[65000.15,65000.05,64999.95,64999.85,64999.75,64999.65,64999.55,64999.45,64999.35,64999.25]",65000.15,"[0.001,0.002,0.003,0.004,0.005,0.006,0.007,0.008,0.009000000000000001,0.01]",0.001,2525,mock,InstrumentType.Spot,613355328,mock,BTC-USDT
2199944884,0,0,1783610796689828654,101,depth,"[65000.36,65000.46,65000.560000000005,65000.66,65000.76,65000.86,65000.96,65001.060000000005,65001.16,65001.26]",65000.36,"[0.001,0.002,0.003,0.004,0.005,0.006,0.007,0.008,0.009000000000000001,0.01]",0.001,"[65000.16,65000.060000000005,64999.96,64999.86,64999.76,64999.66,64999.560000000005,64999.46,64999.36,64999.26]",65000.16,"[0.001,0.002,0.003,0.004,0.005,0.006,0.007,0.008,0.009000000000000001,0.01]",0.001,2526,mock,InstrumentType.Spot,613355888,mock,BTC-USDT
2199944884,0,0,1783610796690128451,101,depth,"[65000.369999999995,65000.469999999994,65000.57,65000.67,65000.77,65000.869999999995,65000.969999999994,65001.07,65001.17,65001.27]",65000.369999999995,"[0.001,0.002,0.003,0.004,0.005,0.006,0.007,0.008,0.009000000000000001,0.01]",0.001,"[65000.17,65000.07,64999.969999999994,64999.869999999995,64999.77,64999.67,64999.57,64999.469999999994,64999.369999999995,64999.27]",65000.17,"[0.001,0.002,0.003,0.004,0.005,0.006,0.007,0.008,0.009000000000000001,0.01]",0.001,2527,mock,InstrumentType.Spot,613356448,mock,BTC-USDT
2199944884,0,0,1783610796690428928,101,depth,"[65000.38,65000.479999999996,65000.58,65000.68,65000.78,65000.88,65000.979999999996,65001.08,65001.18,65001.28]",65000.38,"[0.001,0.002,0.003,0.004,0.005,0.006,0.007,0.008,0.009000000000000001,0.01]",0.001,"[65000.18,65000.08,64999.979999999996,64999.88,64999.78,64999.68,64999.58,64999.479999999996,64999.38,64999.28]",65000.18,"[0.001,0.002,0.003,0.004,0.005,0.006,0.007,0.008,0.009000000000000001,0.01]",0.001,2528,mock,InstrumentType.Spot,613357008,mock,BTC-USDT
2199944884,0,0,1783610796690728826,101,depth,"[65000.39,65000.49,65000.590000000004,65000.69,65000.79,65000.89,65000.99,65001.090000000004,65001.19,65001.29]",65000.39,"[0.001,0.002,0.003,0.004,0.005,0.006,0.007,0.008,0.009000000000000001,0.01]",0.001,"[65000.19,65000.090000000004,64999.99,64999.89,64999.79,64999.69,64999.590000000004,64999.49,64999.39,64999.29]",65000.19,"[0.001,0.002,0.003,0.004,0.005,0.006,0.007,0.008,0.009000000000000001,0.01]",0.001,2529,mock,InstrumentType.Spot,613357568,mock,BTC-USDT
2199944884,0,0,1783610796691039087,101,depth,"[65000.4,65000.5,65000.600000000006,65000.700000000004,65000.8,65000.9,65001.0,65001.100000000006,65001.200000000004,65001.3]",65000.4,"[0.001,0.002,0.003,0.004,0.005,0.006,0.007,0.008,0.009000000000000001,0.01]",0.001,"[65000.200000000004,65000.100000000006,65000.0,64999.9,64999.8,64999.700000000004,64999.600000000006,64999.5,64999.4,64999.3]",65000.200000000004,"[0.001,0.002,0.003,0.004,0.005,0.006,0.007,0.008,0.009000000000000001,0.01]",0.001,2530,mock,InstrumentType.Spot,613358128,mock,BTC-USDT
2199944884,0,0,1783610796691329064,101,depth,"[65000.409999999996,65000.509999999995,65000.61,65000.71,65000.81,65000.909999999996,65001.009999999995,65001.11,65001.21,65001.31]",65000.409999999996,"[0.001,0.002,0.003,0.004,0.005,0.006,0.007,0.008,0.009000000000000001,0.01]",0.001,"[65000.21,65000.11,65000.009999999995,64999.909999999996,64999.81,64999.71,64999.61,64999.509999999995,64999.409999999996,64999.31]",65000.21,"[0.001,0.002,0.003,0.004,0.005,0.006,0.007,0.008,0.009000000000000001,0.01]",0.001,2531,mock,InstrumentType.Spot,613358688,mock,BTC-USDT
2199944884,0,0,1783610796691628693,101,depth,"[65000.42,65000.52,65000.62,65000.72,65000.82,65000.92,65001.02,65001.12,65001.22,65001.32]",65000.42,"[0.001,0.002,0.003,0.004,0.005,0.006,0.007,0.008,0.009000000000000001,0.01]",0.001,"[65000.22,65000.12,65000.02,64999.92,64999.82,64999.72,64999.62,64999.52,64999.42,64999.32]",65000.22,"[0.001,0.002,0.003,0.004,0.005,0.006,0.007,0.008,0.009000000000000001,0.01]",0.001,2532,mock,InstrumentType.Spot,613359248,mock,BTC-USDT
2199944884,0,0,1783610796691928760,101,depth,"[65000.43,65000.53,65000.630000000005,65000.73,65000.83,65000.93,65001.03,65001.130000000005,65001.23,65001.33]",65000.43,"[0.001,0.002,0.003,0.004,0.005,0.006,0.007,0.008,0.009000000000000001,0.01]",0.001,"[65000.23,65000.130000000005,65000.03,64999.93,64999.83,64999.73,64999.630000000005,64999.53,64999.43,64999.33]",65000.23,"[0.001,0.002,0.003,0.004,0.005,0.006,0.007,0.008,0.009000000000000001,0.01]",0.001,2533,mock,InstrumentType.Spot,613359808,mock,BTC-USDT
2199944884,0,0,1783610796692228755,101,depth,"[65000.439999999995,65000.53999999999,65000.64,65000.74,65000.84,65000.939999999995,65001.03999999999,65001.14,65001.24,65001.34]",65000.439999999995,"[0.001,0.002,0.003,0.004,0.005,0.006,0.007,0.008,0.009000000000000001,0.01]",0.001,"[65000.24,65000.14,65000.03999999999,64999.939999999995,64999.84,64999.74,64999.64,64999.53999999999,64999.439999999995,64999.34]",65000.24,"[0.001,0.002,0.003,0.004,0.005,0.006,0.007,0.008,0.009000000000000001,0.01]",0.001,2534,mock,InstrumentType.Spot,613360368,mock,BTC-USDT
2199944884,0,0,1783610796692528830,101,depth,"[65000.45,65000.549999999996,65000.65,65000.75,65000.85,65000.95,65001.049999999996,65001.15,65001.25,65001.35]",65000.45,"[0.001,0.002,0.003,0.004,0.005,0.006,0.007,0.008,0.009000000000000001,0.01]",0.001,"[65000.25,65000.15,65000.049999999996,64999.95,64999.85,64999.75,64999.65,64999.549999999996,64999.45,64999.35]",65000.25,"[0.001,0.002,0.003,0.004,0.005,0.006,0.007,0.008,0.009000000000000001,0.01]",0.001,2535,mock,InstrumentType.Spot,613360928,mock,BTC-USDT
2199944884,0,0,1783610796692828411,101,depth,"[65000.46,65000.56,65000.66,65000.76,65000.86,65000.96,65001.06,65001.16,65001.26,65001.36]",65000.46,"[0.001,0.002,0.003,0.004,0.005,0.006,0.007,0.008,0.009000000000000001,0.01]",0.001,"[65000.26,65000.16,65000.06,64999.96,64999.86,64999.76,64999.66,64999.56,64999.46,64999.36]",65000.26,"[0.001,0.002,0.003,0.004,0.005,0.006,0.007,0.008,0.009000000000000001,0.01]",0.001,2536,mock,InstrumentType.Spot,613361488,mock,BTC-USDT
2199944884,0,0,1783610796693128558,101,depth,"[65000.47,65000.57,65000.670000000006,65000.770000000004,65000.87,65000.97,65001.07,65001.170000000006,65001.270000000004,65001.37]",65000.47,"[0.001,0.002,0.003,0.004,0.005,0.006,0.007,0.008,0.009000000000000001,0.01]",0.001,"[65000.270000000004,65000.170000000006,65000.07,64999.97,64999.87,64999.770000000004,64999.670000000006,64999.57,64999.47,64999.37]",65000.270000000004,"[0.001,0.002,0.003,0.004,0.005,0.006,0.007,0.008,0.009000000000000001,0.01]",0.001,2537,mock,InstrumentType.Spot,613362048,mock,BTC-USDT
2199944884,0,0,1783610796693428461,101,depth,"[65000.479999999996,65000.579999999994,65000.68,65000.78,65000.88,65000.979999999996,65001.079999999994,65001.18,65001.28,65001.38]",65000.479999999996,"[0.001,0.002,0.003,0.004,0.005,0.006,0.007,0.008,0.009000000000000001,0.01]",0.001,"[65000.28,65000.18,65000.079999999994,64999.979999999996,64999.88,64999.78,64999.68,64999.579999999994,64999.479999999996,64999.38]",65000.28,"[0.001,0.002,0.003,0.004,0.005,0.006,0.007,0.008,0.009000000000000001,0.01]",0.001,2538,mock,InstrumentType.Spot,613362608,mock,BTC-USDT
2199944884,0,0,1783610796693728524,101,depth,"[65000.49,65000.59,65000.69,65000.79,65000.89,65000.99,65001.09,65001.19,65001.29,65001.39]",65000.49,"[0.001,0.002,0.003,0.004,0.005,0.006,0.007,0.008,0.009000000000000001,0.01]",0.001,"[65000.29,65000.19,65000.09,64999.99,64999.89,64999.79,64999.69,64999.59,64999.49,64999.39]",65000.29,"[0.001,0.002,0.003,0.004,0.005,0.006,0.007,0.008,0.009000000000000001,0.01]",0.001,2539,mock,InstrumentType.Spot,613363168,mock,BTC-USDT
2199944884,0,0,1783610796694035674,101,depth,"[65000.5,65000.6,65000.700000000004,65000.8,65000.9,65001.0,65001.1,65001.200000000004,65001.3,65001.4]",65000.5,"[0.001,0.002,0.003,0.004,0.005,0.006,0.007,0.008,0.009000000000000001,0.01]",0.001,"[65000.3,65000.200000000004,65000.1,65000.0,64999.9,64999.8,64999.700000000004,64999.6,64999.5,64999.4]",65000.3,"[0.001,0.002,0.003,0.004,0.005,0.006,0.007,0.008,0.009000000000000001,0.01]",0.001,2540,mock,InstrumentType.Spot,613363728,mock,BTC-USDT
2199944884,0,0,1783610796694328818,101,depth,"[65000.51,65000.61,65000.71000000001,65000.810000000005,65000.91,65001.01,65001.11,65001.21000000001,65001.310000000005,65001.41]",65000.51,"[0.001,0.002,0.003,0.004,0.005,0.006,0.007,0.008,0.009000000000000001,0.01]",0.001,"[65000.310000000005,65000.21000000001,65000.11,65000.01,64999.91,64999.810000000005,64999.71000000001,64999.61,64999.51,64999.41]",65000.310000000005,"[0.001,0.002,0.003,0.004,0.005,0.006,0.007,0.008,0.009000000000000001,0.01]",0.001,2541,mock,InstrumentType.Spot,613364288,mock,BTC-USDT
2199944884,0,0,1783610796694628305,101,depth,"[65000.52,65000.619999999995,65000.72,65000.82,65000.92,65001.02,65001.119999999995,65001.22,65001.32,65001.42]",65000.52,"[0.001,0.002,0.003,0.004,0.005,0.006,0.007,0.008,0.009000000000000001,0.01]",0.001,"[65000.32,65000.22,65000.119999999995,65000.02,64999.92,64999.82,64999.72,64999.619999999995,64999.52,64999.42]",65000.32,"[0.001,0.002,0.003,0.004,0.005,0.006,0.007,0.008,0.009000000000000001,0.01]",0.001,2542,mock,InstrumentType.Spot,613364848,mock,BTC-USDT
2199944884,0,0,1783610796694928122,101,depth,"[65000.53,65000.63,65000.73,65000.83,65000.93,65001.03,65001.13,65001.23,65001.33,65001.43]",65000.53,"[0.001,0.002,0.003,0.004,0.005,0.006,0.007,0.008,0.009000000000000001,0.01]",0.001,"[65000.33,65000.23,65000.13,65000.03,64999.93,64999.83,64999.73,64999.63,64999.53,64999.43]",65000.33,"[0.001,0.002,0.003,0.004,0.005,0.006,0.007,0.008,0.009000000000000001,0.01]",0.001,2543,mock,InstrumentType.Spot,613365408,mock,BTC-USDT
2199944884,0,0,1783610796695228258,101,depth,"[65000.54,65000.64,65000.740000000005,65000.840000000004,65000.94,65001.04,65001.14,65001.240000000005,65001.340000000004,65001.44]",65000.54,"[0.001,0.002,0.003,0.004,0.005,0.006,0.007,0.008,0.009000000000000001,0.01]",0.001,"[65000.340000000004,65000.240000000005,65000.14,65000.04,64999.94,64999.840000000004,64999.740000000005,64999.64,64999.54,64999.44]",65000.340000000004,"[0.001,0.002,0.003,0.004,0.005,0.006,0.007,0.008,0.009000000000000001,0.01]",0.001,2544,mock,InstrumentType.Spot,613365968,mock,BTC-USDT
2199944884,0,0,1783610796695528123,101,depth,"[65000.549999999996,65000.649999999994,65000.75,65000.85,65000.95,65001.049999999996,65001.149999999994,65001.25,65001.35,65001.45]",65000.549999999996,"[0.001,0.002,0.003,0.004,0.005,0.006,0.007,0.008,0.009000000000000001,0.01]",0.001,"[65000.35,65000.25,65000.149999999994,65000.049999999996,64999.95,64999.85,64999.75,64999.649999999994,64999.549999999996,64999.45]",65000.35,"[0.001,0.002,0.003,0.004,0.005,0.006,0.007,0.008,0.009000000000000001,0.01]",0.001,2545,mock,InstrumentType.Spot,613366528,mock,BTC-USDT
2199944884,0,0,1783610796695828164,101,depth,"[65000.56,65000.659999999996,65000.76,65000.86,65000.96,65001.06,65001.159999999996,65001.26,65001.36,65001.46]",65000.56,"[0.001,0.002,0.003,0.004,0.005,0.006,0.007,0.008,0.009000000000000001,0.01]",0.001,"[65000.36,65000.26,65000.159999999996,65000.06,64999.96,64999.86,64999.76,64999.659999999996,64999.56,64999.46]",65000.36,"[0.001,0.002,0.003,0.004,0.005,0.006,0.007,0.008,0.009000000000000001,0.01]",0.001,2546,mock,InstrumentType.Spot,613367088,mock,BTC-USDT
2199944884,0,0,1783610796696128149,101,depth,"[65000.57,65000.67,65000.770000000004,65000.87,65000.97,65001.07,65001.17,65001.270000000004,65001.37,65001.47]",65000.57,"[0.001,0.002,0.003,0.004,0.005,0.006,0.007,0.008,0.009000000000000001,0.01]",0.001,"[65000.37,65000.270000000004,65000.17,65000.07,64999.97,64999.87,64999.770000000004,64999.67,64999.57,64999.47]",65000.37,"[0.001,0.002,0.003,0.004,0.005,0.006,0.007,0.008,0.009000000000000001,0.01]",0.001,2547,mock,InstrumentType.Spot,613367648,mock,BTC-USDT
2199944884,0,0,1783610796696428651,101,depth,"[65000.58,65000.68,65000.780000000006,65000.880000000005,65000.98,65001.08,65001.18,65001.280000000006,65001.380000000005,65001.48]",65000.58,"[0.001,0.002,0.003,0.004,0.005,0.006,0.007,0.008,0.009000000000000001,0.01]",0.001,"[65000.380000000005,65000.280000000006,65000.18,65000.08,64999.98,64999.880000000005,64999.780000000006,64999.68,64999.58,64999.48]",65000.380000000005,"[0.001,0.002,0.003,0.004,0.005,0.006,0.007,0.008,0.009000000000000001,0.01]",0.001,2548,mock,InstrumentType.Spot,613368208,mock,BTC-USDT
2199944884,0,0,1783610796696728529,101,depth,"[65000.59,65000.689999999995,65000.79,65000.89,65000.99,65001.09,65001.189999999995,65001.29,65001.39,65001.49]",65000.59,"[0.001,0.002,0.003,0.004,0.005,0.006,0.007,0.008,0.009000000000000001,0.01]",0.001,"[65000.39,65000.29,65000.189999999995,65000.09,64999.99,64999.89,64999.79,64999.689999999995,64999.59,64999.49]",65000.39,"[0.001,0.002,0.003,0.004,0.005,0.006,0.007,0.008,0.009000000000000001,0.01]",0.001,2549,mock,InstrumentType.Spot,613368768,mock,BTC-USDT
2199944884,0,0,1783610796697036046,101,depth,"[65000.6,65000.7,65000.8,65000.9,65001.0,65001.1,65001.2,65001.3,65001.4,65001.5]",65000.6,"[0.001,0.002,0.003,0.004,0.005,0.006,0.007,0.008,0.009000000000000001,0.01]",0.001,"[65000.4,65000.3,65000.2,65000.1,65000.0,64999.9,64999.8,64999.7,64999.6,64999.5]",65000.4,"[0.001,0.002,0.003,0.004,0.005,0.006,0.007,0.008,0.009000000000000001,0.01]",0.001,2550,mock,InstrumentType.Spot,613369328,mock,BTC-USDT
2199944884,0,0,1783610796697330119,101,depth,"[65000.61,65000.71,65000.810000000005,65000.91,65001.01,65001.11,65001.21,65001.310000000005,65001.41,65001.51]",65000.61,"[0.001,0.002,0.003,0.004,0.005,0.006,0.007,0.008,0.009000000000000001,0.01]",0.001,"[65000.41,65000.310000000005,65000.21,65000.11,65000.01,64999.91,64999.810000000005,64999.71,64999.61,64999.51]",65000.41,"[0.001,0.002,0.003,0.004,0.005,0.006,0.007,0.008,0.009000000000000001,0.01]",0.001,2551,mock,InstrumentType.Spot,613369888,mock,BTC-USDT
2199944884,0,0,1783610796697628466,101,depth,"[65000.619999999995,65000.719999999994,65000.82,65000.92,65001.02,65001.119999999995,65001.219999999994,65001.32,65001.42,65001.52]",65000.619999999995,"[0.001,0.002,0.003,0.004,0.005,0.006,0.007,0.008,0.009000000000000001,0.01]",0.001,"[65000.42,65000.32,65000.219999999994,65000.119999999995,65000.02,64999.92,64999.82,64999.719999999994,64999.619999999995,64999.52]",65000.42,"[0.001,0.002,0.003,0.004,0.005,0.006,0.007,0.008,0.009000000000000001,0.01]",0.001,2552,mock,InstrumentType.Spot,613370448,mock,BTC-USDT
2199944884,0,0,1783610796697929574,101,depth,"[65000.63,65000.729999999996,65000.83,65000.93,65001.03,65001.13,65001.229999999996,65001.33,65001.43,65001.53]",65000.63,"[0.001,0.002,0.003,0.004,0.005,0.006,0.007,0.008,0.009000000000000001,0.01]",0.001,"[65000.43,65000.33,65000.229999999996,65000.13,65000.03,64999.93,64999.83,64999.729999999996,64999.63,64999.53]",65000.43,"[0.001,0.002,0.003,0.004,0.005,0.006,0.007,0.008,0.009000000000000001,0.01]",0.001,2553,mock,InstrumentType.Spot,613371008,mock,BTC-USDT
2199944884,0,0,1783610796698230833,101,depth,"[65000.64,65000.74,65000.840000000004,65000.94,65001.04,65001.14,65001.24,65001.340000000004,65001.44,65001.54]",65000.64,"[0.001,0.002,0.003,0.004,0.005,0.006,0.007,0.008,0.009000000000000001,0.01]",0.001,"[65000.44,65000.340000000004,65000.24,65000.14,65000.04,64999.94,64999.840000000004,64999.74,64999.64,64999.54]",65000.44,"[0.001,0.002,0.003,0.004,0.005,0.006,0.007,0.008,0.009000000000000001,0.01]",0.001,2554,mock,InstrumentType.Spot,613371568,mock,BTC-USDT
2199944884,0,0,1783610796698528483,101,depth,"[65000.65,65000.75,65000.850000000006,65000.950000000004,65001.05,65001.15,65001.25,65001.350000000006,65001.450000000004,65001.55]",65000.65,"[0.001,0.002,0.003,0.004,0.005,0.006,0.007,0.008,0.009000000000000001,0.01]",0.001,"[65000.450000000004,65000.350000000006,65000.25,65000.15,65000.05,64999.950000000004,64999.850000000006,64999.75,64999.65,64999.55]",65000.450000000004,"[0.001,0.002,0.003,0.004,0.005,0.006,0.007,0.008,0.009000000000000001,0.01]",0.001,2555,mock,InstrumentType.Spot,613372128,mock,BTC-USDT
2199944884,0,0,1783610796698828282,101,depth,"[65000.659999999996,65000.759999999995,65000.86,65000.96,65001.06,65001.159999999996,65001.259999999995,65001.36,65001.46,65001.56]",65000.659999999996,"[0.001,0.002,0.003,0.004,0.005,0.006,0.007,0.008,0.009000000000000001,0.01]",0.001,"[65000.46,65000.36,65000.259999999995,65000.159999999996,65000.06,64999.96,64999.86,64999.759999999995,64999.659999999996,64999.56]",65000.46,"[0.001,0.002,0.003,0.004,0.005,0.006,0.007,0.008,0.009000000000000001,0.01]",0.001,2556,mock,InstrumentType.Spot,613372688,mock,BTC-USDT
2199944884,0,0,1783610796699128310,101,depth,"[65000.67,65000.77,65000.87,65000.97,65001.07,65001.17,65001.27,65001.37,65001.47,65001.57]",65000.67,"[0.001,0.002,0.003,0.004,0.005,0.006,0.007,0.008,0.009000000000000001,0.01]",0.001,"[65000.47,65000.37,65000.27,65000.17,65000.07,64999.97,64999.87,64999.77,64999.67,64999.57]",65000.47,"[0.001,0.002,0.003,0.004,0.005,0.006,0.007,0.008,0.009000000000000001,0.01]",0.001,2557,mock,InstrumentType.Spot,613373248,mock,BTC-USDT
2199944884,0,0,1783610796699428178,101,depth,"[65000.68,65000.78,65000.880000000005,65000.98,65001.08,65001.18,65001.28,65001.380000000005,65001.48,65001.58]",65000.68,"[0.001,0.002,0.003,0.004,0.005,0.006,0.007,0.008,0.009000000000000001,0.01]",0.001,"[65000.48,65000.380000000005,65000.28,65000.18,65000.08,64999.98,64999.880000000005,64999.78,64999.68,64999.58]",65000.48,"[0.001,0.002,0.003,0.004,0.005,0.006,0.007,0.008,0.009000000000000001,0.01]",0.001,2558,mock,InstrumentType.Spot,613373808,mock,BTC-USDT
2199944884,0,0,1783610796699743309,101,depth,"[65000.689999999995,65000.78999999999,65000.89,65000.99,65001.09,65001.189999999995,65001.28999999999,65001.39,65001.49,65001.59]",65000.689999999995,"[0.001,0.002,0.003,0.004,0.005,0.006,0.007,0.008,0.009000000000000001,0.01]",0.001,"[65000.49,65000.39,65000.28999999999,65000.189999999995,65000.09,64999.99,64999.89,64999.78999999999,64999.689999999995,64999.59]",65000.49,"[0.001,0.002,0.003,0.004,0.005,0.006,0.007,0.008,0.009000000000000001,0.01]",0.001,2559,mock,InstrumentType.Spot,613374368,mock,BTC-USDT
2199944884,0,0,1783610796700028423,101,depth,"[65000.7,65000.799999999996,65000.9,65001.0,65001.1,65001.2,65001.299999999996,65001.4,65001.5,65001.6]",65000.7,"[0.001,0.002,0.003,0.004,0.005,0.006,0.007,0.008,0.009000000000000001,0.01]",0.001,"[65000.5,65000.4,65000.299999999996,65000.2,65000.1,65000.0,64999.9,64999.799999999996,64999.7,64999.6]",65000.5,"[0.001,0.002,0.003,0.004,0.005,0.006,0.007,0.008,0.009000000000000001,0.01]",0.001,2560,mock,InstrumentType.Spot,613374928,mock,BTC-USDT
2199944884,0,0,1783610796700328326,101,depth,"[65000.71,65000.81,65000.91,65001.01,65001.11,65001.21,65001.31,65001.41,65001.51,65001.61]",65000.71,"[0.001,0.002,0.003,0.004,0.005,0.006,0.007,0.008,0.009000000000000001,0.01]",0.001,"[65000.51,65000.41,65000.31,65000.21,65000.11,65000.01,64999.91,64999.81,64999.71,64999.61]",65000.51,"[0.001,0.002,0.003,0.004,0.005,0.006,0.007,0.008,0.009000000000000001,0.01]",0.001,2561,mock,InstrumentType.Spot,613375488,mock,BTC-USDT
2199944884,0,0,1783610796700628139,101,depth,"[65000.72,65000.82,65000.920000000006,65001.020000000004,65001.12,65001.22,65001.32,65001.420000000006,65001.520000000004,65001.62]",65000.72,"[0.001,0.002,0.003,0.004,0.005,0.006,0.007,0.008,0.009000000000000001,0.01]",0.001,"[65000.520000000004,65000.420000000006,65000.32,65000.22,65000.12,65000.020000000004,64999.920000000006,64999.82,64999.72,64999.62]",65000.520000000004,"[0.001,0.002,0.003,0.004,0.005,0.006,0.007,0.008,0.009000000000000001,0.01]",0.001,2562,mock,InstrumentType.Spot,613376048,mock,BTC-USDT
2199944884,0,0,1783610796700928058,101,depth,"[65000.729999999996,65000.829999999994,65000.93,65001.03,65001.13,65001.229999999996,65001.329999999994,65001.43,65001.53,65001.63]",65000.729999999996,"[0.001,0.002,0.003,0.004,0.005,0.006,0.007,0.008,0.009000000000000001,0.01]",0.001,"[65000.53,65000.43,65000.329999999994,65000.229999999996,65000.13,65000.03,64999.93,64999.829999999994,64999.729999999996,64999.63]",65000.53,"[0.001,0.002,0.003,0.004,0.005,0.006,0.007,0.008,0.009000000000000001,0.01]",0.001,2563,mock,InstrumentType.Spot,613376608,mock,BTC-USDT
2199944884,0,0,1783610796701228113,101,depth,"[65000.74,65000.84,65000.94,65001.04,65001.14,65001.24,65001.34,65001.44,65001.54,65001.64]",65000.74,"[0.001,0.002,0.003,0.004,0.005,0.006,0.007,0.008,0.009000000000000001,0.01]",0.001,"[65000.54,65000.44,65000.34,65000.24,65000.14,65000.04,64999.94,64999.84,64999.74,64999.64]",65000.54,"[0.001,0.002,0.003,0.004,0.005,0.006,0.007,0.008,0.009000000000000001,0.01]",0.001,2564,mock,InstrumentType.Spot,613377168,mock,BTC-USDT
2199944884,0,0,1783610796701528444,101,depth,"[65000.75,65000.85,65000.950000000004,65001.05,65001.15,65001.25,65001.35,65001.450000000004,65001.55,65001.65]",65000.75,"[0.001,0.002,0.003,0.004,0.005,0.006,0.007,0.008,0.009000000000000001,0.01]",0.001,"[65000.55,65000.450000000004,65000.35,65000.25,65000.15,65000.05,64999.950000000004,64999.85,64999.75,64999.65]",65000.55,"[0.001,0.002,0.003,0.004,0.005,0.006,0.007,0.008,0.009000000000000001,0.01]",0.001,2565,mock,InstrumentType.Spot,613377728,mock,BTC-USDT
2199944884,0,0,1783610796701828539,101,depth,"[65000.76,65000.86,65000.96000000001,65001.060000000005,65001.16,65001.26,65001.36,65001.46000000001,65001.560000000005,65001.66]",65000.76,"[0.001,0.002,0.003,0.004,0.005,0.006,0.007,0.008,0.009000000000000001,0.01]",0.001,"[65000.560000000005,65000.46000000001,65000.36,65000.26,65000.16,65000.060000000005,64999.96000000001,64999.86,64999.76,64999.66]",65000.560000000005,"[0.001,0.002,0.003,0.004,0.005,0.006,0.007,0.008,0.009000000000000001,0.01]",0.001,2566,mock,InstrumentType.Spot,613378288,mock,BTC-USDT
2199944884,0,0,1783610796702128678,101,depth,"[65000.77,65000.869999999995,65000.97,65001.07,65001.17,65001.27,65001.369999999995,65001.47,65001.57,65001.67]",65000.77,"[0.001,0.002,0.003,0.004,0.005,0.006,0.007,0.008,0.009000000000000001,0.01]",0.001,"[65000.57,65000.47,65000.369999999995,65000.27,65000.17,65000.07,64999.97,64999.869999999995,64999.77,64999.67]",65000.57,"[0.001,0.002,0.003,0.004,0.005,0.006,0.007,0.008,0.009000000000000001,0.01]",0.001,2567,mock,InstrumentType.Spot,613378848,mock,BTC-USDT
2199944884,0,0,1783610796702428595,101,depth,"[65000.78,65000.88,65000.98,65001.08,65001.18,65001.28,65001.38,65001.48,65001.58,65001.68]",65000.78,"[0.001,0.002,0.003,0.004,0.005,0.006,0.007,0.008,0.009000000000000001,0.01]",0.001,"[65000.58,65000.48,65000.38,65000.28,65000.18,65000.08,64999.98,64999.88,64999.78,64999.68]",65000.58,"[0.001,0.002,0.003,0.004,0.005,0.006,0.007,0.008,0.009000000000000001,0.01]",0.001,2568,mock,InstrumentType.Spot,613379408,mock,BTC-USDT
2199944884,0,0,1783610796702740750,101,depth,"[65000.79,65000.89,65000.990000000005,65001.090000000004,65001.19,65001.29,65001.39,65001.490000000005,65001.590000000004,65001.69]",65000.79,"[0.001,0.002,0.003,0.004,0.005,0.006,0.007,0.008,0.009000000000000001,0.01]",0.001,"[65000.590000000004,65000.490000000005,65000.39,65000.29,65000.19,65000.090000000004,64999.990000000005,64999.89,64999.79,64999.69]",65000.590000000004,"[0.001,0.002,0.003,0.004,0.005,0.006,0.007,0.008,0.009000000000000001,0.01]",0.001,2569,mock,InstrumentType.Spot,613379968,mock,BTC-USDT
2199944884,0,0,1783610796703029598,101,depth,"[65000.799999999996,65000.899999999994,65001.0,65001.1,65001.2,65001.299999999996,65001.399999999994,65001.5,65001.6,65001.7]",65000.799999999996,"[0.001,0.002,0.003,0.004,0.005,0.006,0.007,0.008,0.009000000000000001,0.01]",0.001,"[65000.6,65000.5,65000.399999999994,65000.299999999996,65000.2,65000.1,65000.0,64999.899999999994,64999.799999999996,64999.7]",65000.6,"[0.001,0.002,0.003,0.004,0.005,0.006,0.007,0.008,0.009000000000000001,0.01]",0.001,2570,mock,InstrumentType.Spot,613380528,mock,BTC-USDT
2199944884,0,0,1783610796703328940,101,depth,"[65000.81,65000.909999999996,65001.01,65001.11,65001.21,65001.31,65001.409999999996,65001.51,65001.61,65001.71]",65000.81,"[0.001,0.002,0.003,0.004,0.005,0.006,0.007,0.008,0.009000000000000001,0.01]",0.001,"[65000.61,65000.51,65000.409999999996,65000.31,65000.21,65000.11,65000.01,64999.909999999996,64999.81,64999.71]",65000.61,"[0.001,0.002,0.003,0.004,0.005,0.006,0.007,0.008,0.009000000000000001,0.01]",0.001,2571,mock,InstrumentType.Spot,613381088,mock,BTC-USDT
2199944884,0,0,1783610796703628702,101,depth,"[65000.82,65000.92,65001.020000000004,65001.12,65001.22,65001.32,65001.42,65001.520000000004,65001.62,65001.72]",65000.82,"[0.001,0.002,0.003,0.004,0.005,0.006,0.007,0.008,0.009000000000000001,0.01]",0.001,"[65000.62,65000.520000000004,65000.42,65000.32,65000.22,65000.12,65000.020000000004,64999.92,64999.82,64999.72]",65000.62,"[0.001,0.002,0.003,0.004,0.005,0.006,0.007,0.008,0.009000000000000001,0.01]",0.001,2572,mock,InstrumentType.Spot,613381648,mock,BTC-USDT
2199944884,0,0,1783610796703929305,101,depth,"[65000.83,65000.93,65001.030000000006,65001.130000000005,65001.23,65001.33,65001.43,65001.530000000006,65001.630000000005,65001.73]",65000.83,"[0.001,0.002,0.003,0.004,0.005,0.006,0.007,0.008,0.009000000000000001,0.01]",0.001,"[65000.630000000005,65000.530000000006,65000.43,65000.33,65000.23,65000.130000000005,65000.030000000006,64999.93,64999.83,64999.73]",65000.630000000005,"[0.001,0.002,0.003,0.004,0.005,0.006,0.007,0.008,0.009000000000000001,0.01]",0.001,2573,mock,InstrumentType.Spot,613382208,mock,BTC-USDT
2199944884,0,0,1783610796704229310,101,depth,"[65000.84,65000.939999999995,65001.04,65001.14,65001.24,65001.34,65001.439999999995,65001.54,65001.64,65001.74]",65000.84,"[0.001,0.002,0.003,0.004,0.005,0.006,0.007,0.008,0.009000000000000001,0.01]",0.001,"[65000.64,65000.54,65000.439999999995,65000.34,65000.24,65000.14,65000.04,64999.939999999995,64999.84,64999.74]",65000.64,"[0.001,0.002,0.003,0.004,0.005,0.006,0.007,0.008,0.009000000000000001,0.01]",0.001,2574,mock,InstrumentType.Spot,613382768,mock,BTC-USDT
2199944884,0,0,1783610796704529203,101,depth,"[65000.85,65000.95,65001.05,65001.15,65001.25,65001.35,65001.45,65001.55,65001.65,65001.75]",65000.85,"[0.001,0.002,0.003,0.004,0.005,0.006,0.007,0.008,0.009000000000000001,0.01]",0.001,"[65000.65,65000.55,65000.45,65000.35,65000.25,65000.15,65000.05,64999.95,64999.85,64999.75]",65000.65,"[0.001,0.002,0.003,0.004,0.005,0.006,0.007,0.008,0.009000000000000001,0.01]",0.001,2575,mock,InstrumentType.Spot,613383328,mock,BTC-USDT
2199944884,0,0,1783610796704829751,101,depth,"[65000.86,65000.96,65001.060000000005,65001.16,65001.26,65001.36,65001.46,65001.560000000005,65001.66,65001.76]",65000.86,"[0.001,0.002,0.003,0.004,0.005,0.006,0.007,0.008,0.009000000000000001,0.01]",0.001,"[65000.66,65000.560000000005,65000.46,65000.36,65000.26,65000.16,65000.060000000005,64999.96,64999.86,64999.76]",65000.66,"[0.001,0.002,0.003,0.004,0.005,0.006,0.007,0.008,0.009000000000000001,0.01]",0.001,2576,mock,InstrumentType.Spot,614009264,mock,BTC-USDT
2199944884,0,0,1783610796705129707,101,depth,"[65000.869999999995,65000.969999999994,65001.07,65001.17,65001.27,65001.369999999995,65001.469999999994,65001.57,65001.67,65001.77]",65000.869999999995,"[0.001,0.002,0.003,0.004,0.005,0.006,0.007,0.008,0.009000000000000001,0.01]",0.001,"[65000.67,65000.57,65000.469999999994,65000.369999999995,65000.27,65000.17,65000.07,64999.969999999994,64999.869999999995,64999.77]",65000.67,"[0.001,0.002,0.003,0.004,0.005,0.006,0.007,0.008,0.009000000000000001,0.01]",0.001,2577,mock,InstrumentType.Spot,614009824,mock,BTC-USDT
2199944884,0,0,1783610796705440435,101,depth,"[65000.88,65000.979999999996,65001.08,65001.18,65001.28,65001.38,65001.479999999996,65001.58,65001.68,65001.78]",65000.88,"[0.001,0.002,0.003,0.004,0.005,0.006,0.007,0.008,0.009000000000000001,0.01]",0.001,"[65000.68,65000.58,65000.479999999996,65000.38,65000.28,65000.18,65000.08,64999.979999999996,64999.88,64999.78]",65000.68,"[0.001,0.002,0.003,0.004,0.005,0.006,0.007,0.008,0.009000000000000001,0.01]",0.001,2578,mock,InstrumentType.Spot,614010384,mock,BTC-USDT
2199944884,0,0,1783610796705729497,101,depth,"[65000.89,65000.99,65001.090000000004,65001.19,65001.29,65001.39,65001.49,65001.590000000004,65001.69,65001.79]",65000.89,"[0.001,0.002,0.003,0.004,0.005,0.006,0.007,0.008,0.009000000000000001,0.01]",0.001,"[65000.69,65000.590000000004,65000.49,65000.39,65000.29,65000.19,65000.090000000004,64999.99,64999.89,64999.79]",65000.69,"[0.001,0.002,0.003,0.004,0.005,0.006,0.007,0.008,0.009000000000000001,0.01]",0.001,2579,mock,InstrumentType.Spot,614010944,mock,BTC-USDT
2199944884,0,0,1783610796706029273,101,depth,"[65000.9,65001.0,65001.100000000006,65001.200000000004,65001.3,65001.4,65001.5,65001.600000000006,65001.700000000004,65001.8]",65000.9,"[0.001,0.002,0.003,0.004,0.005,0.006,0.007,0.008,0.009000000000000001,0.01]",0.001,"[65000.700000000004,65000.600000000006,65000.5,65000.4,65000.3,65000.200000000004,65000.100000000006,65000.0,64999.9,64999.8]",65000.700000000004,"[0.001,0.002,0.003,0.004,0.005,0.006,0.007,0.008,0.009000000000000001,0.01]",0.001,2580,mock,InstrumentType.Spot,614011504,mock,BTC-USDT
2199944884,0,0,1783610796706329144,101,depth,"[65000.909999999996,65001.009999999995,65001.11,65001.21,65001.31,65001.409999999996,65001.509999999995,65001.61,65001.71,65001.81]",65000.909999999996,"[0.001,0.002,0.003,0.004,0.005,0.006,0.007,0.008,0.009000000000000001,0.01]",0.001,"[65000.71,65000.61,65000.509999999995,65000.409999999996,65000.31,65000.21,65000.11,65000.009999999995,64999.909999999996,64999.81]",65000.71,"[0.001,0.002,0.003,0.004,0.005,0.006,0.007,0.008,0.009000000000000001,0.01]",0.001,2581,mock,InstrumentType.Spot,614012064,mock,BTC-USDT
2199944884,0,0,1783610796706628730,101,depth,"[65000.92,65001.02,65001.12,65001.22,65001.32,65001.42,65001.52,65001.62,65001.72,65001.82]",65000.92,"[0.001,0.002,0.003,0.004,0.005,0.006,0.007,0.008,0.009000000000000001,0.01]",0.001,"[65000.72,65000.62,65000.52,65000.42,65000.32,65000.22,65000.12,65000.02,64999.92,64999.82]",65000.72,"[0.001,0.002,0.003,0.004,0.005,0.006,0.007,0.008,0.009000000000000001,0.01]",0.001,2582,mock,InstrumentType.Spot,614012624,mock,BTC-USDT
2199944884,0,0,1783610796706928786,101,depth,"[65000.93,65001.03,65001.130000000005,65001.23,65001.33,65001.43,65001.53,65001.630000000005,65001.73,65001.83]",65000.93,"[0.001,0.002,0.003,0.004,0.005,0.006,0.007,0.008,0.009000000000000001,0.01]",0.001,"[65000.73,65000.630000000005,65000.53,65000.43,65000.33,65000.23,65000.130000000005,65000.03,64999.93,64999.83]",65000.73,"[0.001,0.002,0.003,0.004,0.005,0.006,0.007,0.008,0.009000000000000001,0.01]",0.001,2583,mock,InstrumentType.Spot,614013184,mock,BTC-USDT
2199944884,0,0,1783610796707228763,101,depth,"[65000.939999999995,65001.03999999999,65001.14,65001.24,65001.34,65001.439999999995,65001.53999999999,65001.64,65001.74,65001.84]",65000.939999999995,"[0.001,0.002,0.003,0.004,0.005,0.006,0.007,0.008,0.009000000000000001,0.01]",0.001,"[65000.74,65000.64,65000.53999999999,65000.439999999995,65000.34,65000.24,65000.14,65000.03999999999,64999.939999999995,64999.84]",65000.74,"[0.001,0.002,0.003,0.004,0.005,0.006,0.007,0.008,0.009000000000000001,0.01]",0.001,2584,mock,InstrumentType.Spot,614013744,mock,BTC-USDT
2199944884,0,0,1783610796707528753,101,depth,"[65000.95,65001.049999999996,65001.15,65001.25,65001.35,65001.45,65001.549999999996,65001.65,65001.75,65001.85]",65000.95,"[0.001,0.002,0.003,0.004,0.005,0.006,0.007,0.008,0.009000000000000001,0.01]",0.001,"[65000.75,65000.65,65000.549999999996,65000.45,65000.35,65000.25,65000.15,65000.049999999996,64999.95,64999.85]",65000.75,"[0.001,0.002,0.003,0.004,0.005,0.006,0.007,0.008,0.009000000000000001,0.01]",0.001,2585,mock,InstrumentType.Spot,614014304,mock,BTC-USDT
2199944884,0,0,1783610796707829427,101,depth,"[65000.96,65001.06,65001.16,65001.26,65001.36,65001.46,65001.56,65001.66,65001.76,65001.86]",65000.96,"[0.001,0.002,0.003,0.004,0.005,0.006,0.007,0.008,0.009000000000000001,0.01]",0.001,"[65000.76,65000.66,65000.56,65000.46,65000.36,65000.26,65000.16,65000.06,64999.96,64999.86]",65000.76,"[0.001,0.002,0.003,0.004,0.005,0.006,0.007,0.008,0.009000000000000001,0.01]",0.001,2586,mock,InstrumentType.Spot,614014864,mock,BTC-USDT
2199944884,0,0,1783610796708130642,101,depth,"[65000.97,65001.07,65001.170000000006,65001.270000000004,65001.37,65001.47,65001.57,65001.670000000006,65001.770000000004,65001.87]",65000.97,"[0.001,0.002,0.003,0.004,0.005,0.006,0.007,0.008,0.009000000000000001,0.01]",0.001,"[65000.770000000004,65000.670000000006,65000.57,65000.47,65000.37,65000.270000000004,65000.170000000006,65000.07,64999.97,64999.87]",65000.770000000004,"[0.001,0.002,0.003,0.004,0.005,0.006,0.007,0.008,0.009000000000000001,0.01]",0.001,2587,mock,InstrumentType.Spot,614015424,mock,BTC-USDT
2199944884,0,0,1783610796709889625,101,depth,"[65000.979999999996,65001.079999999994,65001.18,65001.28,65001.38,65001.479999999996,65001.579999999994,65001.68,65001.78,65001.88]",65000.979999999996,"[0.001,0.002,0.003,0.004,0.005,0.006,0.007,0.008,0.009000000000000001,0.01]",0.001,"[65000.78,65000.68,65000.579999999994,65000.479999999996,65000.38,65000.28,65000.18,65000.079999999994,64999.979999999996,64999.88]",65000.78,"[0.001,0.002,0.003,0.004,0.005,0.006,0.007,0.008,0.009000000000000001,0.01]",0.001,2588,mock,InstrumentType.Spot,614015984,mock,BTC-USDT
2199944884,0,0,1783610796709926383,101,depth,"[65000.99,65001.09,65001.19,65001.29,65001.39,65001.49,65001.59,65001.69,65001.79,65001.89]",65000.99,"[0.001,0.002,0.003,0.004,0.005,0.006,0.007,0.008,0.009000000000000001,0.01]",0.001,"[65000.79,65000.69,65000.59,65000.49,65000.39,65000.29,65000.19,65000.09,64999.99,64999.89]",65000.79,"[0.001,0.002,0.003,0.004,0.005,0.006,0.007,0.008,0.009000000000000001,0.01]",0.001,2589,mock,InstrumentType.Spot,614016544,mock,BTC-USDT
2199944884,0,0,1783610796709937500,101,depth,"[65001.0,65001.1,65001.200000000004,65001.3,65001.4,65001.5,65001.6,65001.700000000004,65001.8,65001.9]",65001.0,"[0.001,0.002,0.003,0.004,0.005,0.006,0.007,0.008,0.009000000000000001,0.01]",0.001,"[65000.8,65000.700000000004,65000.6,65000.5,65000.4,65000.3,65000.200000000004,65000.1,65000.0,64999.9]",65000.8,"[0.001,0.002,0.003,0.004,0.005,0.006,0.007,0.008,0.009000000000000001,0.01]",0.001,2590,mock,InstrumentType.Spot,614017104,mock,BTC-USDT
2199944884,0,0,1783610796709948244,101,depth,"[65001.01,65001.11,65001.21000000001,65001.310000000005,65001.41,65001.51,65001.61,65001.71000000001,65001.810000000005,65001.91]",65001.01,"[0.001,0.002,0.003,0.004,0.005,0.006,0.007,0.008,0.009000000000000001,0.01]",0.001,"[65000.810000000005,65000.71000000001,65000.61,65000.51,65000.41,65000.310000000005,65000.21000000001,65000.11,65000.01,64999.91]",65000.810000000005,"[0.001,0.002,0.003,0.004,0.005,0.006,0.007,0.008,0.009000000000000001,0.01]",0.001,2591,mock,InstrumentType.Spot,614017664,mock,BTC-USDT
2199944884,0,0,1783610796709956488,101,depth,"[65001.02,65001.119999999995,65001.22,65001.32,65001.42,65001.52,65001.619999999995,65001.72,65001.82,65001.92]",65001.02,"[0.001,0.002,0.003,0.004,0.005,0.006,0.007,0.008,0.009000000000000001,0.01]",0.001,"[65000.82,65000.72,65000.619999999995,65000.52,65000.42,65000.32,65000.22,65000.119999999995,65000.02,64999.92]",65000.82,"[0.001,0.002,0.003,0.004,0.005,0.006,0.007,0.008,0.009000000000000001,0.01]",0.001,2592,mock,InstrumentType.Spot,614018224,mock,BTC-USDT
2199944884,0,0,1783610796709965063,101,depth,"[65001.03,65001.13,65001.23,65001.33,65001.43,65001.53,65001.63,65001.73,65001.83,65001.93]",65001.03,"[0.001,0.002,0.003,0.004,0.005,0.006,0.007,0.008,0.009000000000000001,0.01]",0.001,"[65000.83,65000.73,65000.63,65000.53,65000.43,65000.33,65000.23,65000.13,65000.03,64999.93]",65000.83,"[0.001,0.002,0.003,0.004,0.005,0.006,0.007,0.008,0.009000000000000001,0.01]",0.001,2593,mock,InstrumentType.Spot,614018784,mock,BTC-USDT
2199944884,0,0,1783610796710230131,101,depth,"[65001.04,65001.14,65001.240000000005,65001.340000000004,65001.44,65001.54,65001.64,65001.740000000005,65001.840000000004,65001.94]",65001.04,"[0.001,0.002,0.003,0.004,0.005,0.006,0.007,0.008,0.009000000000000001,0.01]",0.001,"[65000.840000000004,65000.740000000005,65000.64,65000.54,65000.44,65000.340000000004,65000.240000000005,65000.14,65000.04,64999.94]",65000.840000000004,"[0.001,0.002,0.003,0.004,0.005,0.006,0.007,0.008,0.009000000000000001,0.01]",0.001,2594,mock,InstrumentType.Spot,614019344,mock,BTC-USDT
2199944884,0,0,1783610796710531366,101,depth,"[65001.049999999996,65001.149999999994,65001.25,65001.35,65001.45,65001.549999999996,65001.649999999994,65001.75,65001.85,65001.95]",65001.049999999996,"[0.001,0.002,0.003,0.004,0.005,0.006,0.007,0.008,0.009000000000000001,0.01]",0.001,"[65000.85,65000.75,65000.649999999994,65000.549999999996,65000.45,65000.35,65000.25,65000.149999999994,65000.049999999996,64999.95]",65000.85,"[0.001,0.002,0.003,0.004,0.005,0.006,0.007,0.008,0.009000000000000001,0.01]",0.001,2595,mock,InstrumentType.Spot,614019904,mock,BTC-USDT
2199944884,0,0,1783610796710828547,101,depth,"[65001.06,65001.159999999996,65001.26,65001.36,65001.46,65001.56,65001.659999999996,65001.76,65001.86,65001.96]",65001.06,"[0.001,0.002,0.003,0.004,0.005,0.006,0.007,0.008,0.009000000000000001,0.01]",0.001,"[65000.86,65000.76,65000.659999999996,65000.56,65000.46,65000.36,65000.26,65000.159999999996,65000.06,64999.96]",65000.86,"[0.001,0.002,0.003,0.004,0.005,0.006,0.007,0.008,0.009000000000000001,0.01]",0.001,2596,mock,InstrumentType.Spot,614020464,mock,BTC-USDT
2199944884,0,0,1783610796711144439,101,depth,"[65001.07,65001.17,65001.270000000004,65001.37,65001.47,65001.57,65001.67,65001.770000000004,65001.87,65001.97]",65001.07,"[0.001,0.002,0.003,0.004,0.005,0.006,0.007,0.008,0.009000000000000001,0.01]",0.001,"[65000.87,65000.770000000004,65000.67,65000.57,65000.47,65000.37,65000.270000000004,65000.17,65000.07,64999.97]",65000.87,"[0.001,0.002,0.003,0.004,0.005,0.006,0.007,0.008,0.009000000000000001,0.01]",0.001,2597,mock,InstrumentType.Spot,614021024,mock,BTC-USDT
2199944884,0,0,1783610796711428605,101,depth,"[65001.08,65001.18,65001.280000000006,65001.380000000005,65001.48,65001.58,65001.68,65001.780000000006,65001.880000000005,65001.98]",65001.08,"[0.001,0.002,0.003,0.004,0.005,0.006,0.007,0.008,0.009000000000000001,0.01]",0.001,"[65000.880000000005,65000.780000000006,65000.68,65000.58,65000.48,65000.380000000005,65000.280000000006,65000.18,65000.08,64999.98]",65000.880000000005,"[0.001,0.002,0.003,0.004,0.005,0.006,0.007,0.008,0.009000000000000001,0.01]",0.001,2598,mock,InstrumentType.Spot,614021584,mock,BTC-USDT
2199944884,0,0,1783610796711728630,101,depth,"[65001.09,65001.189999999995,65001.29,65001.39,65001.49,65001.59,65001.689999999995,65001.79,65001.89,65001.99]",65001.09,"[0.001,0.002,0.003,0.004,0.005,0.006,0.007,0.008,0.009000000000000001,0.01]",0.001,"[65000.89,65000.79,65000.689999999995,65000.59,65000.49,65000.39,65000.29,65000.189999999995,65000.09,64999.99]",65000.89,"[0.001,0.002,0.003,0.004,0.005,0.006,0.007,0.008,0.009000000000000001,0.01]",0.001,2599,mock,InstrumentType.Spot,614022144,mock,BTC-USDT
2199944884,0,0,1783610796712028345,101,depth,"[65000.1,65000.2,65000.3,65000.4,65000.5,65000.6,65000.7,65000.8,65000.9,65001.0]",65000.1,"[0.001,0.002,0.003,0.004,0.005,0.006,0.007,0.008,0.009000000000000001,0.01]",0.001,"[64999.9,64999.8,64999.7,64999.6,64999.5,64999.4,64999.3,64999.2,64999.1,64999.0]",64999.9,"[0.001,0.002,0.003,0.004,0.005,0.006,0.007,0.008,0.009000000000000001,0.01]",0.001,2600,mock,InstrumentType.Spot,614022704,mock,BTC-USDT
2199944884,0,0,1783610796712328280,101,depth,"[65000.11,65000.21,65000.310000000005,65000.41,65000.51,65000.61,65000.71,65000.810000000005,65000.91,65001.01]",65000.11,"[0.001,0.002,0.003,0.004,0.005,0.006,0.007,0.008,0.009000000000000001,0.01]",0.001,"[64999.91,64999.810000000005,64999.71,64999.61,64999.51,64999.41,64999.310000000005,64999.21,64999.11,64999.01]",64999.91,"[0.001,0.002,0.003,0.004,0.005,0.006,0.007,0.008,0.009000000000000001,0.01]",0.001,2601,mock,InstrumentType.Spot,614023264,mock,BTC-USDT
2199944884,0,0,1783610796712628123,101,depth,"[65000.119999999995,65000.219999999994,65000.32,65000.42,65000.52,65000.619999999995,65000.719999999994,65000.82,65000.92,65001.02]",65000.119999999995,"[0.001,0.002,0.003,0.004,0.005,0.006,0.007,0.008,0.009000000000000001,0.01]",0.001,"[64999.92,64999.82,64999.719999999994,64999.619999999995,64999.52,64999.42,64999.32,64999.219999999994,64999.119999999995,64999.02]",64999.92,"[0.001,0.002,0.003,0.004,0.005,0.006,0.007,0.008,0.009000000000000001,0.01]",0.001,2602,mock,InstrumentType.Spot,614023824,mock,BTC-USDT
2199944884,0,0,1783610796712928011,101,depth,"[65000.13,65000.229999999996,65000.33,65000.43,65000.53,65000.63,65000.729999999996,65000.83,65000.93,65001.03]",65000.13,"[0.001,0.002,0.003,0.004,0.005,0.006,0.007,0.008,0.009000000000000001,0.01]",0.001,"[64999.93,64999.83,64999.729999999996,64999.63,64999.53,64999.43,64999.33,64999.229999999996,64999.13,64999.03]",64999.93,"[0.001,0.002,0.003,0.004,0.005,0.006,0.007,0.008,0.009000000000000001,0.01]",0.001,2603,mock,InstrumentType.Spot,614024384,mock,BTC-USDT
2199944884,0,0,1783610796713228137,101,depth,"[65000.14,65000.24,65000.340000000004,65000.44,65000.54,65000.64,65000.74,65000.840000000004,65000.94,65001.04]",65000.14,"[0.001,0.002,0.003,0.004,0.005,0.006,0.007,0.008,0.009000000000000001,0.01]",0.001,"[64999.94,64999.840000000004,64999.74,64999.64,64999.54,64999.44,64999.340000000004,64999.24,64999.14,64999.04]",64999.94,"[0.001,0.002,0.003,0.004,0.005,0.006,0.007,0.008,0.009000000000000001,0.01]",0.001,2604,mock,InstrumentType.Spot,614024944,mock,BTC-USDT
2199944884,0,0,1783610796713528151,101,depth,"[65000.15,65000.25,65000.350000000006,65000.450000000004,65000.55,65000.65,65000.75,65000.850000000006,65000.950000000004,65001.05]",65000.15,"[0.001,0.002,0.003,0.004,0.005,0.006,0.007,0.008,0.009000000000000001,0.01]",0.001,"[64999.950000000004,64999.850000000006,64999.75,64999.65,64999.55,64999.450000000004,64999.350000000006,64999.25,64999.15,64999.05]",64999.950000000004,"[0.001,0.002,0.003,0.004,0.005,0.006,0.007,0.008,0.009000000000000001,0.01]",0.001,2605,mock,InstrumentType.Spot,614025504,mock,BTC-USDT
2199944884,0,0,1783610796713827902,101,depth,"[65000.159999999996,65000.259999999995,65000.36,65000.46,65000.56,65000.659999999996,65000.759999999995,65000.86,65000.96,65001.06]",65000.159999999996,"[0.001,0.002,0.003,0.004,0.005,0.006,0.007,0.008,0.009000000000000001,0.01]",0.001,"[64999.96,64999.86,64999.759999999995,64999.659999999996,64999.56,64999.46,64999.36,64999.259999999995,64999.159999999996,64999.06]",64999.96,"[0.001,0.002,0.003,0.004,0.005,0.006,0.007,0.008,0.009000000000000001,0.01]",0.001,2606,mock,InstrumentType.Spot,614026064,mock,BTC-USDT
2199944884,0,0,1783610796714134578,101,depth,"[65000.17,65000.27,65000.37,65000.47,65000.57,65000.67,65000.77,65000.87,65000.97,65001.07]",65000.17,"[0.001,0.002,0.003,0.004,0.005,0.006,0.007,0.008,0.009000000000000001,0.01]",0.001,"[64999.97,64999.87,64999.77,64999.67,64999.57,64999.47,64999.37,64999.27,64999.17,64999.07]",64999.97,"[0.001,0.002,0.003,0.004,0.005,0.006,0.007,0.008,0.009000000000000001,0.01]",0.001,2607,mock,InstrumentType.Spot,614026624,mock,BTC-USDT
2199944884,0,0,1783610796714427930,101,depth,"[65000.18,65000.28,65000.380000000005,65000.48,65000.58,65000.68,65000.78,65000.880000000005,65000.98,65001.08]",65000.18,"[0.001,0.002,0.003,0.004,0.005,0.006,0.007,0.008,0.009000000000000001,0.01]",0.001,"[64999.98,64999.880000000005,64999.78,64999.68,64999.58,64999.48,64999.380000000005,64999.28,64999.18,64999.08]",64999.98,"[0.001,0.002,0.003,0.004,0.005,0.006,0.007,0.008,0.009000000000000001,0.01]",0.001,2608,mock,InstrumentType.Spot,614027184,mock,BTC-USDT
2199944884,0,0,1783610796714727979,101,depth,"[65000.189999999995,65000.28999999999,65000.39,65000.49,65000.59,65000.689999999995,65000.78999999999,65000.89,65000.99,65001.09]",65000.189999999995,"[0.001,0.002,0.003,0.004,0.005,0.006,0.007,0.008,0.009000000000000001,0.01]",0.001,"[64999.99,64999.89,64999.78999999999,64999.689999999995,64999.59,64999.49,64999.39,64999.28999999999,64999.189999999995,64999.09]",64999.99,"[0.001,0.002,0.003,0.004,0.005,0.006,0.007,0.008,0.009000000000000001,0.01]",0.001,2609,mock,InstrumentType.Spot,614027744,mock,BTC-USDT
2199944884,0,0,1783610796715027970,101,depth,"[65000.2,65000.299999999996,65000.4,65000.5,65000.6,65000.7,65000.799999999996,65000.9,65001.0,65001.1]",65000.2,"[0.001,0.002,0.003,0.004,0.005,0.006,0.007,0.008,0.009000000000000001,0.01]",0.001,"[65000.0,64999.9,64999.799999999996,64999.7,64999.6,64999.5,64999.4,64999.299999999996,64999.2,64999.1]",65000.0,"[0.001,0.002,0.003,0.004,0.005,0.006,0.007,0.008,0.009000000000000001,0.01]",0.001,2610,mock,InstrumentType.Spot,614028304,mock,BTC-USDT
2199944884,0,0,1783610796715327792,101,depth,"[65000.21,65000.31,65000.41,65000.51,65000.61,65000.71,65000.81,65000.91,65001.01,65001.11]",65000.21,"[0.001,0.002,0.003,0.004,0.005,0.006,0.007,0.008,0.009000000000000001,0.01]",0.001,"[65000.01,64999.91,64999.81,64999.71,64999.61,64999.51,64999.41,64999.31,64999.21,64999.11]",65000.01,"[0.001,0.002,0.003,0.004,0.005,0.006,0.007,0.008,0.009000000000000001,0.01]",0.001,2611,mock,InstrumentType.Spot,614028864,mock,BTC-USDT
2199944884,0,0,1783610796715627813,101,depth,"[65000.22,65000.32,65000.420000000006,65000.520000000004,65000.62,65000.72,65000.82,65000.920000000006,65001.020000000004,65001.12]",65000.22,"[0.001,0.002,0.003,0.004,0.005,0.006,0.007,0.008,0.009000000000000001,0.01]",0.001,"[65000.020000000004,64999.920000000006,64999.82,64999.72,64999.62,64999.520000000004,64999.420000000006,64999.32,64999.22,64999.12]",65000.020000000004,"[0.001,0.002,0.003,0.004,0.005,0.006,0.007,0.008,0.009000000000000001,0.01]",0.001,2612,mock,InstrumentType.Spot,614267504,mock,BTC-USDT
2199944884,0,0,1783610796715927756,101,depth,"[65000.229999999996,65000.329999999994,65000.43,65000.53,65000.63,65000.729999999996,65000.829999999994,65000.93,65001.03,65001.13]",65000.229999999996,"[0.001,0.002,0.003,0.004,0.005,0.006,0.007,0.008,0.009000000000000001,0.01]",0.001,"[65000.03,64999.93,64999.829999999994,64999.729999999996,64999.63,64999.53,64999.43,64999.329999999994,64999.229999999996,64999.13]",65000.03,"[0.001,0.002,0.003,0.004,0.005,0.006,0.007,0.008,0.009000000000000001,0.01]",0.001,2613,mock,InstrumentType.Spot,614267920,mock,BTC-USDT
2199944884,0,0,1783610796716227840,101,depth,"[65000.24,65000.34,65000.44,65000.54,65000.64,65000.74,65000.84,65000.94,65001.04,65001.14]",65000.24,"[0.001,0.002,0.003,0.004,0.005,0.006,0.007,0.008,0.009000000000000001,0.01]",0.001,"[65000.04,64999.94,64999.84,64999.74,64999.64,64999.54,64999.44,64999.34,64999.24,64999.14]",65000.04,"[0.001,0.002,0.003,0.004,0.005,0.006,0.007,0.008,0.009000000000000001,0.01]",0.001,2614,mock,InstrumentType.Spot,614268336,mock,BTC-USDT
2199944884,0,0,1783610796716527920,101,depth,"[65000.25,65000.35,65000.450000000004,65000.55,65000.65,65000.75,65000.85,65000.950000000004,65001.05,65001.15]",65000.25,"[0.001,0.002,0.003,0.004,0.005,0.006,0.007,0.008,0.009000000000000001,0.01]",0.001,"[65000.05,64999.950000000004,64999.85,64999.75,64999.65,64999.55,64999.450000000004,64999.35,64999.25,64999.15]",65000.05,"[0.001,0.002,0.003,0.004,0.005,0.006,0.007,0.008,0.009000000000000001,0.01]",0.001,2615,mock,InstrumentType.Spot,614268752,mock,BTC-USDT
2199944884,0,0,1783610796716833133,101,depth,"[65000.26,65000.36,65000.46000000001,65000.560000000005,65000.66,65000.76,65000.86,65000.96000000001,65001.060000000005,65001.16]",65000.26,"[0.001,0.002,0.003,0.004,0.005,0.006,0.007,0.008,0.009000000000000001,0.01]",0.001,"[65000.060000000005,64999.96000000001,64999.86,64999.76,64999.66,64999.560000000005,64999.46000000001,64999.36,64999.26,64999.16]",65000.060000000005,"[0.001,0.002,0.003,0.004,0.005,0.006,0.007,0.008,0.009000000000000001,0.01]",0.001,2616,mock,InstrumentType.Spot,614269168,mock,BTC-USDT
2199944884,0,0,1783610796717128006,101,depth,"[65000.27,65000.369999999995,65000.47,65000.57,65000.67,65000.77,65000.869999999995,65000.97,65001.07,65001.17]",65000.27,"[0.001,0.002,0.003,0.004,0.005,0.006,0.007,0.008,0.009000000000000001,0.01]",0.001,"[65000.07,64999.97,64999.869999999995,64999.77,64999.67,64999.57,64999.47,64999.369999999995,64999.27,64999.17]",65000.07,"[0.001,0.002,0.003,0.004,0.005,0.006,0.007,0.008,0.009000000000000001,0.01]",0.001,2617,mock,InstrumentType.Spot,614269616,mock,BTC-USDT
2199944884,0,0,1783610796717428724,101,depth,"[65000.28,65000.38,65000.48,65000.58,65000.68,65000.78,65000.88,65000.98,65001.08,65001.18]",65000.28,"[0.001,0.002,0.003,0.004,0.005,0.006,0.007,0.008,0.009000000000000001,0.01]",0.001,"[65000.08,64999.98,64999.88,64999.78,64999.68,64999.58,64999.48,64999.38,64999.28,64999.18]",65000.08,"[0.001,0.002,0.003,0.004,0.005,0.006,0.007,0.008,0.009000000000000001,0.01]",0.001,2618,mock,InstrumentType.Spot,614270176,mock,BTC-USDT
2199944884,0,0,1783610796717748655,101,depth,"[65000.29,65000.39,65000.490000000005,65000.590000000004,65000.69,65000.79,65000.89,65000.990000000005,65001.090000000004,65001.19]",65000.29,"[0.001,0.002,0.003,0.004,0.005,0.006,0.007,0.008,0.009000000000000001,0.01]",0.001,"[65000.090000000004,64999.990000000005,64999.89,64999.79,64999.69,64999.590000000004,64999.490000000005,64999.39,64999.29,64999.19]",65000.090000000004,"[0.001,0.002,0.003,0.004,0.005,0.006,0.007,0.008,0.009000000000000001,0.01]",0.001,2619,mock,InstrumentType.Spot,614270736,mock,BTC-USDT
2199944884,0,0,1783610796718028950,101,depth,"[65000.299999999996,65000.399999999994,65000.5,65000.6,65000.7,65000.799999999996,65000.899999999994,65001.0,65001.1,65001.2]",65000.299999999996,"[0.001,0.002,0.003,0.004,0.005,0.006,0.007,0.008,0.009000000000000001,0.01]",0.001,"[65000.1,65000.0,64999.899999999994,64999.799999999996,64999.7,64999.6,64999.5,64999.399999999994,64999.299999999996,64999.2]",65000.1,"[0.001,0.002,0.003,0.004,0.005,0.006,0.007,0.008,0.009000000000000001,0.01]",0.001,2620,mock,InstrumentType.Spot,614271296,mock,BTC-USDT
2199944884,0,0,1783610796718328126,101,depth,"[65000.31,65000.409999999996,65000.51,65000.61,65000.71,65000.81,65000.909999999996,65001.01,65001.11,65001.21]",65000.31,"[0.001,0.002,0.003,0.004,0.005,0.006,0.007,0.008,0.009000000000000001,0.01]",0.001,"[65000.11,65000.01,64999.909999999996,64999.81,64999.71,64999.61,64999.51,64999.409999999996,64999.31,64999.21]",65000.11,"[0.001,0.002,0.003,0.004,0.005,0.006,0.007,0.008,0.009000000000000001,0.01]",0.001,2621,mock,InstrumentType.Spot,614271856,mock,BTC-USDT
2199944884,0,0,1783610796718629193,101,depth,"[65000.32,65000.42,65000.520000000004,65000.62,65000.72,65000.82,65000.92,65001.020000000004,65001.12,65001.22]",65000.32,"[0.001,0.002,0.003,0.004,0.005,0.006,0.007,0.008,0.009000000000000001,0.01]",0.001,"[65000.12,65000.020000000004,64999.92,64999.82,64999.72,64999.62,64999.520000000004,64999.42,64999.32,64999.22]",65000.12,"[0.001,0.002,0.003,0.004,0.005,0.006,0.007,0.008,0.009000000000000001,0.01]",0.001,2622,mock,InstrumentType.Spot,614272416,mock,BTC-USDT
2199944884,0,0,1783610796718934530,101,depth,"[65000.33,65000.43,65000.530000000006,65000.630000000005,65000.73,65000.83,65000.93,65001.030000000006,65001.130000000005,65001.23]",65000.33,"[0.001,0.002,0.003,0.004,0.005,0.006,0.007,0.008,0.009000000000000001,0.01]",0.001,"[65000.130000000005,65000.030000000006,64999.93,64999.83,64999.73,64999.630000000005,64999.530000000006,64999.43,64999.33,64999.23]",65000.130000000005,"[0.001,0.002,0.003,0.004,0.005,0.006,0.007,0.008,0.009000000000000001,0.01]",0.001,2623,mock,InstrumentType.Spot,614272976,mock,BTC-USDT
2199944884,0,0,1783610796719230246,101,depth,"[65000.34,65000.439999999995,65000.54,65000.64,65000.74,65000.84,65000.939999999995,65001.04,65001.14,65001.24]",65000.34,"[0.001,0.002,0.003,0.004,0.005,0.006,0.007,0.008,0.009000000000000001,0.01]",0.001,"[65000.14,65000.04,64999.939999999995,64999.84,64999.74,64999.64,64999.54,64999.439999999995,64999.34,64999.24]",65000.14,"[0.001,0.002,0.003,0.004,0.005,0.006,0.007,0.008,0.009000000000000001,0.01]",0.001,2624,mock,InstrumentType.Spot,614273536,mock,BTC-USDT
2199944884,0,0,1783610796719528343,101,depth,"[65000.35,65000.45,65000.55,65000.65,65000.75,65000.85,65000.95,65001.05,65001.15,65001.25]",65000.35,"[0.001,0.002,0.003,0.004,0.005,0.006,0.007,0.008,0.009000000000000001,0.01]",0.001,"[65000.15,65000.05,64999.95,64999.85,64999.75,64999.65,64999.55,64999.45,64999.35,64999.25]",65000.15,"[0.001,0.002,0.003,0.004,0.005,0.006,0.007,0.008,0.009000000000000001,0.01]",0.001,2625,mock,InstrumentType.Spot,614274096,mock,BTC-USDT
2199944884,0,0,1783610796719850672,101,depth,"[65000.36,65000.46,65000.560000000005,65000.66,65000.76,65000.86,65000.96,65001.060000000005,65001.16,65001.26]",65000.36,"[0.001,0.002,0.003,0.004,0.005,0.006,0.007,0.008,0.009000000000000001,0.01]",0.001,"[65000.16,65000.060000000005,64999.96,64999.86,64999.76,64999.66,64999.560000000005,64999.46,64999.36,64999.26]",65000.16,"[0.001,0.002,0.003,0.004,0.005,0.006,0.007,0.008,0.009000000000000001,0.01]",0.001,2626,mock,InstrumentType.Spot,614274656,mock,BTC-USDT
2199944884,0,0,1783610796720128429,101,depth,"[65000.369999999995,65000.469999999994,65000.57,65000.67,65000.77,65000.869999999995,65000.969999999994,65001.07,65001.17,65001.27]",65000.369999999995,"[0.001,0.002,0.003,0.004,0.005,0.006,0.007,0.008,0.009000000000000001,0.01]",0.001,"[65000.17,65000.07,64999.969999999994,64999.869999999995,64999.77,64999.67,64999.57,64999.469999999994,64999.369999999995,64999.27]",65000.17,"[0.001,0.002,0.003,0.004,0.005,0.006,0.007,0.008,0.009000000000000001,0.01]",0.001,2627,mock,InstrumentType.Spot,614275216,mock,BTC-USDT
2199944884,0,0,1783610796720428084,101,depth,"[65000.38,65000.479999999996,65000.58,65000.68,65000.78,65000.88,65000.979999999996,65001.08,65001.18,65001.28]",65000.38,"[0.001,0.002,0.003,0.004,0.005,0.006,0.007,0.008,0.009000000000000001,0.01]",0.001,"[65000.18,65000.08,64999.979999999996,64999.88,64999.78,64999.68,64999.58,64999.479999999996,64999.38,64999.28]",65000.18,"[0.001,0.002,0.003,0.004,0.005,0.006,0.007,0.008,0.009000000000000001,0.01]",0.001,2628,mock,InstrumentType.Spot,614275776,mock,BTC-USDT
2199944884,0,0,1783610796720728142,101,depth,"[65000.39,65000.49,65000.590000000004,65000.69,65000.79,65000.89,65000.99,65001.090000000004,65001.19,65001.29]",65000.39,"[0.001,0.002,0.003,0.004,0.005,0.006,0.007,0.008,0.009000000000000001,0.01]",0.001,"[65000.19,65000.090000000004,64999.99,64999.89,64999.79,64999.69,64999.590000000004,64999.49,64999.39,64999.29]",65000.19,"[0.001,0.002,0.003,0.004,0.005,0.006,0.007,0.008,0.009000000000000001,0.01]",0.001,2629,mock,InstrumentType.Spot,614276336,mock,BTC-USDT
2199944884,0,0,1783610796721028087,101,depth,"[65000.4,65000.5,65000.600000000006,65000.700000000004,65000.8,65000.9,65001.0,65001.100000000006,65001.200000000004,65001.3]",65000.4,"[0.001,0.002,0.003,0.004,0.005,0.006,0.007,0.008,0.009000000000000001,0.01]",0.001,"[65000.200000000004,65000.100000000006,65000.0,64999.9,64999.8,64999.700000000004,64999.600000000006,64999.5,64999.4,64999.3]",65000.200000000004,"[0.001,0.002,0.003,0.004,0.005,0.006,0.007,0.008,0.009000000000000001,0.01]",0.001,2630,mock,InstrumentType.Spot,614276896,mock,BTC-USDT
2199944884,0,0,1783610796721328070,101,depth,"[65000.409999999996,65000.509999999995,65000.61,65000.71,65000.81,65000.909999999996,65001.009999999995,65001.11,65001.21,65001.31]",65000.409999999996,"[0.001,0.002,0.003,0.004,0.005,0.006,0.007,0.008,0.009000000000000001,0.01]",0.001,"[65000.21,65000.11,65000.009999999995,64999.909999999996,64999.81,64999.71,64999.61,64999.509999999995,64999.409999999996,64999.31]",65000.21,"[0.001,0.002,0.003,0.004,0.005,0.006,0.007,0.008,0.009000000000000001,0.01]",0.001,2631,mock,InstrumentType.Spot,614277456,mock,BTC-USDT
2199944884,0,0,1783610796721628081,101,depth,"[65000.42,65000.52,65000.62,65000.72,65000.82,65000.92,65001.02,65001.12,65001.22,65001.32]",65000.42,"[0.001,0.002,0.003,0.004,0.005,0.006,0.007,0.008,0.009000000000000001,0.01]",0.001,"[65000.22,65000.12,65000.02,64999.92,64999.82,64999.72,64999.62,64999.52,64999.42,64999.32]",65000.22,"[0.001,0.002,0.003,0.004,0.005,0.006,0.007,0.008,0.009000000000000001,0.01]",0.001,2632,mock,InstrumentType.Spot,614278016,mock,BTC-USDT
2199944884,0,0,1783610796721928090,101,depth,"[65000.43,65000.53,65000.630000000005,65000.73,65000.83,65000.93,65001.03,65001.130000000005,65001.23,65001.33]",65000.43,"[0.001,0.002,0.003,0.004,0.005,0.006,0.007,0.008,0.009000000000000001,0.01]",0.001,"[65000.23,65000.130000000005,65000.03,64999.93,64999.83,64999.73,64999.630000000005,64999.53,64999.43,64999.33]",65000.23,"[0.001,0.002,0.003,0.004,0.005,0.006,0.007,0.008,0.009000000000000001,0.01]",0.001,2633,mock,InstrumentType.Spot,614278576,mock,BTC-USDT
2199944884,0,0,1783610796722228063,101,depth,"[65000.439999999995,65000.53999999999,65000.64,65000.74,65000.84,65000.939999999995,65001.03999999999,65001.14,65001.24,65001.34]",65000.439999999995,"[0.001,0.002,0.003,0.004,0.005,0.006,0.007,0.008,0.009000000000000001,0.01]",0.001,"[65000.24,65000.14,65000.03999999999,64999.939999999995,64999.84,64999.74,64999.64,64999.53999999999,64999.439999999995,64999.34]",65000.24,"[0.001,0.002,0.003,0.004,0.005,0.006,0.007,0.008,0.009000000000000001,0.01]",0.001,2634,mock,InstrumentType.Spot,614279136,mock,BTC-USDT
2199944884,0,0,1783610796722537593,101,depth,"[65000.45,65000.549999999996,65000.65,65000.75,65000.85,65000.95,65001.049999999996,65001.15,65001.25,65001.35]",65000.45,"[0.001,0.002,0.003,0.004,0.005,0.006,0.007,0.008,0.009000000000000001,0.01]",0.001,"[65000.25,65000.15,65000.049999999996,64999.95,64999.85,64999.75,64999.65,64999.549999999996,64999.45,64999.35]",65000.25,"[0.001,0.002,0.003,0.004,0.005,0.006,0.007,0.008,0.009000000000000001,0.01]",0.001,2635,mock,InstrumentType.Spot,614279696,mock,BTC-USDT
2199944884,0,0,1783610796722828074,101,depth,"[65000.46,65000.56,65000.66,65000.76,65000.86,65000.96,65001.06,65001.16,65001.26,65001.36]",65000.46,"[0.001,0.002,0.003,0.004,0.005,0.006,0.007,0.008,0.009000000000000001,0.01]",0.001,"[65000.26,65000.16,65000.06,64999.96,64999.86,64999.76,64999.66,64999.56,64999.46,64999.36]",65000.26,"[0.001,0.002,0.003,0.004,0.005,0.006,0.007,0.008,0.009000000000000001,0.01]",0.001,2636,mock,InstrumentType.Spot,614280256,mock,BTC-USDT
2199944884,0,0,1783610796723127896,101,depth,"[65000.47,65000.57,65000.670000000006,65000.770000000004,65000.87,65000.97,65001.07,65001.170000000006,65001.270000000004,65001.37]",65000.47,"[0.001,0.002,0.003,0.004,0.005,0.006,0.007,0.008,0.009000000000000001,0.01]",0.001,"[65000.270000000004,65000.170000000006,65000.07,64999.97,64999.87,64999.770000000004,64999.670000000006,64999.57,64999.47,64999.37]",65000.270000000004,"[0.001,0.002,0.003,0.004,0.005,0.006,0.007,0.008,0.009000000000000001,0.01]",0.001,2637,mock,InstrumentType.Spot,614280816,mock,BTC-USDT
2199944884,0,0,1783610796723427932,101,depth,"[65000.479999999996,65000.579999999994,65000.68,65000.78,65000.88,65000.979999999996,65001.079999999994,65001.18,65001.28,65001.38]",65000.479999999996,"[0.001,0.002,0.003,0.004,0.005,0.006,0.007,0.008,0.009000000000000001,0.01]",0.001,"[65000.28,65000.18,65000.079999999994,64999.979999999996,64999.88,64999.78,64999.68,64999.579999999994,64999.479999999996,64999.38]",65000.28,"[0.001,0.002,0.003,0.004,0.005,0.006,0.007,0.008,0.009000000000000001,0.01]",0.001,2638,mock,InstrumentType.Spot,614281376,mock,BTC-USDT
2199944884,0,0,1783610796723727866,101,depth,"[65000.49,65000.59,65000.69,65000.79,65000.89,65000.99,65001.09,65001.19,65001.29,65001.39]",65000.49,"[0.001,0.002,0.003,0.004,0.005,0.006,0.007,0.008,0.009000000000000001,0.01]",0.001,"[65000.29,65000.19,65000.09,64999.99,64999.89,64999.79,64999.69,64999.59,64999.49,64999.39]",65000.29,"[0.001,0.002,0.003,0.004,0.005,0.006,0.007,0.008,0.009000000000000001,0.01]",0.001,2639,mock,InstrumentType.Spot,614281936,mock,BTC-USDT
2199944884,0,0,1783610796724028488,101,depth,"[65000.5,65000.6,65000.700000000004,65000.8,65000.9,65001.0,65001.1,65001.200000000004,65001.3,65001.4]",65000.5,"[0.001,0.002,0.003,0.004,0.005,0.006,0.007,0.008,0.009000000000000001,0.01]",0.001,"[65000.3,65000.200000000004,65000.1,65000.0,64999.9,64999.8,64999.700000000004,64999.6,64999.5,64999.4]",65000.3,"[0.001,0.002,0.003,0.004,0.005,0.006,0.007,0.008,0.009000000000000001,0.01]",0.001,2640,mock,InstrumentType.Spot,614282496,mock,BTC-USDT
2199944884,0,0,1783610796724328040,101,depth,"[65000.51,65000.61,65000.71000000001,65000.810000000005,65000.91,65001.01,65001.11,65001.21000000001,65001.310000000005,65001.41]",65000.51,"[0.001,0.002,0.003,0.004,0.005,0.006,0.007,0.008,0.009000000000000001,0.01]",0.001,"[65000.310000000005,65000.21000000001,65000.11,65000.01,64999.91,64999.810000000005,64999.71000000001,64999.61,64999.51,64999.41]",65000.310000000005,"[0.001,0.002,0.003,0.004,0.005,0.006,0.007,0.008,0.009000000000000001,0.01]",0.001,2641,mock,InstrumentType.Spot,614283056,mock,BTC-USDT
2199944884,0,0,1783610796724627971,101,depth,"[65000.52,65000.619999999995,65000.72,65000.82,65000.92,65001.02,65001.119999999995,65001.22,65001.32,65001.42]",65000.52,"[0.001,0.002,0.003,0.004,0.005,0.006,0.007,0.008,0.009000000000000001,0.01]",0.001,"[65000.32,65000.22,65000.119999999995,65000.02,64999.92,64999.82,64999.72,64999.619999999995,64999.52,64999.42]",65000.32,"[0.001,0.002,0.003,0.004,0.005,0.006,0.007,0.008,0.009000000000000001,0.01]",0.001,2642,mock,InstrumentType.Spot,614283616,mock,BTC-USDT
2199944884,0,0,1783610796724927868,101,depth,"[65000.53,65000.63,65000.73,65000.83,65000.93,65001.03,65001.13,65001.23,65001.33,65001.43]",65000.53,"[0.001,0.002,0.003,0.004,0.005,0.006,0.007,0.008,0.009000000000000001,0.01]",0.001,"[65000.33,65000.23,65000.13,65000.03,64999.93,64999.83,64999.73,64999.63,64999.53,64999.43]",65000.33,"[0.001,0.002,0.003,0.004,0.005,0.006,0.007,0.008,0.009000000000000001,0.01]",0.001,2643,mock,InstrumentType.Spot,614284176,mock,BTC-USDT
2199944884,0,0,1783610796725227876,101,depth,"[65000.54,65000.64,65000.740000000005,65000.840000000004,65000.94,65001.04,65001.14,65001.240000000005,65001.340000000004,65001.44]",65000.54,"[0.001,0.002,0.003,0.004,0.005,0.006,0.007,0.008,0.009000000000000001,0.01]",0.001,"[65000.340000000004,65000.240000000005,65000.14,65000.04,64999.94,64999.840000000004,64999.740000000005,64999.64,64999.54,64999.44]",65000.340000000004,"[0.001,0.002,0.003,0.004,0.005,0.006,0.007,0.008,0.009000000000000001,0.01]",0.001,2644,mock,InstrumentType.Spot,614284736,mock,BTC-USDT
2199944884,0,0,1783610796725534394,101,depth,"[65000.549999999996,65000.649999999994,65000.75,65000.85,65000.95,65001.049999999996,65001.149999999994,65001.25,65001.35,65001.45]",65000.549999999996,"[0.001,0.002,0.003,0.004,0.005,0.006,0.007,0.008,0.009000000000000001,0.01]",0.001,"[65000.35,65000.25,65000.149999999994,65000.049999999996,64999.95,64999.85,64999.75,64999.649999999994,64999.549999999996,64999.45]",65000.35,"[0.001,0.002,0.003,0.004,0.005,0.006,0.007,0.008,0.009000000000000001,0.01]",0.001,2645,mock,InstrumentType.Spot,614285296,mock,BTC-USDT
2199944884,0,0,1783610796725828011,101,depth,"[65000.56,65000.659999999996,65000.76,65000.86,65000.96,65001.06,65001.159999999996,65001.26,65001.36,65001.46]",65000.56,"[0.001,0.002,0.003,0.004,0.005,0.006,0.007,0.008,0.009000000000000001,0.01]",0.001,"[65000.36,65000.26,65000.159999999996,65000.06,64999.96,64999.86,64999.76,64999.659999999996,64999.56,64999.46]",65000.36,"[0.001,0.002,0.003,0.004,0.005,0.006,0.007,0.008,0.009000000000000001,0.01]",0.001,2646,mock,InstrumentType.Spot,614285856,mock,BTC-USDT
2199944884,0,0,1783610796726127899,101,depth,"[65000.57,65000.67,65000.770000000004,65000.87,65000.97,65001.07,65001.17,65001.270000000004,65001.37,65001.47]",65000.57,"[0.001,0.002,0.003,0.004,0.005,0.006,0.007,0.008,0.009000000000000001,0.01]",0.001,"[65000.37,65000.270000000004,65000.17,65000.07,64999.97,64999.87,64999.770000000004,64999.67,64999.57,64999.47]",65000.37,"[0.001,0.002,0.003,0.004,0.005,0.006,0.007,0.008,0.009000000000000001,0.01]",0.001,2647,mock,InstrumentType.Spot,614286416,mock,BTC-USDT
2199944884,0,0,1783610796726427843,101,depth,"[65000.58,65000.68,65000.780000000006,65000.880000000005,65000.98,65001.08,65001.18,65001.280000000006,65001.380000000005,65001.48]",65000.58,"[0.001,0.002,0.003,0.004,0.005,0.006,0.007,0.008,0.009000000000000001,0.01]",0.001,"[65000.380000000005,65000.280000000006,65000.18,65000.08,64999.98,64999.880000000005,64999.780000000006,64999.68,64999.58,64999.48]",65000.380000000005,"[0.001,0.002,0.003,0.004,0.005,0.006,0.007,0.008,0.009000000000000001,0.01]",0.001,2648,mock,InstrumentType.Spot,614286976,mock,BTC-USDT
2199944884,0,0,1783610796726727752,101,depth,"[65000.59,65000.689999999995,65000.79,65000.89,65000.99,65001.09,65001.189999999995,65001.29,65001.39,65001.49]",65000.59,"[0.001,0.002,0.003,0.004,0.005,0.006,0.007,0.008,0.009000000000000001,0.01]",0.001,"[65000.39,65000.29,65000.189999999995,65000.09,64999.99,64999.89,64999.79,64999.689999999995,64999.59,64999.49]",65000.39,"[0.001,0.002,0.003,0.004,0.005,0.006,0.007,0.008,0.009000000000000001,0.01]",0.001,2649,mock,InstrumentType.Spot,614287536,mock,BTC-USDT
2199944884,0,0,1783610796727027951,101,depth,"[65000.6,65000.7,65000.8,65000.9,65001.0,65001.1,65001.2,65001.3,65001.4,65001.5]",65000.6,"[0.001,0.002,0.003,0.004,0.005,0.006,0.007,0.008,0.009000000000000001,0.01]",0.001,"[65000.4,65000.3,65000.2,65000.1,65000.0,64999.9,64999.8,64999.7,64999.6,64999.5]",65000.4,"[0.001,0.002,0.003,0.004,0.005,0.006,0.007,0.008,0.009000000000000001,0.01]",0.001,2650,mock,InstrumentType.Spot,614288096,mock,BTC-USDT
2199944884,0,0,1783610796727329187,101,depth,"[65000.61,65000.71,65000.810000000005,65000.91,65001.01,65001.11,65001.21,65001.310000000005,65001.41,65001.51]",65000.61,"[0.001,0.002,0.003,0.004,0.005,0.006,0.007,0.008,0.009000000000000001,0.01]",0.001,"[65000.41,65000.310000000005,65000.21,65000.11,65000.01,64999.91,64999.810000000005,64999.71,64999.61,64999.51]",65000.41,"[0.001,0.002,0.003,0.004,0.005,0.006,0.007,0.008,0.009000000000000001,0.01]",0.001,2651,mock,InstrumentType.Spot,614288656,mock,BTC-USDT
2199944884,0,0,1783610796727628251,101,depth,"[65000.619999999995,65000.719999999994,65000.82,65000.92,65001.02,65001.119999999995,65001.219999999994,65001.32,65001.42,65001.52]",65000.619999999995,"[0.001,0.002,0.003,0.004,0.005,0.006,0.007,0.008,0.009000000000000001,0.01]",0.001,"[65000.42,65000.32,65000.219999999994,65000.119999999995,65000.02,64999.92,64999.82,64999.719999999994,64999.619999999995,64999.52]",65000.42,"[0.001,0.002,0.003,0.004,0.005,0.006,0.007,0.008,0.009000000000000001,0.01]",0.001,2652,mock,InstrumentType.Spot,614289216,mock,BTC-USDT
2199944884,0,0,1783610796727927896,101,depth,"[65000.63,65000.729999999996,65000.83,65000.93,65001.03,65001.13,65001.229999999996,65001.33,65001.43,65001.53]",65000.63,"[0.001,0.002,0.003,0.004,0.005,0.006,0.007,0.008,0.009000000000000001,0.01]",0.001,"[65000.43,65000.33,65000.229999999996,65000.13,65000.03,64999.93,64999.83,64999.729999999996,64999.63,64999.53]",65000.43,"[0.001,0.002,0.003,0.004,0.005,0.006,0.007,0.008,0.009000000000000001,0.01]",0.001,2653,mock,InstrumentType.Spot,614289776,mock,BTC-USDT
2199944884,0,0,1783610796728227940,101,depth,"[65000.64,65000.74,65000.840000000004,65000.94,65001.04,65001.14,65001.24,65001.340000000004,65001.44,65001.54]",65000.64,"[0.001,0.002,0.003,0.004,0.005,0.006,0.007,0.008,0.009000000000000001,0.01]",0.001,"[65000.44,65000.340000000004,65000.24,65000.14,65000.04,64999.94,64999.840000000004,64999.74,64999.64,64999.54]",65000.44,"[0.001,0.002,0.003,0.004,0.005,0.006,0.007,0.008,0.009000000000000001,0.01]",0.001,2654,mock,InstrumentType.Spot,614290336,mock,BTC-USDT
2199944884,0,0,1783610796728537307,101,depth,"[65000.65,65000.75,65000.850000000006,65000.950000000004,65001.05,65001.15,65001.25,65001.350000000006,65001.450000000004,65001.55]",65000.65,"[0.001,0.002,0.003,0.004,0.005,0.006,0.007,0.008,0.009000000000000001,0.01]",0.001,"[65000.450000000004,65000.350000000006,65000.25,65000.15,65000.05,64999.950000000004,64999.850000000006,64999.75,64999.65,64999.55]",65000.450000000004,"[0.001,0.002,0.003,0.004,0.005,0.006,0.007,0.008,0.009000000000000001,0.01]",0.001,2655,mock,InstrumentType.Spot,614290896,mock,BTC-USDT
2199944884,0,0,1783610796728827883,101,depth,"[65000.659999999996,65000.759999999995,65000.86,65000.96,65001.06,65001.159999999996,65001.259999999995,65001.36,65001.46,65001.56]",65000.659999999996,"[0.001,0.002,0.003,0.004,0.005,0.006,0.007,0.008,0.009000000000000001,0.01]",0.001,"[65000.46,65000.36,65000.259999999995,65000.159999999996,65000.06,64999.96,64999.86,64999.759999999995,64999.659999999996,64999.56]",65000.46,"[0.001,0.002,0.003,0.004,0.005,0.006,0.007,0.008,0.009000000000000001,0.01]",0.001,2656,mock,InstrumentType.Spot,614291456,mock,BTC-USDT
2199944884,0,0,1783610796729128122,101,depth,"[65000.67,65000.77,65000.87,65000.97,65001.07,65001.17,65001.27,65001.37,65001.47,65001.57]",65000.67,"[0.001,0.002,0.003,0.004,0.005,0.006,0.007,0.008,0.009000000000000001,0.01]",0.001,"[65000.47,65000.37,65000.27,65000.17,65000.07,64999.97,64999.87,64999.77,64999.67,64999.57]",65000.47,"[0.001,0.002,0.003,0.004,0.005,0.006,0.007,0.008,0.009000000000000001,0.01]",0.001,2657,mock,InstrumentType.Spot,614292016,mock,BTC-USDT
2199944884,0,0,1783610796729427872,101,depth,"[65000.68,65000.78,65000.880000000005,65000.98,65001.08,65001.18,65001.28,65001.380000000005,65001.48,65001.58]",65000.68,"[0.001,0.002,0.003,0.004,0.005,0.006,0.007,0.008,0.009000000000000001,0.01]",0.001,"[65000.48,65000.380000000005,65000.28,65000.18,65000.08,64999.98,64999.880000000005,64999.78,64999.68,64999.58]",65000.48,"[0.001,0.002,0.003,0.004,0.005,0.006,0.007,0.008,0.009000000000000001,0.01]",0.001,2658,mock,InstrumentType.Spot,614292576,mock,BTC-USDT
2199944884,0,0,1783610796729727784,101,depth,"[65000.689999999995,65000.78999999999,65000.89,65000.99,65001.09,65001.189999999995,65001.28999999999,65001.39,65001.49,65001.59]",65000.689999999995,"[0.001,0.002,0.003,0.004,0.005,0.006,0.007,0.008,0.009000000000000001,0.01]",0.001,"[65000.49,65000.39,65000.28999999999,65000.189999999995,65000.09,64999.99,64999.89,64999.78999999999,64999.689999999995,64999.59]",65000.49,"[0.001,0.002,0.003,0.004,0.005,0.006,0.007,0.008,0.009000000000000001,0.01]",0.001,2659,mock,InstrumentType.Spot,614293136,mock,BTC-USDT
2199944884,0,0,1783610796730028365,101,depth,"[65000.7,65000.799999999996,65000.9,65001.0,65001.1,65001.2,65001.299999999996,65001.4,65001.5,65001.6]",65000.7,"[0.001,0.002,0.003,0.004,0.005,0.006,0.007,0.008,0.009000000000000001,0.01]",0.001,"[65000.5,65000.4,65000.299999999996,65000.2,65000.1,65000.0,64999.9,64999.799999999996,64999.7,64999.6]",65000.5,"[0.001,0.002,0.003,0.004,0.005,0.006,0.007,0.008,0.009000000000000001,0.01]",0.001,2660,mock,InstrumentType.Spot,614293696,mock,BTC-USDT
2199944884,0,0,1783610796730329849,101,depth,"[65000.71,65000.81,65000.91,65001.01,65001.11,65001.21,65001.31,65001.41,65001.51,65001.61]",65000.71,"[0.001,0.002,0.003,0.004,0.005,0.006,0.007,0.008,0.009000000000000001,0.01]",0.001,"[65000.51,65000.41,65000.31,65000.21,65000.11,65000.01,64999.91,64999.81,64999.71,64999.61]",65000.51,"[0.001,0.002,0.003,0.004,0.005,0.006,0.007,0.008,0.009000000000000001,0.01]",0.001,2661,mock,InstrumentType.Spot,614294256,mock,BTC-USDT
2199944884,0,0,1783610796730628379,101,depth,"[65000.72,65000.82,65000.920000000006,65001.020000000004,65001.12,65001.22,65001.32,65001.420000000006,65001.520000000004,65001.62]",65000.72,"[0.001,0.002,0.003,0.004,0.005,0.006,0.007,0.008,0.009000000000000001,0.01]",0.001,"[65000.520000000004,65000.420000000006,65000.32,65000.22,65000.12,65000.020000000004,64999.920000000006,64999.82,64999.72,64999.62]",65000.520000000004,"[0.001,0.002,0.003,0.004,0.005,0.006,0.007,0.008,0.009000000000000001,0.01]",0.001,2662,mock,InstrumentType.Spot,614294816,mock,BTC-USDT
2199944884,0,0,1783610796730927945,101,depth,"[65000.729999999996,65000.829999999994,65000.93,65001.03,65001.13,65001.229999999996,65001.329999999994,65001.43,65001.53,65001.63]",65000.729999999996,"[0.001,0.002,0.003,0.004,0.005,0.006,0.007,0.008,0.009000000000000001,0.01]",0.001,"[65000.53,65000.43,65000.329999999994,65000.229999999996,65000.13,65000.03,64999.93,64999.829999999994,64999.729999999996,64999.63]",65000.53,"[0.001,0.002,0.003,0.004,0.005,0.006,0.007,0.008,0.009000000000000001,0.01]",0.001,2663,mock,InstrumentType.Spot,614295376,mock,BTC-USDT
2199944884,0,0,1783610796731239918,101,depth,"[65000.74,65000.84,65000.94,65001.04,65001.14,65001.24,65001.34,65001.44,65001.54,65001.64]",65000.74,"[0.001,0.002,0.003,0.004,0.005,0.006,0.007,0.008,0.009000000000000001,0.01]",0.001,"[65000.54,65000.44,65000.34,65000.24,65000.14,65000.04,64999.94,64999.84,64999.74,64999.64]",65000.54,"[0.001,0.002,0.003,0.004,0.005,0.006,0.007,0.008,0.009000000000000001,0.01]",0.001,2664,mock,InstrumentType.Spot,614295936,mock,BTC-USDT
2199944884,0,0,1783610796731528365,101,depth,"[65000.75,65000.85,65000.950000000004,65001.05,65001.15,65001.25,65001.35,65001.450000000004,65001.55,65001.65]",65000.75,"[0.001,0.002,0.003,0.004,0.005,0.006,0.007,0.008,0.009000000000000001,0.01]",0.001,"[65000.55,65000.450000000004,65000.35,65000.25,65000.15,65000.05,64999.950000000004,64999.85,64999.75,64999.65]",65000.55,"[0.001,0.002,0.003,0.004,0.005,0.006,0.007,0.008,0.009000000000000001,0.01]",0.001,2665,mock,InstrumentType.Spot,614296496,mock,BTC-USDT
2199944884,0,0,1783610796731827888,101,depth,"[65000.76,65000.86,65000.96000000001,65001.060000000005,65001.16,65001.26,65001.36,65001.46000000001,65001.560000000005,65001.66]",65000.76,"[0.001,0.002,0.003,0.004,0.005,0.006,0.007,0.008,0.009000000000000001,0.01]",0.001,"[65000.560000000005,65000.46000000001,65000.36,65000.26,65000.16,65000.060000000005,64999.96000000001,64999.86,64999.76,64999.66]",65000.560000000005,"[0.001,0.002,0.003,0.004,0.005,0.006,0.007,0.008,0.009000000000000001,0.01]",0.001,2666,mock,InstrumentType.Spot,614297056,mock,BTC-USDT
2199944884,0,0,1783610796732128082,101,depth,"[65000.77,65000.869999999995,65000.97,65001.07,65001.17,65001.27,65001.369999999995,65001.47,65001.57,65001.67]",65000.77,"[0.001,0.002,0.003,0.004,0.005,0.006,0.007,0.008,0.009000000000000001,0.01]",0.001,"[65000.57,65000.47,65000.369999999995,65000.27,65000.17,65000.07,64999.97,64999.869999999995,64999.77,64999.67]",65000.57,"[0.001,0.002,0.003,0.004,0.005,0.006,0.007,0.008,0.009000000000000001,0.01]",0.001,2667,mock,InstrumentType.Spot,614297616,mock,BTC-USDT
2199944884,0,0,1783610796732427858,101,depth,"[65000.78,65000.88,65000.98,65001.08,65001.18,65001.28,65001.38,65001.48,65001.58,65001.68]",65000.78,"[0.001,0.002,0.003,0.004,0.005,0.006,0.007,0.008,0.009000000000000001,0.01]",0.001,"[65000.58,65000.48,65000.38,65000.28,65000.18,65000.08,64999.98,64999.88,64999.78,64999.68]",65000.58,"[0.001,0.002,0.003,0.004,0.005,0.006,0.007,0.008,0.009000000000000001,0.01]",0.001,2668,mock,InstrumentType.Spot,614298176,mock,BTC-USDT
2199944884,0,0,1783610796732728450,101,depth,"[65000.79,65000.89,65000.990000000005,65001.090000000004,65001.19,65001.29,65001.39,65001.490000000005,65001.590000000004,65001.69]",65000.79,"[0.001,0.002,0.003,0.004,0.005,0.006,0.007,0.008,0.009000000000000001,0.01]",0.001,"[65000.590000000004,65000.490000000005,65000.39,65000.29,65000.19,65000.090000000004,64999.990000000005,64999.89,64999.79,64999.69]",65000.590000000004,"[0.001,0.002,0.003,0.004,0.005,0.006,0.007,0.008,0.009000000000000001,0.01]",0.001,2669,mock,InstrumentType.Spot,614298736,mock,BTC-USDT
2199944884,0,0,1783610796733036057,101,depth,"[65000.799999999996,65000.899999999994,65001.0,65001.1,65001.2,65001.299999999996,65001.399999999994,65001.5,65001.6,65001.7]",65000.799999999996,"[0.001,0.002,0.003,0.004,0.005,0.006,0.007,0.008,0.009000000000000001,0.01]",0.001,"[65000.6,65000.5,65000.399999999994,65000.299999999996,65000.2,65000.1,65000.0,64999.899999999994,64999.799999999996,64999.7]",65000.6,"[0.001,0.002,0.003,0.004,0.005,0.006,0.007,0.008,0.009000000000000001,0.01]",0.001,2670,mock,InstrumentType.Spot,614299296,mock,BTC-USDT
2199944884,0,0,1783610796733328082,101,depth,"[65000.81,65000.909999999996,65001.01,65001.11,65001.21,65001.31,65001.409999999996,65001.51,65001.61,65001.71]",65000.81,"[0.001,0.002,0.003,0.004,0.005,0.006,0.007,0.008,0.009000000000000001,0.01]",0.001,"[65000.61,65000.51,65000.409999999996,65000.31,65000.21,65000.11,65000.01,64999.909999999996,64999.81,64999.71]",65000.61,"[0.001,0.002,0.003,0.004,0.005,0.006,0.007,0.008,0.009000000000000001,0.01]",0.001,2671,mock,InstrumentType.Spot,614299856,mock,BTC-USDT
2199944884,0,0,1783610796733627971,101,depth,"[65000.82,65000.92,65001.020000000004,65001.12,65001.22,65001.32,65001.42,65001.520000000004,65001.62,65001.72]",65000.82,"[0.001,0.002,0.003,0.004,0.005,0.006,0.007,0.008,0.009000000000000001,0.01]",0.001,"[65000.62,65000.520000000004,65000.42,65000.32,65000.22,65000.12,65000.020000000004,64999.92,64999.82,64999.72]",65000.62,"[0.001,0.002,0.003,0.004,0.005,0.006,0.007,0.008,0.009000000000000001,0.01]",0.001,2672,mock,InstrumentType.Spot,614300416,mock,BTC-USDT
2199944884,0,0,1783610796733928030,101,depth,"[65000.83,65000.93,65001.030000000006,65001.130000000005,65001.23,65001.33,65001.43,65001.530000000006,65001.630000000005,65001.73]",65000.83,"[0.001,0.002,0.003,0.004,0.005,0.006,0.007,0.008,0.009000000000000001,0.01]",0.001,"[65000.630000000005,65000.530000000006,65000.43,65000.33,65000.23,65000.130000000005,65000.030000000006,64999.93,64999.83,64999.73]",65000.630000000005,"[0.001,0.002,0.003,0.004,0.005,0.006,0.007,0.008,0.009000000000000001,0.01]",0.001,2673,mock,InstrumentType.Spot,614300976,mock,BTC-USDT
2199944884,0,0,1783610796734236218,101,depth,"[65000.84,65000.939999999995,65001.04,65001.14,65001.24,65001.34,65001.439999999995,65001.54,65001.64,65001.74]",65000.84,"[0.001,0.002,0.003,0.004,0.005,0.006,0.007,0.008,0.009000000000000001,0.01]",0.001,"[65000.64,65000.54,65000.439999999995,65000.34,65000.24,65000.14,65000.04,64999.939999999995,64999.84,64999.74]",65000.64,"[0.001,0.002,0.003,0.004,0.005,0.006,0.007,0.008,0.009000000000000001,0.01]",0.001,2674,mock,InstrumentType.Spot,614301536,mock,BTC-USDT
2199944884,0,0,1783610796734528153,101,depth,"[65000.85,65000.95,65001.05,65001.15,65001.25,65001.35,65001.45,65001.55,65001.65,65001.75]",65000.85,"[0.001,0.002,0.003,0.004,0.005,0.006,0.007,0.008,0.009000000000000001,0.01]",0.001,"[65000.65,65000.55,65000.45,65000.35,65000.25,65000.15,65000.05,64999.95,64999.85,64999.75]",65000.65,"[0.001,0.002,0.003,0.004,0.005,0.006,0.007,0.008,0.009000000000000001,0.01]",0.001,2675,mock,InstrumentType.Spot,614302096,mock,BTC-USDT
2199944884,0,0,1783610796734827995,101,depth,"[65000.86,65000.96,65001.060000000005,65001.16,65001.26,65001.36,65001.46,65001.560000000005,65001.66,65001.76]",65000.86,"[0.001,0.002,0.003,0.004,0.005,0.006,0.007,0.008,0.009000000000000001,0.01]",0.001,"[65000.66,65000.560000000005,65000.46,65000.36,65000.26,65000.16,65000.060000000005,64999.96,64999.86,64999.76]",65000.66,"[0.001,0.002,0.003,0.004,0.005,0.006,0.007,0.008,0.009000000000000001,0.01]",0.001,2676,mock,InstrumentType.Spot,614302656,mock,BTC-USDT
2199944884,0,0,1783610796735128170,101,depth,"[65000.869999999995,65000.969999999994,65001.07,65001.17,65001.27,65001.369999999995,65001.469999999994,65001.57,65001.67,65001.77]",65000.869999999995,"[0.001,0.002,0.003,0.004,0.005,0.006,0.007,0.008,0.009000000000000001,0.01]",0.001,"[65000.67,65000.57,65000.469999999994,65000.369999999995,65000.27,65000.17,65000.07,64999.969999999994,64999.869999999995,64999.77]",65000.67,"[0.001,0.002,0.003,0.004,0.005,0.006,0.007,0.008,0.009000000000000001,0.01]",0.001,2677,mock,InstrumentType.Spot,614303216,mock,BTC-USDT
2199944884,0,0,1783610796735427927,101,depth,"[65000.88,65000.979999999996,65001.08,65001.18,65001.28,65001.38,65001.479999999996,65001.58,65001.68,65001.78]",65000.88,"[0.001,0.002,0.003,0.004,0.005,0.006,0.007,0.008,0.009000000000000001,0.01]",0.001,"[65000.68,65000.58,65000.479999999996,65000.38,65000.28,65000.18,65000.08,64999.979999999996,64999.88,64999.78]",65000.68,"[0.001,0.002,0.003,0.004,0.005,0.006,0.007,0.008,0.009000000000000001,0.01]",0.001,2678,mock,InstrumentType.Spot,614303776,mock,BTC-USDT
2199944884,0,0,1783610796735728249,101,depth,"[65000.89,65000.99,65001.090000000004,65001.19,65001.29,65001.39,65001.49,65001.590000000004,65001.69,65001.79]",65000.89,"[0.001,0.002,0.003,0.004,0.005,0.006,0.007,0.008,0.009000000000000001,0.01]",0.001,"[65000.69,65000.590000000004,65000.49,65000.39,65000.29,65000.19,65000.090000000004,64999.99,64999.89,64999.79]",65000.69,"[0.001,0.002,0.003,0.004,0.005,0.006,0.007,0.008,0.009000000000000001,0.01]",0.001,2679,mock,InstrumentType.Spot,614304336,mock,BTC-USDT
2199944884,0,0,1783610796736028170,101,depth,"[65000.9,65001.0,65001.100000000006,65001.200000000004,65001.3,65001.4,65001.5,65001.600000000006,65001.700000000004,65001.8]",65000.9,"[0.001,0.002,0.003,0.004,0.005,0.006,0.007,0.008,0.009000000000000001,0.01]",0.001,"[65000.700000000004,65000.600000000006,65000.5,65000.4,65000.3,65000.200000000004,65000.100000000006,65000.0,64999.9,64999.8]",65000.700000000004,"[0.001,0.002,0.003,0.004,0.005,0.006,0.007,0.008,0.009000000000000001,0.01]",0.001,2680,mock,InstrumentType.Spot,614304896,mock,BTC-USDT
2199944884,0,0,1783610796736328237,101,depth,"[65000.909999999996,65001.009999999995,65001.11,65001.21,65001.31,65001.409999999996,65001.509999999995,65001.61,65001.71,65001.81]",65000.909999999996,"[0.001,0.002,0.003,0.004,0.005,0.006,0.007,0.008,0.009000000000000001,0.01]",0.001,"[65000.71,65000.61,65000.509999999995,65000.409999999996,65000.31,65000.21,65000.11,65000.009999999995,64999.909999999996,64999.81]",65000.71,"[0.001,0.002,0.003,0.004,0.005,0.006,0.007,0.008,0.009000000000000001,0.01]",0.001,2681,mock,InstrumentType.Spot,614305456,mock,BTC-USDT
2199944884,0,0,1783610796736627932,101,depth,"[65000.92,65001.02,65001.12,65001.22,65001.32,65001.42,65001.52,65001.62,65001.72,65001.82]",65000.92,"[0.001,0.002,0.003,0.004,0.005,0.006,0.007,0.008,0.009000000000000001,0.01]",0.001,"[65000.72,65000.62,65000.52,65000.42,65000.32,65000.22,65000.12,65000.02,64999.92,64999.82]",65000.72,"[0.001,0.002,0.003,0.004,0.005,0.006,0.007,0.008,0.009000000000000001,0.01]",0.001,2682,mock,InstrumentType.Spot,614306016,mock,BTC-USDT
2199944884,0,0,1783610796736934608,101,depth,"[65000.93,65001.03,65001.130000000005,65001.23,65001.33,65001.43,65001.53,65001.630000000005,65001.73,65001.83]",65000.93,"[0.001,0.002,0.003,0.004,0.005,0.006,0.007,0.008,0.009000000000000001,0.01]",0.001,"[65000.73,65000.630000000005,65000.53,65000.43,65000.33,65000.23,65000.130000000005,65000.03,64999.93,64999.83]",65000.73,"[0.001,0.002,0.003,0.004,0.005,0.006,0.007,0.008,0.009000000000000001,0.01]",0.001,2683,mock,InstrumentType.Spot,614306576,mock,BTC-USDT
2199944884,0,0,1783610796737227965,101,depth,"[65000.939999999995,65001.03999999999,65001.14,65001.24,65001.34,65001.439999999995,65001.53999999999,65001.64,65001.74,65001.84]",65000.939999999995,"[0.001,0.002,0.003,0.004,0.005,0.006,0.007,0.008,0.009000000000000001,0.01]",0.001,"[65000.74,65000.64,65000.53999999999,65000.439999999995,65000.34,65000.24,65000.14,65000.03999999999,64999.939999999995,64999.84]",65000.74,"[0.001,0.002,0.003,0.004,0.005,0.006,0.007,0.008,0.009000000000000001,0.01]",0.001,2684,mock,InstrumentType.Spot,614307136,mock,BTC-USDT
2199944884,0,0,1783610796737534336,101,depth,"[65000.95,65001.049999999996,65001.15,65001.25,65001.35,65001.45,65001.549999999996,65001.65,65001.75,65001.85]",65000.95,"[0.001,0.002,0.003,0.004,0.005,0.006,0.007,0.008,0.009000000000000001,0.01]",0.001,"[65000.75,65000.65,65000.549999999996,65000.45,65000.35,65000.25,65000.15,65000.049999999996,64999.95,64999.85]",65000.75,"[0.001,0.002,0.003,0.004,0.005,0.006,0.007,0.008,0.009000000000000001,0.01]",0.001,2685,mock,InstrumentType.Spot,614307696,mock,BTC-USDT
2199944884,0,0,1783610796737832783,101,depth,"[65000.96,65001.06,65001.16,65001.26,65001.36,65001.46,65001.56,65001.66,65001.76,65001.86]",65000.96,"[0.001,0.002,0.003,0.004,0.005,0.006,0.007,0.008,0.009000000000000001,0.01]",0.001,"[65000.76,65000.66,65000.56,65000.46,65000.36,65000.26,65000.16,65000.06,64999.96,64999.86]",65000.76,"[0.001,0.002,0.003,0.004,0.005,0.006,0.007,0.008,0.009000000000000001,0.01]",0.001,2686,mock,InstrumentType.Spot,614308256,mock,BTC-USDT
2199944884,0,0,1783610796738129330,101,depth,"[65000.97,65001.07,65001.170000000006,65001.270000000004,65001.37,65001.47,65001.57,65001.670000000006,65001.770000000004,65001.87]",65000.97,"[0.001,0.002,0.003,0.004,0.005,0.006,0.007,0.008,0.009000000000000001,0.01]",0.001,"[65000.770000000004,65000.670000000006,65000.57,65000.47,65000.37,65000.270000000004,65000.170000000006,65000.07,64999.97,64999.87]",65000.770000000004,"[0.001,0.002,0.003,0.004,0.005,0.006,0.007,0.008,0.009000000000000001,0.01]",0.001,2687,mock,InstrumentType.Spot,614308816,mock,BTC-USDT
2199944884,0,0,1783610796738429409,101,depth,"[65000.979999999996,65001.079999999994,65001.18,65001.28,65001.38,65001.479999999996,65001.579999999994,65001.68,65001.78,65001.88]",65000.979999999996,"[0.001,0.002,0.003,0.004,0.005,0.006,0.007,0.008,0.009000000000000001,0.01]",0.001,"[65000.78,65000.68,65000.579999999994,65000.479999999996,65000.38,65000.28,65000.18,65000.079999999994,64999.979999999996,64999.88]",65000.78,"[0.001,0.002,0.003,0.004,0.005,0.006,0.007,0.008,0.009000000000000001,0.01]",0.001,2688,mock,InstrumentType.Spot,614309376,mock,BTC-USDT
2199944884,0,0,1783610796738728178,101,depth,"[65000.99,65001.09,65001.19,65001.29,65001.39,65001.49,65001.59,65001.69,65001.79,65001.89]",65000.99,"[0.001,0.002,0.003,0.004,0.005,0.006,0.007,0.008,0.009000000000000001,0.01]",0.001,"[65000.79,65000.69,65000.59,65000.49,65000.39,65000.29,65000.19,65000.09,64999.99,64999.89]",65000.79,"[0.001,0.002,0.003,0.004,0.005,0.006,0.007,0.008,0.009000000000000001,0.01]",0.001,2689,mock,InstrumentType.Spot,614309936,mock,BTC-USDT
2199944884,0,0,1783610796739028200,101,depth,"[65001.0,65001.1,65001.200000000004,65001.3,65001.4,65001.5,65001.6,65001.700000000004,65001.8,65001.9]",65001.0,"[0.001,0.002,0.003,0.004,0.005,0.006,0.007,0.008,0.009000000000000001,0.01]",0.001,"[65000.8,65000.700000000004,65000.6,65000.5,65000.4,65000.3,65000.200000000004,65000.1,65000.0,64999.9]",65000.8,"[0.001,0.002,0.003,0.004,0.005,0.006,0.007,0.008,0.009000000000000001,0.01]",0.001,2690,mock,InstrumentType.Spot,614310496,mock,BTC-USDT
2199944884,0,0,1783610796739328005,101,depth,"[65001.01,65001.11,65001.21000000001,65001.310000000005,65001.41,65001.51,65001.61,65001.71000000001,65001.810000000005,65001.91]",65001.01,"[0.001,0.002,0.003,0.004,0.005,0.006,0.007,0.008,0.009000000000000001,0.01]",0.001,"[65000.810000000005,65000.71000000001,65000.61,65000.51,65000.41,65000.310000000005,65000.21000000001,65000.11,65000.01,64999.91]",65000.810000000005,"[0.001,0.002,0.003,0.004,0.005,0.006,0.007,0.008,0.009000000000000001,0.01]",0.001,2691,mock,InstrumentType.Spot,614311056,mock,BTC-USDT
2199944884,0,0,1783610796739627918,101,depth,"[65001.02,65001.119999999995,65001.22,65001.32,65001.42,65001.52,65001.619999999995,65001.72,65001.82,65001.92]",65001.02,"[0.001,0.002,0.003,0.004,0.005,0.006,0.007,0.008,0.009000000000000001,0.01]",0.001,"[65000.82,65000.72,65000.619999999995,65000.52,65000.42,65000.32,65000.22,65000.119999999995,65000.02,64999.92]",65000.82,"[0.001,0.002,0.003,0.004,0.005,0.006,0.007,0.008,0.009000000000000001,0.01]",0.001,2692,mock,InstrumentType.Spot,614311616,mock,BTC-USDT
2199944884,0,0,1783610796739949713,101,depth,"[65001.03,65001.13,65001.23,65001.33,65001.43,65001.53,65001.63,65001.73,65001.83,65001.93]",65001.03,"[0.001,0.002,0.003,0.004,0.005,0.006,0.007,0.008,0.009000000000000001,0.01]",0.001,"[65000.83,65000.73,65000.63,65000.53,65000.43,65000.33,65000.23,65000.13,65000.03,64999.93]",65000.83,"[0.001,0.002,0.003,0.004,0.005,0.006,0.007,0.008,0.009000000000000001,0.01]",0.001,2693,mock,InstrumentType.Spot,614312176,mock,BTC-USDT
2199944884,0,0,1783610796740228151,101,depth,"[65001.04,65001.14,65001.240000000005,65001.340000000004,65001.44,65001.54,65001.64,65001.740000000005,65001.840000000004,65001.94]",65001.04,"[0.001,0.002,0.003,0.004,0.005,0.006,0.007,0.008,0.009000000000000001,0.01]",0.001,"[65000.840000000004,65000.740000000005,65000.64,65000.54,65000.44,65000.340000000004,65000.240000000005,65000.14,65000.04,64999.94]",65000.840000000004,"[0.001,0.002,0.003,0.004,0.005,0.006,0.007,0.008,0.009000000000000001,0.01]",0.001,2694,mock,InstrumentType.Spot,614312736,mock,BTC-USDT
2199944884,0,0,1783610796740527898,101,depth,"[65001.049999999996,65001.149999999994,65001.25,65001.35,65001.45,65001.549999999996,65001.649999999994,65001.75,65001.85,65001.95]",65001.049999999996,"[0.001,0.002,0.003,0.004,0.005,0.006,0.007,0.008,0.009000000000000001,0.01]",0.001,"[65000.85,65000.75,65000.649999999994,65000.549999999996,65000.45,65000.35,65000.25,65000.149999999994,65000.049999999996,64999.95]",65000.85,"[0.001,0.002,0.003,0.004,0.005,0.006,0.007,0.008,0.009000000000000001,0.01]",0.001,2695,mock,InstrumentType.Spot,614313296,mock,BTC-USDT
2199944884,0,0,1783610796740827946,101,depth,"[65001.06,65001.159999999996,65001.26,65001.36,65001.46,65001.56,65001.659999999996,65001.76,65001.86,65001.96]",65001.06,"[0.001,0.002,0.003,0.004,0.005,0.006,0.007,0.008,0.009000000000000001,0.01]",0.001,"[65000.86,65000.76,65000.659999999996,65000.56,65000.46,65000.36,65000.26,65000.159999999996,65000.06,64999.96]",65000.86,"[0.001,0.002,0.003,0.004,0.005,0.006,0.007,0.008,0.009000000000000001,0.01]",0.001,2696,mock,InstrumentType.Spot,614313856,mock,BTC-USDT
2199944884,0,0,1783610796741129465,101,depth,"[65001.07,65001.17,65001.270000000004,65001.37,65001.47,65001.57,65001.67,65001.770000000004,65001.87,65001.97]",65001.07,"[0.001,0.002,0.003,0.004,0.005,0.006,0.007,0.008,0.009000000000000001,0.01]",0.001,"[65000.87,65000.770000000004,65000.67,65000.57,65000.47,65000.37,65000.270000000004,65000.17,65000.07,64999.97]",65000.87,"[0.001,0.002,0.003,0.004,0.005,0.006,0.007,0.008,0.009000000000000001,0.01]",0.001,2697,mock,InstrumentType.Spot,614314416,mock,BTC-USDT
2199944884,0,0,1783610796741428258,101,depth,"[65001.08,65001.18,65001.280000000006,65001.380000000005,65001.48,65001.58,65001.68,65001.780000000006,65001.880000000005,65001.98]",65001.08,"[0.001,0.002,0.003,0.004,0.005,0.006,0.007,0.008,0.009000000000000001,0.01]",0.001,"[65000.880000000005,65000.780000000006,65000.68,65000.58,65000.48,65000.380000000005,65000.280000000006,65000.18,65000.08,64999.98]",65000.880000000005,"[0.001,0.002,0.003,0.004,0.005,0.006,0.007,0.008,0.009000000000000001,0.01]",0.001,2698,mock,InstrumentType.Spot,614314976,mock,BTC-USDT
2199944884,0,0,1783610796741728029,101,depth,"[65001.09,65001.189999999995,65001.29,65001.39,65001.49,65001.59,65001.689999999995,65001.79,65001.89,65001.99]",65001.09,"[0.001,0.002,0.003,0.004,0.005,0.006,0.007,0.008,0.009000000000000001,0.01]",0.001,"[65000.89,65000.79,65000.689999999995,65000.59,65000.49,65000.39,65000.29,65000.189999999995,65000.09,64999.99]",65000.89,"[0.001,0.002,0.003,0.004,0.005,0.006,0.007,0.008,0.009000000000000001,0.01]",0.001,2699,mock,InstrumentType.Spot,614315536,mock,BTC-USDT
2199944884,0,0,1783610796742029160,101,depth,"[65000.1,65000.2,65000.3,65000.4,65000.5,65000.6,65000.7,65000.8,65000.9,65001.0]",65000.1,"[0.001,0.002,0.003,0.004,0.005,0.006,0.007,0.008,0.009000000000000001,0.01]",0.001,"[64999.9,64999.8,64999.7,64999.6,64999.5,64999.4,64999.3,64999.2,64999.1,64999.0]",64999.9,"[0.001,0.002,0.003,0.004,0.005,0.006,0.007,0.008,0.009000000000000001,0.01]",0.001,2700,mock,InstrumentType.Spot,614316096,mock,BTC-USDT
2199944884,0,0,1783610796742328265,101,depth,"[65000.11,65000.21,65000.310000000005,65000.41,65000.51,65000.61,65000.71,65000.810000000005,65000.91,65001.01]",65000.11,"[0.001,0.002,0.003,0.004,0.005,0.006,0.007,0.008,0.009000000000000001,0.01]",0.001,"[64999.91,64999.810000000005,64999.71,64999.61,64999.51,64999.41,64999.310000000005,64999.21,64999.11,64999.01]",64999.91,"[0.001,0.002,0.003,0.004,0.005,0.006,0.007,0.008,0.009000000000000001,0.01]",0.001,2701,mock,InstrumentType.Spot,614316656,mock,BTC-USDT
2199944884,0,0,1783610796742641048,101,depth,"[65000.119999999995,65000.219999999994,65000.32,65000.42,65000.52,65000.619999999995,65000.719999999994,65000.82,65000.92,65001.02]",65000.119999999995,"[0.001,0.002,0.003,0.004,0.005,0.006,0.007,0.008,0.009000000000000001,0.01]",0.001,"[64999.92,64999.82,64999.719999999994,64999.619999999995,64999.52,64999.42,64999.32,64999.219999999994,64999.119999999995,64999.02]",64999.92,"[0.001,0.002,0.003,0.004,0.005,0.006,0.007,0.008,0.009000000000000001,0.01]",0.001,2702,mock,InstrumentType.Spot,614317216,mock,BTC-USDT
2199944884,0,0,1783610796742929995,101,depth,"[65000.13,65000.229999999996,65000.33,65000.43,65000.53,65000.63,65000.729999999996,65000.83,65000.93,65001.03]",65000.13,"[0.001,0.002,0.003,0.004,0.005,0.006,0.007,0.008,0.009000000000000001,0.01]",0.001,"[64999.93,64999.83,64999.729999999996,64999.63,64999.53,64999.43,64999.33,64999.229999999996,64999.13,64999.03]",64999.93,"[0.001,0.002,0.003,0.004,0.005,0.006,0.007,0.008,0.009000000000000001,0.01]",0.001,2703,mock,InstrumentType.Spot,614317776,mock,BTC-USDT
2199944884,0,0,1783610796743228791,101,depth,"[65000.14,65000.24,65000.340000000004,65000.44,65000.54,65000.64,65000.74,65000.840000000004,65000.94,65001.04]",65000.14,"[0.001,0.002,0.003,0.004,0.005,0.006,0.007,0.008,0.009000000000000001,0.01]",0.001,"[64999.94,64999.840000000004,64999.74,64999.64,64999.54,64999.44,64999.340000000004,64999.24,64999.14,64999.04]",64999.94,"[0.001,0.002,0.003,0.004,0.005,0.006,0.007,0.008,0.009000000000000001,0.01]",0.001,2704,mock,InstrumentType.Spot,614318336,mock,BTC-USDT
2199944884,0,0,1783610796743528628,101,depth,"[65000.15,65000.25,65000.350000000006,65000.450000000004,65000.55,65000.65,65000.75,65000.850000000006,65000.950000000004,65001.05]",65000.15,"[0.001,0.002,0.003,0.004,0.005,0.006,0.007,0.008,0.009000000000000001,0.01]",0.001,"[64999.950000000004,64999.850000000006,64999.75,64999.65,64999.55,64999.450000000004,64999.350000000006,64999.25,64999.15,64999.05]",64999.950000000004,"[0.001,0.002,0.003,0.004,0.005,0.006,0.007,0.008,0.009000000000000001,0.01]",0.001,2705,mock,InstrumentType.Spot,614318896,mock,BTC-USDT
2199944884,0,0,1783610796743828734,101,depth,"[65000.159999999996,65000.259999999995,65000.36,65000.46,65000.56,65000.659999999996,65000.759999999995,65000.86,65000.96,65001.06]",65000.159999999996,"[0.001,0.002,0.003,0.004,0.005,0.006,0.007,0.008,0.009000000000000001,0.01]",0.001,"[64999.96,64999.86,64999.759999999995,64999.659999999996,64999.56,64999.46,64999.36,64999.259999999995,64999.159999999996,64999.06]",64999.96,"[0.001,0.002,0.003,0.004,0.005,0.006,0.007,0.008,0.009000000000000001,0.01]",0.001,2706,mock,InstrumentType.Spot,614319456,mock,BTC-USDT
2199944884,0,0,1783610796744128770,101,depth,"[65000.17,65000.27,65000.37,65000.47,65000.57,65000.67,65000.77,65000.87,65000.97,65001.07]",65000.17,"[0.001,0.002,0.003,0.004,0.005,0.006,0.007,0.008,0.009000000000000001,0.01]",0.001,"[64999.97,64999.87,64999.77,64999.67,64999.57,64999.47,64999.37,64999.27,64999.17,64999.07]",64999.97,"[0.001,0.002,0.003,0.004,0.005,0.006,0.007,0.008,0.009000000000000001,0.01]",0.001,2707,mock,InstrumentType.Spot,614320016,mock,BTC-USDT
2199944884,0,0,1783610796744428801,101,depth,"[65000.18,65000.28,65000.380000000005,65000.48,65000.58,65000.68,65000.78,65000.880000000005,65000.98,65001.08]",65000.18,"[0.001,0.002,0.003,0.004,0.005,0.006,0.007,0.008,0.009000000000000001,0.01]",0.001,"[64999.98,64999.880000000005,64999.78,64999.68,64999.58,64999.48,64999.380000000005,64999.28,64999.18,64999.08]",64999.98,"[0.001,0.002,0.003,0.004,0.005,0.006,0.007,0.008,0.009000000000000001,0.01]",0.001,2708,mock,InstrumentType.Spot,614320576,mock,BTC-USDT
2199944884,0,0,1783610796744728743,101,depth,"[65000.189999999995,65000.28999999999,65000.39,65000.49,65000.59,65000.689999999995,65000.78999999999,65000.89,65000.99,65001.09]",65000.189999999995,"[0.001,0.002,0.003,0.004,0.005,0.006,0.007,0.008,0.009000000000000001,0.01]",0.001,"[64999.99,64999.89,64999.78999999999,64999.689999999995,64999.59,64999.49,64999.39,64999.28999999999,64999.189999999995,64999.09]",64999.99,"[0.001,0.002,0.003,0.004,0.005,0.006,0.007,0.008,0.009000000000000001,0.01]",0.001,2709,mock,InstrumentType.Spot,614321136,mock,BTC-USDT
2199944884,0,0,1783610796745028563,101,depth,"[65000.2,65000.299999999996,65000.4,65000.5,65000.6,65000.7,65000.799999999996,65000.9,65001.0,65001.1]",65000.2,"[0.001,0.002,0.003,0.004,0.005,0.006,0.007,0.008,0.009000000000000001,0.01]",0.001,"[65000.0,64999.9,64999.799999999996,64999.7,64999.6,64999.5,64999.4,64999.299999999996,64999.2,64999.1]",65000.0,"[0.001,0.002,0.003,0.004,0.005,0.006,0.007,0.008,0.009000000000000001,0.01]",0.001,2710,mock,InstrumentType.Spot,614321696,mock,BTC-USDT
2199944884,0,0,1783610796745330474,101,depth,"[65000.21,65000.31,65000.41,65000.51,65000.61,65000.71,65000.81,65000.91,65001.01,65001.11]",65000.21,"[0.001,0.002,0.003,0.004,0.005,0.006,0.007,0.008,0.009000000000000001,0.01]",0.001,"[65000.01,64999.91,64999.81,64999.71,64999.61,64999.51,64999.41,64999.31,64999.21,64999.11]",65000.01,"[0.001,0.002,0.003,0.004,0.005,0.006,0.007,0.008,0.009000000000000001,0.01]",0.001,2711,mock,InstrumentType.Spot,614322256,mock,BTC-USDT
2199944884,0,0,1783610796745644124,101,depth,"[65000.22,65000.32,65000.420000000006,65000.520000000004,65000.62,65000.72,65000.82,65000.920000000006,65001.020000000004,65001.12]",65000.22,"[0.001,0.002,0.003,0.004,0.005,0.006,0.007,0.008,0.009000000000000001,0.01]",0.001,"[65000.020000000004,64999.920000000006,64999.82,64999.72,64999.62,64999.520000000004,64999.420000000006,64999.32,64999.22,64999.12]",65000.020000000004,"[0.001,0.002,0.003,0.004,0.005,0.006,0.007,0.008,0.009000000000000001,0.01]",0.001,2712,mock,InstrumentType.Spot,614322816,mock,BTC-USDT
2199944884,0,0,1783610796745928753,101,depth,"[65000.229999999996,65000.329999999994,65000.43,65000.53,65000.63,65000.729999999996,65000.829999999994,65000.93,65001.03,65001.13]",65000.229999999996,"[0.001,0.002,0.003,0.004,0.005,0.006,0.007,0.008,0.009000000000000001,0.01]",0.001,"[65000.03,64999.93,64999.829999999994,64999.729999999996,64999.63,64999.53,64999.43,64999.329999999994,64999.229999999996,64999.13]",65000.03,"[0.001,0.002,0.003,0.004,0.005,0.006,0.007,0.008,0.009000000000000001,0.01]",0.001,2713,mock,InstrumentType.Spot,614323376,mock,BTC-USDT
2199944884,0,0,1783610796746228518,101,depth,"[65000.24,65000.34,65000.44,65000.54,65000.64,65000.74,65000.84,65000.94,65001.04,65001.14]",65000.24,"[0.001,0.002,0.003,0.004,0.005,0.006,0.007,0.008,0.009000000000000001,0.01]",0.001,"[65000.04,64999.94,64999.84,64999.74,64999.64,64999.54,64999.44,64999.34,64999.24,64999.14]",65000.04,"[0.001,0.002,0.003,0.004,0.005,0.006,0.007,0.008,0.009000000000000001,0.01]",0.001,2714,mock,InstrumentType.Spot,614323936,mock,BTC-USDT
2199944884,0,0,1783610796746528082,101,depth,"[65000.25,65000.35,65000.450000000004,65000.55,65000.65,65000.75,65000.85,65000.950000000004,65001.05,65001.15]",65000.25,"[0.001,0.002,0.003,0.004,0.005,0.006,0.007,0.008,0.009000000000000001,0.01]",0.001,"[65000.05,64999.950000000004,64999.85,64999.75,64999.65,64999.55,64999.450000000004,64999.35,64999.25,64999.15]",65000.05,"[0.001,0.002,0.003,0.004,0.005,0.006,0.007,0.008,0.009000000000000001,0.01]",0.001,2715,mock,InstrumentType.Spot,614324496,mock,BTC-USDT
2199944884,0,0,1783610796746828095,101,depth,"[65000.26,65000.36,65000.46000000001,65000.560000000005,65000.66,65000.76,65000.86,65000.96000000001,65001.060000000005,65001.16]",65000.26,"[0.001,0.002,0.003,0.004,0.005,0.006,0.007,0.008,0.009000000000000001,0.01]",0.001,"[65000.060000000005,64999.96000000001,64999.86,64999.76,64999.66,64999.560000000005,64999.46000000001,64999.36,64999.26,64999.16]",65000.060000000005,"[0.001,0.002,0.003,0.004,0.005,0.006,0.007,0.008,0.009000000000000001,0.01]",0.001,2716,mock,InstrumentType.Spot,614325056,mock,BTC-USDT
2199944884,0,0,1783610796747127993,101,depth,"[65000.27,65000.369999999995,65000.47,65000.57,65000.67,65000.77,65000.869999999995,65000.97,65001.07,65001.17]",65000.27,"[0.001,0.002,0.003,0.004,0.005,0.006,0.007,0.008,0.009000000000000001,0.01]",0.001,"[65000.07,64999.97,64999.869999999995,64999.77,64999.67,64999.57,64999.47,64999.369999999995,64999.27,64999.17]",65000.07,"[0.001,0.002,0.003,0.004,0.005,0.006,0.007,0.008,0.009000000000000001,0.01]",0.001,2717,mock,InstrumentType.Spot,614325616,mock,BTC-USDT
2199944884,0,0,1783610796747427899,101,depth,"[65000.28,65000.38,65000.48,65000.58,65000.68,65000.78,65000.88,65000.98,65001.08,65001.18]",65000.28,"[0.001,0.002,0.003,0.004,0.005,0.006,0.007,0.008,0.009000000000000001,0.01]",0.001,"[65000.08,64999.98,64999.88,64999.78,64999.68,64999.58,64999.48,64999.38,64999.28,64999.18]",65000.08,"[0.001,0.002,0.003,0.004,0.005,0.006,0.007,0.008,0.009000000000000001,0.01]",0.001,2718,mock,InstrumentType.Spot,614326176,mock,BTC-USDT
2199944884,0,0,1783610796747728137,101,depth,"[65000.29,65000.39,65000.490000000005,65000.590000000004,65000.69,65000.79,65000.89,65000.990000000005,65001.090000000004,65001.19]",65000.29,"[0.001,0.002,0.003,0.004,0.005,0.006,0.007,0.008,0.009000000000000001,0.01]",0.001,"[65000.090000000004,64999.990000000005,64999.89,64999.79,64999.69,64999.590000000004,64999.490000000005,64999.39,64999.29,64999.19]",65000.090000000004,"[0.001,0.002,0.003,0.004,0.005,0.006,0.007,0.008,0.009000000000000001,0.01]",0.001,2719,mock,InstrumentType.Spot,614326736,mock,BTC-USDT
2199944884,0,0,1783610796748027825,101,depth,"[65000.299999999996,65000.399999999994,65000.5,65000.6,65000.7,65000.799999999996,65000.899999999994,65001.0,65001.1,65001.2]",65000.299999999996,"[0.001,0.002,0.003,0.004,0.005,0.006,0.007,0.008,0.009000000000000001,0.01]",0.001,"[65000.1,65000.0,64999.899999999994,64999.799999999996,64999.7,64999.6,64999.5,64999.399999999994,64999.299999999996,64999.2]",65000.1,"[0.001,0.002,0.003,0.004,0.005,0.006,0.007,0.008,0.009000000000000001,0.01]",0.001,2720,mock,InstrumentType.Spot,614327296,mock,BTC-USDT
2199944884,0,0,1783610796748335453,101,depth,"[65000.31,65000.409999999996,65000.51,65000.61,65000.71,65000.81,65000.909999999996,65001.01,65001.11,65001.21]",65000.31,"[0.001,0.002,0.003,0.004,0.005,0.006,0.007,0.008,0.009000000000000001,0.01]",0.001,"[65000.11,65000.01,64999.909999999996,64999.81,64999.71,64999.61,64999.51,64999.409999999996,64999.31,64999.21]",65000.11,"[0.001,0.002,0.003,0.004,0.005,0.006,0.007,0.008,0.009000000000000001,0.01]",0.001,2721,mock,InstrumentType.Spot,614327856,mock,BTC-USDT
2199944884,0,0,1783610796748627927,101,depth,"[65000.32,65000.42,65000.520000000004,65000.62,65000.72,65000.82,65000.92,65001.020000000004,65001.12,65001.22]",65000.32,"[0.001,0.002,0.003,0.004,0.005,0.006,0.007,0.008,0.009000000000000001,0.01]",0.001,"[65000.12,65000.020000000004,64999.92,64999.82,64999.72,64999.62,64999.520000000004,64999.42,64999.32,64999.22]",65000.12,"[0.001,0.002,0.003,0.004,0.005,0.006,0.007,0.008,0.009000000000000001,0.01]",0.001,2722,mock,InstrumentType.Spot,614328416,mock,BTC-USDT
2199944884,0,0,1783610796748927721,101,depth,"[65000.33,65000.43,65000.530000000006,65000.630000000005,65000.73,65000.83,65000.93,65001.030000000006,65001.130000000005,65001.23]",65000.33,"[0.001,0.002,0.003,0.004,0.005,0.006,0.007,0.008,0.009000000000000001,0.01]",0.001,"[65000.130000000005,65000.030000000006,64999.93,64999.83,64999.73,64999.630000000005,64999.530000000006,64999.43,64999.33,64999.23]",65000.130000000005,"[0.001,0.002,0.003,0.004,0.005,0.006,0.007,0.008,0.009000000000000001,0.01]",0.001,2723,mock,InstrumentType.Spot,614328976,mock,BTC-USDT
2199944884,0,0,1783610796749227898,101,depth,"[65000.34,65000.439999999995,65000.54,65000.64,65000.74,65000.84,65000.939999999995,65001.04,65001.14,65001.24]",65000.34,"[0.001,0.002,0.003,0.004,0.005,0.006,0.007,0.008,0.009000000000000001,0.01]",0.001,"[65000.14,65000.04,64999.939999999995,64999.84,64999.74,64999.64,64999.54,64999.439999999995,64999.34,64999.24]",65000.14,"[0.001,0.002,0.003,0.004,0.005,0.006,0.007,0.008,0.009000000000000001,0.01]",0.001,2724,mock,InstrumentType.Spot,614329536,mock,BTC-USDT
2199944884,0,0,1783610796749527745,101,depth,"[65000.35,65000.45,65000.55,65000.65,65000.75,65000.85,65000.95,65001.05,65001.15,65001.25]",65000.35,"[0.001,0.002,0.003,0.004,0.005,0.006,0.007,0.008,0.009000000000000001,0.01]",0.001,"[65000.15,65000.05,64999.95,64999.85,64999.75,64999.65,64999.55,64999.45,64999.35,64999.25]",65000.15,"[0.001,0.002,0.003,0.004,0.005,0.006,0.007,0.008,0.009000000000000001,0.01]",0.001,2725,mock,InstrumentType.Spot,614330096,mock,BTC-USDT
2199944884,0,0,1783610796749827871,101,depth,"[65000.36,65000.46,65000.560000000005,65000.66,65000.76,65000.86,65000.96,65001.060000000005,65001.16,65001.26]",65000.36,"[0.001,0.002,0.003,0.004,0.005,0.006,0.007,0.008,0.009000000000000001,0.01]",0.001,"[65000.16,65000.060000000005,64999.96,64999.86,64999.76,64999.66,64999.560000000005,64999.46,64999.36,64999.26]",65000.16,"[0.001,0.002,0.003,0.004,0.005,0.006,0.007,0.008,0.009000000000000001,0.01]",0.001,2726,mock,InstrumentType.Spot,614330656,mock,BTC-USDT
2199944884,0,0,1783610796750127893,101,depth,"[65000.369999999995,65000.469999999994,65000.57,65000.67,65000.77,65000.869999999995,65000.969999999994,65001.07,65001.17,65001.27]",65000.369999999995,"[0.001,0.002,0.003,0.004,0.005,0.006,0.007,0.008,0.009000000000000001,0.01]",0.001,"[65000.17,65000.07,64999.969999999994,64999.869999999995,64999.77,64999.67,64999.57,64999.469999999994,64999.369999999995,64999.27]",65000.17,"[0.001,0.002,0.003,0.004,0.005,0.006,0.007,0.008,0.009000000000000001,0.01]",0.001,2727,mock,InstrumentType.Spot,614331216,mock,BTC-USDT
2199944884,0,0,1783610796750427719,101,depth,"[65000.38,65000.479999999996,65000.58,65000.68,65000.78,65000.88,65000.979999999996,65001.08,65001.18,65001.28]",65000.38,"[0.001,0.002,0.003,0.004,0.005,0.006,0.007,0.008,0.009000000000000001,0.01]",0.001,"[65000.18,65000.08,64999.979999999996,64999.88,64999.78,64999.68,64999.58,64999.479999999996,64999.38,64999.28]",65000.18,"[0.001,0.002,0.003,0.004,0.005,0.006,0.007,0.008,0.009000000000000001,0.01]",0.001,2728,mock,InstrumentType.Spot,614331776,mock,BTC-USDT
2199944884,0,0,1783610796750727730,101,depth,"[65000.39,65000.49,65000.590000000004,65000.69,65000.79,65000.89,65000.99,65001.090000000004,65001.19,65001.29]",65000.39,"[0.001,0.002,0.003,0.004,0.005,0.006,0.007,0.008,0.009000000000000001,0.01]",0.001,"[65000.19,65000.090000000004,64999.99,64999.89,64999.79,64999.69,64999.590000000004,64999.49,64999.39,64999.29]",65000.19,"[0.001,0.002,0.003,0.004,0.005,0.006,0.007,0.008,0.009000000000000001,0.01]",0.001,2729,mock,InstrumentType.Spot,614332336,mock,BTC-USDT
2199944884,0,0,1783610796751027754,101,depth,"[65000.4,65000.5,65000.600000000006,65000.700000000004,65000.8,65000.9,65001.0,65001.100000000006,65001.200000000004,65001.3]",65000.4,"[0.001,0.002,0.003,0.004,0.005,0.006,0.007,0.008,0.009000000000000001,0.01]",0.001,"[65000.200000000004,65000.100000000006,65000.0,64999.9,64999.8,64999.700000000004,64999.600000000006,64999.5,64999.4,64999.3]",65000.200000000004,"[0.001,0.002,0.003,0.004,0.005,0.006,0.007,0.008,0.009000000000000001,0.01]",0.001,2730,mock,InstrumentType.Spot,614332896,mock,BTC-USDT
2199944884,0,0,1783610796751333934,101,depth,"[65000.409999999996,65000.509999999995,65000.61,65000.71,65000.81,65000.909999999996,65001.009999999995,65001.11,65001.21,65001.31]",65000.409999999996,"[0.001,0.002,0.003,0.004,0.005,0.006,0.007,0.008,0.009000000000000001,0.01]",0.001,"[65000.21,65000.11,65000.009999999995,64999.909999999996,64999.81,64999.71,64999.61,64999.509999999995,64999.409999999996,64999.31]",65000.21,"[0.001,0.002,0.003,0.004,0.005,0.006,0.007,0.008,0.009000000000000001,0.01]",0.001,2731,mock,InstrumentType.Spot,614333456,mock,BTC-USDT
2199944884,0,0,1783610796751627941,101,depth,"[65000.42,65000.52,65000.62,65000.72,65000.82,65000.92,65001.02,65001.12,65001.22,65001.32]",65000.42,"[0.001,0.002,0.003,0.004,0.005,0.006,0.007,0.008,0.009000000000000001,0.01]",0.001,"[65000.22,65000.12,65000.02,64999.92,64999.82,64999.72,64999.62,64999.52,64999.42,64999.32]",65000.22,"[0.001,0.002,0.003,0.004,0.005,0.006,0.007,0.008,0.009000000000000001,0.01]",0.001,2732,mock,InstrumentType.Spot,614334016,mock,BTC-USDT
2199944884,0,0,1783610796751927808,101,depth,"[65000.43,65000.53,65000.630000000005,65000.73,65000.83,65000.93,65001.03,65001.130000000005,65001.23,65001.33]",65000.43,"[0.001,0.002,0.003,0.004,0.005,0.006,0.007,0.008,0.009000000000000001,0.01]",0.001,"[65000.23,65000.130000000005,65000.03,64999.93,64999.83,64999.73,64999.630000000005,64999.53,64999.43,64999.33]",65000.23,"[0.001,0.002,0.003,0.004,0.005,0.006,0.007,0.008,0.009000000000000001,0.01]",0.001,2733,mock,InstrumentType.Spot,614334576,mock,BTC-USDT
2199944884,0,0,1783610796752229039,101,depth,"[65000.439999999995,65000.53999999999,65000.64,65000.74,65000.84,65000.939999999995,65001.03999999999,65001.14,65001.24,65001.34]",65000.439999999995,"[0.001,0.002,0.003,0.004,0.005,0.006,0.007,0.008,0.009000000000000001,0.01]",0.001,"[65000.24,65000.14,65000.03999999999,64999.939999999995,64999.84,64999.74,64999.64,64999.53999999999,64999.439999999995,64999.34]",65000.24,"[0.001,0.002,0.003,0.004,0.005,0.006,0.007,0.008,0.009000000000000001,0.01]",0.001,2734,mock,InstrumentType.Spot,614335136,mock,BTC-USDT
2199944884,0,0,1783610796752527782,101,depth,"[65000.45,65000.549999999996,65000.65,65000.75,65000.85,65000.95,65001.049999999996,65001.15,65001.25,65001.35]",65000.45,"[0.001,0.002,0.003,0.004,0.005,0.006,0.007,0.008,0.009000000000000001,0.01]",0.001,"[65000.25,65000.15,65000.049999999996,64999.95,64999.85,64999.75,64999.65,64999.549999999996,64999.45,64999.35]",65000.25,"[0.001,0.002,0.003,0.004,0.005,0.006,0.007,0.008,0.009000000000000001,0.01]",0.001,2735,mock,InstrumentType.Spot,614335696,mock,BTC-USDT
2199944884,0,0,1783610796752827858,101,depth,"[65000.46,65000.56,65000.66,65000.76,65000.86,65000.96,65001.06,65001.16,65001.26,65001.36]",65000.46,"[0.001,0.002,0.003,0.004,0.005,0.006,0.007,0.008,0.009000000000000001,0.01]",0.001,"[65000.26,65000.16,65000.06,64999.96,64999.86,64999.76,64999.66,64999.56,64999.46,64999.36]",65000.26,"[0.001,0.002,0.003,0.004,0.005,0.006,0.007,0.008,0.009000000000000001,0.01]",0.001,2736,mock,InstrumentType.Spot,614336256,mock,BTC-USDT
2199944884,0,0,1783610796753127966,101,depth,"[65000.47,65000.57,65000.670000000006,65000.770000000004,65000.87,65000.97,65001.07,65001.170000000006,65001.270000000004,65001.37]",65000.47,"[0.001,0.002,0.003,0.004,0.005,0.006,0.007,0.008,0.009000000000000001,0.01]",0.001,"[65000.270000000004,65000.170000000006,65000.07,64999.97,64999.87,64999.770000000004,64999.670000000006,64999.57,64999.47,64999.37]",65000.270000000004,"[0.001,0.002,0.003,0.004,0.005,0.006,0.007,0.008,0.009000000000000001,0.01]",0.001,2737,mock,InstrumentType.Spot,614336816,mock,BTC-USDT
2199944884,0,0,1783610796753430353,101,depth,"[65000.479999999996,65000.579999999994,65000.68,65000.78,65000.88,65000.979999999996,65001.079999999994,65001.18,65001.28,65001.38]",65000.479999999996,"[0.001,0.002,0.003,0.004,0.005,0.006,0.007,0.008,0.009000000000000001,0.01]",0.001,"[65000.28,65000.18,65000.079999999994,64999.979999999996,64999.88,64999.78,64999.68,64999.579999999994,64999.479999999996,64999.38]",65000.28,"[0.001,0.002,0.003,0.004,0.005,0.006,0.007,0.008,0.009000000000000001,0.01]",0.001,2738,mock,InstrumentType.Spot,614337376,mock,BTC-USDT
2199944884,0,0,1783610796753728134,101,depth,"[65000.49,65000.59,65000.69,65000.79,65000.89,65000.99,65001.09,65001.19,65001.29,65001.39]",65000.49,"[0.001,0.002,0.003,0.004,0.005,0.006,0.007,0.008,0.009000000000000001,0.01]",0.001,"[65000.29,65000.19,65000.09,64999.99,64999.89,64999.79,64999.69,64999.59,64999.49,64999.39]",65000.29,"[0.001,0.002,0.003,0.004,0.005,0.006,0.007,0.008,0.009000000000000001,0.01]",0.001,2739,mock,InstrumentType.Spot,614337936,mock,BTC-USDT
2199944884,0,0,1783610796754039358,101,depth,"[65000.5,65000.6,65000.700000000004,65000.8,65000.9,65001.0,65001.1,65001.200000000004,65001.3,65001.4]",65000.5,"[0.001,0.002,0.003,0.004,0.005,0.006,0.007,0.008,0.009000000000000001,0.01]",0.001,"[65000.3,65000.200000000004,65000.1,65000.0,64999.9,64999.8,64999.700000000004,64999.6,64999.5,64999.4]",65000.3,"[0.001,0.002,0.003,0.004,0.005,0.006,0.007,0.008,0.009000000000000001,0.01]",0.001,2740,mock,InstrumentType.Spot,614338496,mock,BTC-USDT
2199944884,0,0,1783610796754327865,101,depth,"[65000.51,65000.61,65000.71000000001,65000.810000000005,65000.91,65001.01,65001.11,65001.21000000001,65001.310000000005,65001.41]",65000.51,"[0.001,0.002,0.003,0.004,0.005,0.006,0.007,0.008,0.009000000000000001,0.01]",0.001,"[65000.310000000005,65000.21000000001,65000.11,65000.01,64999.91,64999.810000000005,64999.71000000001,64999.61,64999.51,64999.41]",65000.310000000005,"[0.001,0.002,0.003,0.004,0.005,0.006,0.007,0.008,0.009000000000000001,0.01]",0.001,2741,mock,InstrumentType.Spot,614339056,mock,BTC-USDT
2199944884,0,0,1783610796754627741,101,depth,"[65000.52,65000.619999999995,65000.72,65000.82,65000.92,65001.02,65001.119999999995,65001.22,65001.32,65001.42]",65000.52,"[0.001,0.002,0.003,0.004,0.005,0.006,0.007,0.008,0.009000000000000001,0.01]",0.001,"[65000.32,65000.22,65000.119999999995,65000.02,64999.92,64999.82,64999.72,64999.619999999995,64999.52,64999.42]",65000.32,"[0.001,0.002,0.003,0.004,0.005,0.006,0.007,0.008,0.009000000000000001,0.01]",0.001,2742,mock,InstrumentType.Spot,614339616,mock,BTC-USDT
2199944884,0,0,1783610796754927768,101,depth,"[65000.53,65000.63,65000.73,65000.83,65000.93,65001.03,65001.13,65001.23,65001.33,65001.43]",65000.53,"[0.001,0.002,0.003,0.004,0.005,0.006,0.007,0.008,0.009000000000000001,0.01]",0.001,"[65000.33,65000.23,65000.13,65000.03,64999.93,64999.83,64999.73,64999.63,64999.53,64999.43]",65000.33,"[0.001,0.002,0.003,0.004,0.005,0.006,0.007,0.008,0.009000000000000001,0.01]",0.001,2743,mock,InstrumentType.Spot,614340176,mock,BTC-USDT
2199944884,0,0,1783610796755228002,101,depth,"[65000.54,65000.64,65000.740000000005,65000.840000000004,65000.94,65001.04,65001.14,65001.240000000005,65001.340000000004,65001.44]",65000.54,"[0.001,0.002,0.003,0.004,0.005,0.006,0.007,0.008,0.009000000000000001,0.01]",0.001,"[65000.340000000004,65000.240000000005,65000.14,65000.04,64999.94,64999.840000000004,64999.740000000005,64999.64,64999.54,64999.44]",65000.340000000004,"[0.001,0.002,0.003,0.004,0.005,0.006,0.007,0.008,0.009000000000000001,0.01]",0.001,2744,mock,InstrumentType.Spot,614340736,mock,BTC-USDT
2199944884,0,0,1783610796755527711,101,depth,"[65000.549999999996,65000.649999999994,65000.75,65000.85,65000.95,65001.049999999996,65001.149999999994,65001.25,65001.35,65001.45]",65000.549999999996,"[0.001,0.002,0.003,0.004,0.005,0.006,0.007,0.008,0.009000000000000001,0.01]",0.001,"[65000.35,65000.25,65000.149999999994,65000.049999999996,64999.95,64999.85,64999.75,64999.649999999994,64999.549999999996,64999.45]",65000.35,"[0.001,0.002,0.003,0.004,0.005,0.006,0.007,0.008,0.009000000000000001,0.01]",0.001,2745,mock,InstrumentType.Spot,614341296,mock,BTC-USDT
2199944884,0,0,1783610796755827659,101,depth,"[65000.56,65000.659999999996,65000.76,65000.86,65000.96,65001.06,65001.159999999996,65001.26,65001.36,65001.46]",65000.56,"[0.001,0.002,0.003,0.004,0.005,0.006,0.007,0.008,0.009000000000000001,0.01]",0.001,"[65000.36,65000.26,65000.159999999996,65000.06,64999.96,64999.86,64999.76,64999.659999999996,64999.56,64999.46]",65000.36,"[0.001,0.002,0.003,0.004,0.005,0.006,0.007,0.008,0.009000000000000001,0.01]",0.001,2746,mock,InstrumentType.Spot,614341856,mock,BTC-USDT
2199944884,0,0,1783610796756127725,101,depth,"[65000.57,65000.67,65000.770000000004,65000.87,65000.97,65001.07,65001.17,65001.270000000004,65001.37,65001.47]",65000.57,"[0.001,0.002,0.003,0.004,0.005,0.006,0.007,0.008,0.009000000000000001,0.01]",0.001,"[65000.37,65000.270000000004,65000.17,65000.07,64999.97,64999.87,64999.770000000004,64999.67,64999.57,64999.47]",65000.37,"[0.001,0.002,0.003,0.004,0.005,0.006,0.007,0.008,0.009000000000000001,0.01]",0.001,2747,mock,InstrumentType.Spot,614342416,mock,BTC-USDT
2199944884,0,0,1783610796756427815,101,depth,"[65000.58,65000.68,65000.780000000006,65000.880000000005,65000.98,65001.08,65001.18,65001.280000000006,65001.380000000005,65001.48]",65000.58,"[0.001,0.002,0.003,0.004,0.005,0.006,0.007,0.008,0.009000000000000001,0.01]",0.001,"[65000.380000000005,65000.280000000006,65000.18,65000.08,64999.98,64999.880000000005,64999.780000000006,64999.68,64999.58,64999.48]",65000.380000000005,"[0.001,0.002,0.003,0.004,0.005,0.006,0.007,0.008,0.009000000000000001,0.01]",0.001,2748,mock,InstrumentType.Spot,614342976,mock,BTC-USDT
2199944884,0,0,1783610796756727748,101,depth,"[65000.59,65000.689999999995,65000.79,65000.89,65000.99,65001.09,65001.189999999995,65001.29,65001.39,65001.49]",65000.59,"[0.001,0.002,0.003,0.004,0.005,0.006,0.007,0.008,0.009000000000000001,0.01]",0.001,"[65000.39,65000.29,65000.189999999995,65000.09,64999.99,64999.89,64999.79,64999.689999999995,64999.59,64999.49]",65000.39,"[0.001,0.002,0.003,0.004,0.005,0.006,0.007,0.008,0.009000000000000001,0.01]",0.001,2749,mock,InstrumentType.Spot,614343536,mock,BTC-USDT
2199944884,0,0,1783610796757099085,101,depth,"[65000.6,65000.7,65000.8,65000.9,65001.0,65001.1,65001.2,65001.3,65001.4,65001.5]",65000.6,"[0.001,0.002,0.003,0.004,0.005,0.006,0.007,0.008,0.009000000000000001,0.01]",0.001,"[65000.4,65000.3,65000.2,65000.1,65000.0,64999.9,64999.8,64999.7,64999.6,64999.5]",65000.4,"[0.001,0.002,0.003,0.004,0.005,0.006,0.007,0.008,0.009000000000000001,0.01]",0.001,2750,mock,InstrumentType.Spot,614344096,mock,BTC-USDT
2199944884,0,0,1783610796757328157,101,depth,"[65000.61,65000.71,65000.810000000005,65000.91,65001.01,65001.11,65001.21,65001.310000000005,65001.41,65001.51]",65000.61,"[0.001,0.002,0.003,0.004,0.005,0.006,0.007,0.008,0.009000000000000001,0.01]",0.001,"[65000.41,65000.310000000005,65000.21,65000.11,65000.01,64999.91,64999.810000000005,64999.71,64999.61,64999.51]",65000.41,"[0.001,0.002,0.003,0.004,0.005,0.006,0.007,0.008,0.009000000000000001,0.01]",0.001,2751,mock,InstrumentType.Spot,614344656,mock,BTC-USDT
2199944884,0,0,1783610796757627913,101,depth,"[65000.619999999995,65000.719999999994,65000.82,65000.92,65001.02,65001.119999999995,65001.219999999994,65001.32,65001.42,65001.52]",65000.619999999995,"[0.001,0.002,0.003,0.004,0.005,0.006,0.007,0.008,0.009000000000000001,0.01]",0.001,"[65000.42,65000.32,65000.219999999994,65000.119999999995,65000.02,64999.92,64999.82,64999.719999999994,64999.619999999995,64999.52]",65000.42,"[0.001,0.002,0.003,0.004,0.005,0.006,0.007,0.008,0.009000000000000001,0.01]",0.001,2752,mock,InstrumentType.Spot,614345216,mock,BTC-USDT
2199944884,0,0,1783610796757927888,101,depth,"[65000.63,65000.729999999996,65000.83,65000.93,65001.03,65001.13,65001.229999999996,65001.33,65001.43,65001.53]",65000.63,"[0.001,0.002,0.003,0.004,0.005,0.006,0.007,0.008,0.009000000000000001,0.01]",0.001,"[65000.43,65000.33,65000.229999999996,65000.13,65000.03,64999.93,64999.83,64999.729999999996,64999.63,64999.53]",65000.43,"[0.001,0.002,0.003,0.004,0.005,0.006,0.007,0.008,0.009000000000000001,0.01]",0.001,2753,mock,InstrumentType.Spot,614345776,mock,BTC-USDT
2199944884,0,0,1783610796758227825,101,depth,"[65000.64,65000.74,65000.840000000004,65000.94,65001.04,65001.14,65001.24,65001.340000000004,65001.44,65001.54]",65000.64,"[0.001,0.002,0.003,0.004,0.005,0.006,0.007,0.008,0.009000000000000001,0.01]",0.001,"[65000.44,65000.340000000004,65000.24,65000.14,65000.04,64999.94,64999.840000000004,64999.74,64999.64,64999.54]",65000.44,"[0.001,0.002,0.003,0.004,0.005,0.006,0.007,0.008,0.009000000000000001,0.01]",0.001,2754,mock,InstrumentType.Spot,614346336,mock,BTC-USDT
2199944884,0,0,1783610796758527751,101,depth,"[65000.65,65000.75,65000.850000000006,65000.950000000004,65001.05,65001.15,65001.25,65001.350000000006,65001.450000000004,65001.55]",65000.65,"[0.001,0.002,0.003,0.004,0.005,0.006,0.007,0.008,0.009000000000000001,0.01]",0.001,"[65000.450000000004,65000.350000000006,65000.25,65000.15,65000.05,64999.950000000004,64999.850000000006,64999.75,64999.65,64999.55]",65000.450000000004,"[0.001,0.002,0.003,0.004,0.005,0.006,0.007,0.008,0.009000000000000001,0.01]",0.001,2755,mock,InstrumentType.Spot,614346896,mock,BTC-USDT
2199944884,0,0,1783610796758827819,101,depth,"[65000.659999999996,65000.759999999995,65000.86,65000.96,65001.06,65001.159999999996,65001.259999999995,65001.36,65001.46,65001.56]",65000.659999999996,"[0.001,0.002,0.003,0.004,0.005,0.006,0.007,0.008,0.009000000000000001,0.01]",0.001,"[65000.46,65000.36,65000.259999999995,65000.159999999996,65000.06,64999.96,64999.86,64999.759999999995,64999.659999999996,64999.56]",65000.46,"[0.001,0.002,0.003,0.004,0.005,0.006,0.007,0.008,0.009000000000000001,0.01]",0.001,2756,mock,InstrumentType.Spot,614347456,mock,BTC-USDT
2199944884,0,0,1783610796759130218,101,depth,"[65000.67,65000.77,65000.87,65000.97,65001.07,65001.17,65001.27,65001.37,65001.47,65001.57]",65000.67,"[0.001,0.002,0.003,0.004,0.005,0.006,0.007,0.008,0.009000000000000001,0.01]",0.001,"[65000.47,65000.37,65000.27,65000.17,65000.07,64999.97,64999.87,64999.77,64999.67,64999.57]",65000.47,"[0.001,0.002,0.003,0.004,0.005,0.006,0.007,0.008,0.009000000000000001,0.01]",0.001,2757,mock,InstrumentType.Spot,614348016,mock,BTC-USDT
2199944884,0,0,1783610796759428032,101,depth,"[65000.68,65000.78,65000.880000000005,65000.98,65001.08,65001.18,65001.28,65001.380000000005,65001.48,65001.58]",65000.68,"[0.001,0.002,0.003,0.004,0.005,0.006,0.007,0.008,0.009000000000000001,0.01]",0.001,"[65000.48,65000.380000000005,65000.28,65000.18,65000.08,64999.98,64999.880000000005,64999.78,64999.68,64999.58]",65000.48,"[0.001,0.002,0.003,0.004,0.005,0.006,0.007,0.008,0.009000000000000001,0.01]",0.001,2758,mock,InstrumentType.Spot,614348576,mock,BTC-USDT
2199944884,0,0,1783610796759727860,101,depth,"[65000.689999999995,65000.78999999999,65000.89,65000.99,65001.09,65001.189999999995,65001.28999999999,65001.39,65001.49,65001.59]",65000.689999999995,"[0.001,0.002,0.003,0.004,0.005,0.006,0.007,0.008,0.009000000000000001,0.01]",0.001,"[65000.49,65000.39,65000.28999999999,65000.189999999995,65000.09,64999.99,64999.89,64999.78999999999,64999.689999999995,64999.59]",65000.49,"[0.001,0.002,0.003,0.004,0.005,0.006,0.007,0.008,0.009000000000000001,0.01]",0.001,2759,mock,InstrumentType.Spot,614349136,mock,BTC-USDT
2199944884,0,0,1783610796760037817,101,depth,"[65000.7,65000.799999999996,65000.9,65001.0,65001.1,65001.2,65001.299999999996,65001.4,65001.5,65001.6]",65000.7,"[0.001,0.002,0.003,0.004,0.005,0.006,0.007,0.008,0.009000000000000001,0.01]",0.001,"[65000.5,65000.4,65000.299999999996,65000.2,65000.1,65000.0,64999.9,64999.799999999996,64999.7,64999.6]",65000.5,"[0.001,0.002,0.003,0.004,0.005,0.006,0.007,0.008,0.009000000000000001,0.01]",0.001,2760,mock,InstrumentType.Spot,614349696,mock,BTC-USDT
2199944884,0,0,1783610796760327839,101,depth,"[65000.71,65000.81,65000.91,65001.01,65001.11,65001.21,65001.31,65001.41,65001.51,65001.61]",65000.71,"[0.001,0.002,0.003,0.004,0.005,0.006,0.007,0.008,0.009000000000000001,0.01]",0.001,"[65000.51,65000.41,65000.31,65000.21,65000.11,65000.01,64999.91,64999.81,64999.71,64999.61]",65000.51,"[0.001,0.002,0.003,0.004,0.005,0.006,0.007,0.008,0.009000000000000001,0.01]",0.001,2761,mock,InstrumentType.Spot,614350256,mock,BTC-USDT
2199944884,0,0,1783610796760627758,101,depth,"[65000.72,65000.82,65000.920000000006,65001.020000000004,65001.12,65001.22,65001.32,65001.420000000006,65001.520000000004,65001.62]",65000.72,"[0.001,0.002,0.003,0.004,0.005,0.006,0.007,0.008,0.009000000000000001,0.01]",0.001,"[65000.520000000004,65000.420000000006,65000.32,65000.22,65000.12,65000.020000000004,64999.920000000006,64999.82,64999.72,64999.62]",65000.520000000004,"[0.001,0.002,0.003,0.004,0.005,0.006,0.007,0.008,0.009000000000000001,0.01]",0.001,2762,mock,InstrumentType.Spot,614350816,mock,BTC-USDT
2199944884,0,0,1783610796760927669,101,depth,"[65000.729999999996,65000.829999999994,65000.93,65001.03,65001.13,65001.229999999996,65001.329999999994,65001.43,65001.53,65001.63]",65000.729999999996,"[0.001,0.002,0.003,0.004,0.005,0.006,0.007,0.008,0.009000000000000001,0.01]",0.001,"[65000.53,65000.43,65000.329999999994,65000.229999999996,65000.13,65000.03,64999.93,64999.829999999994,64999.729999999996,64999.63]",65000.53,"[0.001,0.002,0.003,0.004,0.005,0.006,0.007,0.008,0.009000000000000001,0.01]",0.001,2763,mock,InstrumentType.Spot,614351376,mock,BTC-USDT
2199944884,0,0,1783610796761227840,101,depth,"[65000.74,65000.84,65000.94,65001.04,65001.14,65001.24,65001.34,65001.44,65001.54,65001.64]",65000.74,"[0.001,0.002,0.003,0.004,0.005,0.006,0.007,0.008,0.009000000000000001,0.01]",0.001,"[65000.54,65000.44,65000.34,65000.24,65000.14,65000.04,64999.94,64999.84,64999.74,64999.64]",65000.54,"[0.001,0.002,0.003,0.004,0.005,0.006,0.007,0.008,0.009000000000000001,0.01]",0.001,2764,mock,InstrumentType.Spot,614351936,mock,BTC-USDT
2199944884,0,0,1783610796761528900,101,depth,"[65000.75,65000.85,65000.950000000004,65001.05,65001.15,65001.25,65001.35,65001.450000000004,65001.55,65001.65]",65000.75,"[0.001,0.002,0.003,0.004,0.005,0.006,0.007,0.008,0.009000000000000001,0.01]",0.001,"[65000.55,65000.450000000004,65000.35,65000.25,65000.15,65000.05,64999.950000000004,64999.85,64999.75,64999.65]",65000.55,"[0.001,0.002,0.003,0.004,0.005,0.006,0.007,0.008,0.009000000000000001,0.01]",0.001,2765,mock,InstrumentType.Spot,614352496,mock,BTC-USDT
2199944884,0,0,1783610796761828127,101,depth,"[65000.76,65000.86,65000.96000000001,65001.060000000005,65001.16,65001.26,65001.36,65001.46000000001,65001.560000000005,65001.66]",65000.76,"[0.001,0.002,0.003,0.004,0.005,0.006,0.007,0.008,0.009000000000000001,0.01]",0.001,"[65000.560000000005,65000.46000000001,65000.36,65000.26,65000.16,65000.060000000005,64999.96000000001,64999.86,64999.76,64999.66]",65000.560000000005,"[0.001,0.002,0.003,0.004,0.005,0.006,0.007,0.008,0.009000000000000001,0.01]",0.001,2766,mock,InstrumentType.Spot,614353056,mock,BTC-USDT
2199944884,0,0,1783610796762128042,101,depth,"[65000.77,65000.869999999995,65000.97,65001.07,65001.17,65001.27,65001.369999999995,65001.47,65001.57,65001.67]",65000.77,"[0.001,0.002,0.003,0.004,0.005,0.006,0.007,0.008,0.009000000000000001,0.01]",0.001,"[65000.57,65000.47,65000.369999999995,65000.27,65000.17,65000.07,64999.97,64999.869999999995,64999.77,64999.67]",65000.57,"[0.001,0.002,0.003,0.004,0.005,0.006,0.007,0.008,0.009000000000000001,0.01]",0.001,2767,mock,InstrumentType.Spot,614353616,mock,BTC-USDT
2199944884,0,0,1783610796762427834,101,depth,"[65000.78,65000.88,65000.98,65001.08,65001.18,65001.28,65001.38,65001.48,65001.58,65001.68]",65000.78,"[0.001,0.002,0.003,0.004,0.005,0.006,0.007,0.008,0.009000000000000001,0.01]",0.001,"[65000.58,65000.48,65000.38,65000.28,65000.18,65000.08,64999.98,64999.88,64999.78,64999.68]",65000.58,"[0.001,0.002,0.003,0.004,0.005,0.006,0.007,0.008,0.009000000000000001,0.01]",0.001,2768,mock,InstrumentType.Spot,614354176,mock,BTC-USDT
2199944884,0,0,1783610796762738053,101,depth,"[65000.79,65000.89,65000.990000000005,65001.090000000004,65001.19,65001.29,65001.39,65001.490000000005,65001.590000000004,65001.69]",65000.79,"[0.001,0.002,0.003,0.004,0.005,0.006,0.007,0.008,0.009000000000000001,0.01]",0.001,"[65000.590000000004,65000.490000000005,65000.39,65000.29,65000.19,65000.090000000004,64999.990000000005,64999.89,64999.79,64999.69]",65000.590000000004,"[0.001,0.002,0.003,0.004,0.005,0.006,0.007,0.008,0.009000000000000001,0.01]",0.001,2769,mock,InstrumentType.Spot,614354736,mock,BTC-USDT
2199944884,0,0,1783610796763028785,101,depth,"[65000.799999999996,65000.899999999994,65001.0,65001.1,65001.2,65001.299999999996,65001.399999999994,65001.5,65001.6,65001.7]",65000.799999999996,"[0.001,0.002,0.003,0.004,0.005,0.006,0.007,0.008,0.009000000000000001,0.01]",0.001,"[65000.6,65000.5,65000.399999999994,65000.299999999996,65000.2,65000.1,65000.0,64999.899999999994,64999.799999999996,64999.7]",65000.6,"[0.001,0.002,0.003,0.004,0.005,0.006,0.007,0.008,0.009000000000000001,0.01]",0.001,2770,mock,InstrumentType.Spot,614355296,mock,BTC-USDT
2199944884,0,0,1783610796763329212,101,depth,"[65000.81,65000.909999999996,65001.01,65001.11,65001.21,65001.31,65001.409999999996,65001.51,65001.61,65001.71]",65000.81,"[0.001,0.002,0.003,0.004,0.005,0.006,0.007,0.008,0.009000000000000001,0.01]",0.001,"[65000.61,65000.51,65000.409999999996,65000.31,65000.21,65000.11,65000.01,64999.909999999996,64999.81,64999.71]",65000.61,"[0.001,0.002,0.003,0.004,0.005,0.006,0.007,0.008,0.009000000000000001,0.01]",0.001,2771,mock,InstrumentType.Spot,614355856,mock,BTC-USDT
2199944884,0,0,1783610796763627945,101,depth,"[65000.82,65000.92,65001.020000000004,65001.12,65001.22,65001.32,65001.42,65001.520000000004,65001.62,65001.72]",65000.82,"[0.001,0.002,0.003,0.004,0.005,0.006,0.007,0.008,0.009000000000000001,0.01]",0.001,"[65000.62,65000.520000000004,65000.42,65000.32,65000.22,65000.12,65000.020000000004,64999.92,64999.82,64999.72]",65000.62,"[0.001,0.002,0.003,0.004,0.005,0.006,0.007,0.008,0.009000000000000001,0.01]",0.001,2772,mock,InstrumentType.Spot,614356416,mock,BTC-USDT
2199944884,0,0,1783610796763928013,101,depth,"[65000.83,65000.93,65001.030000000006,65001.130000000005,65001.23,65001.33,65001.43,65001.530000000006,65001.630000000005,65001.73]",65000.83,"[0.001,0.002,0.003,0.004,0.005,0.006,0.007,0.008,0.009000000000000001,0.01]",0.001,"[65000.630000000005,65000.530000000006,65000.43,65000.33,65000.23,65000.130000000005,65000.030000000006,64999.93,64999.83,64999.73]",65000.630000000005,"[0.001,0.002,0.003,0.004,0.005,0.006,0.007,0.008,0.009000000000000001,0.01]",0.001,2773,mock,InstrumentType.Spot,614356976,mock,BTC-USDT
2199944884,0,0,1783610796764230034,101,depth,"[65000.84,65000.939999999995,65001.04,65001.14,65001.24,65001.34,65001.439999999995,65001.54,65001.64,65001.74]",65000.84,"[0.001,0.002,0.003,0.004,0.005,0.006,0.007,0.008,0.009000000000000001,0.01]",0.001,"[65000.64,65000.54,65000.439999999995,65000.34,65000.24,65000.14,65000.04,64999.939999999995,64999.84,64999.74]",65000.64,"[0.001,0.002,0.003,0.004,0.005,0.006,0.007,0.008,0.009000000000000001,0.01]",0.001,2774,mock,InstrumentType.Spot,614357536,mock,BTC-USDT
2199944884,0,0,1783610796764530510,101,depth,"[65000.85,65000.95,65001.05,65001.15,65001.25,65001.35,65001.45,65001.55,65001.65,65001.75]",65000.85,"[0.001,0.002,0.003,0.004,0.005,0.006,0.007,0.008,0.009000000000000001,0.01]",0.001,"[65000.65,65000.55,65000.45,65000.35,65000.25,65000.15,65000.05,64999.95,64999.85,64999.75]",65000.65,"[0.001,0.002,0.003,0.004,0.005,0.006,0.007,0.008,0.009000000000000001,0.01]",0.001,2775,mock,InstrumentType.Spot,614358096,mock,BTC-USDT
2199944884,0,0,1783610796764833069,101,depth,"[65000.86,65000.96,65001.060000000005,65001.16,65001.26,65001.36,65001.46,65001.560000000005,65001.66,65001.76]",65000.86,"[0.001,0.002,0.003,0.004,0.005,0.006,0.007,0.008,0.009000000000000001,0.01]",0.001,"[65000.66,65000.560000000005,65000.46,65000.36,65000.26,65000.16,65000.060000000005,64999.96,64999.86,64999.76]",65000.66,"[0.001,0.002,0.003,0.004,0.005,0.006,0.007,0.008,0.009000000000000001,0.01]",0.001,2776,mock,InstrumentType.Spot,614358656,mock,BTC-USDT
2199944884,0,0,1783610796765717677,101,depth,"[65000.869999999995,65000.969999999994,65001.07,65001.17,65001.27,65001.369999999995,65001.469999999994,65001.57,65001.67,65001.77]",65000.869999999995,"[0.001,0.002,0.003,0.004,0.005,0.006,0.007,0.008,0.009000000000000001,0.01]",0.001,"[65000.67,65000.57,65000.469999999994,65000.369999999995,65000.27,65000.17,65000.07,64999.969999999994,64999.869999999995,64999.77]",65000.67,"[0.001,0.002,0.003,0.004,0.005,0.006,0.007,0.008,0.009000000000000001,0.01]",0.001,2777,mock,InstrumentType.Spot,614359216,mock,BTC-USDT
2199944884,0,0,1783610796765737848,101,depth,"[65000.88,65000.979999999996,65001.08,65001.18,65001.28,65001.38,65001.479999999996,65001.58,65001.68,65001.78]",65000.88,"[0.001,0.002,0.003,0.004,0.005,0.006,0.007,0.008,0.009000000000000001,0.01]",0.001,"[65000.68,65000.58,65000.479999999996,65000.38,65000.28,65000.18,65000.08,64999.979999999996,64999.88,64999.78]",65000.68,"[0.001,0.002,0.003,0.004,0.005,0.006,0.007,0.008,0.009000000000000001,0.01]",0.001,2778,mock,InstrumentType.Spot,614359776,mock,BTC-USDT
2199944884,0,0,1783610796765766681,101,depth,"[65000.89,65000.99,65001.090000000004,65001.19,65001.29,65001.39,65001.49,65001.590000000004,65001.69,65001.79]",65000.89,"[0.001,0.002,0.003,0.004,0.005,0.006,0.007,0.008,0.009000000000000001,0.01]",0.001,"[65000.69,65000.590000000004,65000.49,65000.39,65000.29,65000.19,65000.090000000004,64999.99,64999.89,64999.79]",65000.69,"[0.001,0.002,0.003,0.004,0.005,0.006,0.007,0.008,0.009000000000000001,0.01]",0.001,2779,mock,InstrumentType.Spot,614360336,mock,BTC-USDT
2199944884,0,0,1783610796766029609,101,depth,"[65000.9,65001.0,65001.100000000006,65001.200000000004,65001.3,65001.4,65001.5,65001.600000000006,65001.700000000004,65001.8]",65000.9,"[0.001,0.002,0.003,0.004,0.005,0.006,0.007,0.008,0.009000000000000001,0.01]",0.001,"[65000.700000000004,65000.600000000006,65000.5,65000.4,65000.3,65000.200000000004,65000.100000000006,65000.0,64999.9,64999.8]",65000.700000000004,"[0.001,0.002,0.003,0.004,0.005,0.006,0.007,0.008,0.009000000000000001,0.01]",0.001,2780,mock,InstrumentType.Spot,614360896,mock,BTC-USDT
2199944884,0,0,1783610796766331760,101,depth,"[65000.909999999996,65001.009999999995,65001.11,65001.21,65001.31,65001.409999999996,65001.509999999995,65001.61,65001.71,65001.81]",65000.909999999996,"[0.001,0.002,0.003,0.004,0.005,0.006,0.007,0.008,0.009000000000000001,0.01]",0.001,"[65000.71,65000.61,65000.509999999995,65000.409999999996,65000.31,65000.21,65000.11,65000.009999999995,64999.909999999996,64999.81]",65000.71,"[0.001,0.002,0.003,0.004,0.005,0.006,0.007,0.008,0.009000000000000001,0.01]",0.001,2781,mock,InstrumentType.Spot,614361456,mock,BTC-USDT
2199944884,0,0,1783610796766628991,101,depth,"[65000.92,65001.02,65001.12,65001.22,65001.32,65001.42,65001.52,65001.62,65001.72,65001.82]",65000.92,"[0.001,0.002,0.003,0.004,0.005,0.006,0.007,0.008,0.009000000000000001,0.01]",0.001,"[65000.72,65000.62,65000.52,65000.42,65000.32,65000.22,65000.12,65000.02,64999.92,64999.82]",65000.72,"[0.001,0.002,0.003,0.004,0.005,0.006,0.007,0.008,0.009000000000000001,0.01]",0.001,2782,mock,InstrumentType.Spot,614362016,mock,BTC-USDT
2199944884,0,0,1783610796766928143,101,depth,"[65000.93,65001.03,65001.130000000005,65001.23,65001.33,65001.43,65001.53,65001.630000000005,65001.73,65001.83]",65000.93,"[0.001,0.002,0.003,0.004,0.005,0.006,0.007,0.008,0.009000000000000001,0.01]",0.001,"[65000.73,65000.630000000005,65000.53,65000.43,65000.33,65000.23,65000.130000000005,65000.03,64999.93,64999.83]",65000.73,"[0.001,0.002,0.003,0.004,0.005,0.006,0.007,0.008,0.009000000000000001,0.01]",0.001,2783,mock,InstrumentType.Spot,614362576,mock,BTC-USDT
2199944884,0,0,1783610796767228181,101,depth,"[65000.939999999995,65001.03999999999,65001.14,65001.24,65001.34,65001.439999999995,65001.53999999999,65001.64,65001.74,65001.84]",65000.939999999995,"[0.001,0.002,0.003,0.004,0.005,0.006,0.007,0.008,0.009000000000000001,0.01]",0.001,"[65000.74,65000.64,65000.53999999999,65000.439999999995,65000.34,65000.24,65000.14,65000.03999999999,64999.939999999995,64999.84]",65000.74,"[0.001,0.002,0.003,0.004,0.005,0.006,0.007,0.008,0.009000000000000001,0.01]",0.001,2784,mock,InstrumentType.Spot,614363136,mock,BTC-USDT
2199944884,0,0,1783610796767528086,101,depth,"[65000.95,65001.049999999996,65001.15,65001.25,65001.35,65001.45,65001.549999999996,65001.65,65001.75,65001.85]",65000.95,"[0.001,0.002,0.003,0.004,0.005,0.006,0.007,0.008,0.009000000000000001,0.01]",0.001,"[65000.75,65000.65,65000.549999999996,65000.45,65000.35,65000.25,65000.15,65000.049999999996,64999.95,64999.85]",65000.75,"[0.001,0.002,0.003,0.004,0.005,0.006,0.007,0.008,0.009000000000000001,0.01]",0.001,2785,mock,InstrumentType.Spot,614363696,mock,BTC-USDT
2199944884,0,0,1783610796767828016,101,depth,"[65000.96,65001.06,65001.16,65001.26,65001.36,65001.46,65001.56,65001.66,65001.76,65001.86]",65000.96,"[0.001,0.002,0.003,0.004,0.005,0.006,0.007,0.008,0.009000000000000001,0.01]",0.001,"[65000.76,65000.66,65000.56,65000.46,65000.36,65000.26,65000.16,65000.06,64999.96,64999.86]",65000.76,"[0.001,0.002,0.003,0.004,0.005,0.006,0.007,0.008,0.009000000000000001,0.01]",0.001,2786,mock,InstrumentType.Spot,614364256,mock,BTC-USDT
2199944884,0,0,1783610796768128125,101,depth,"[65000.97,65001.07,65001.170000000006,65001.270000000004,65001.37,65001.47,65001.57,65001.670000000006,65001.770000000004,65001.87]",65000.97,"[0.001,0.002,0.003,0.004,0.005,0.006,0.007,0.008,0.009000000000000001,0.01]",0.001,"[65000.770000000004,65000.670000000006,65000.57,65000.47,65000.37,65000.270000000004,65000.170000000006,65000.07,64999.97,64999.87]",65000.770000000004,"[0.001,0.002,0.003,0.004,0.005,0.006,0.007,0.008,0.009000000000000001,0.01]",0.001,2787,mock,InstrumentType.Spot,614364816,mock,BTC-USDT
2199944884,0,0,1783610796768448866,101,depth,"[65000.979999999996,65001.079999999994,65001.18,65001.28,65001.38,65001.479999999996,65001.579999999994,65001.68,65001.78,65001.88]",65000.979999999996,"[0.001,0.002,0.003,0.004,0.005,0.006,0.007,0.008,0.009000000000000001,0.01]",0.001,"[65000.78,65000.68,65000.579999999994,65000.479999999996,65000.38,65000.28,65000.18,65000.079999999994,64999.979999999996,64999.88]",65000.78,"[0.001,0.002,0.003,0.004,0.005,0.006,0.007,0.008,0.009000000000000001,0.01]",0.001,2788,mock,InstrumentType.Spot,614365376,mock,BTC-USDT
2199944884,0,0,1783610796768728049,101,depth,"[65000.99,65001.09,65001.19,65001.29,65001.39,65001.49,65001.59,65001.69,65001.79,65001.89]",65000.99,"[0.001,0.002,0.003,0.004,0.005,0.006,0.007,0.008,0.009000000000000001,0.01]",0.001,"[65000.79,65000.69,65000.59,65000.49,65000.39,65000.29,65000.19,65000.09,64999.99,64999.89]",65000.79,"[0.001,0.002,0.003,0.004,0.005,0.006,0.007,0.008,0.009000000000000001,0.01]",0.001,2789,mock,InstrumentType.Spot,614365936,mock,BTC-USDT
2199944884,0,0,1783610796769028346,101,depth,"[65001.0,65001.1,65001.200000000004,65001.3,65001.4,65001.5,65001.6,65001.700000000004,65001.8,65001.9]",65001.0,"[0.001,0.002,0.003,0.004,0.005,0.006,0.007,0.008,0.009000000000000001,0.01]",0.001,"[65000.8,65000.700000000004,65000.6,65000.5,65000.4,65000.3,65000.200000000004,65000.1,65000.0,64999.9]",65000.8,"[0.001,0.002,0.003,0.004,0.005,0.006,0.007,0.008,0.009000000000000001,0.01]",0.001,2790,mock,InstrumentType.Spot,614366496,mock,BTC-USDT
2199944884,0,0,1783610796769328740,101,depth,"[65001.01,65001.11,65001.21000000001,65001.310000000005,65001.41,65001.51,65001.61,65001.71000000001,65001.810000000005,65001.91]",65001.01,"[0.001,0.002,0.003,0.004,0.005,0.006,0.007,0.008,0.009000000000000001,0.01]",0.001,"[65000.810000000005,65000.71000000001,65000.61,65000.51,65000.41,65000.310000000005,65000.21000000001,65000.11,65000.01,64999.91]",65000.810000000005,"[0.001,0.002,0.003,0.004,0.005,0.006,0.007,0.008,0.009000000000000001,0.01]",0.001,2791,mock,InstrumentType.Spot,614367056,mock,BTC-USDT
2199944884,0,0,1783610796769628285,101,depth,"[65001.02,65001.119999999995,65001.22,65001.32,65001.42,65001.52,65001.619999999995,65001.72,65001.82,65001.92]",65001.02,"[0.001,0.002,0.003,0.004,0.005,0.006,0.007,0.008,0.009000000000000001,0.01]",0.001,"[65000.82,65000.72,65000.619999999995,65000.52,65000.42,65000.32,65000.22,65000.119999999995,65000.02,64999.92]",65000.82,"[0.001,0.002,0.003,0.004,0.005,0.006,0.007,0.008,0.009000000000000001,0.01]",0.001,2792,mock,InstrumentType.Spot,614367616,mock,BTC-USDT
2199944884,0,0,1783610796769928627,101,depth,"[65001.03,65001.13,65001.23,65001.33,65001.43,65001.53,65001.63,65001.73,65001.83,65001.93]",65001.03,"[0.001,0.002,0.003,0.004,0.005,0.006,0.007,0.008,0.009000000000000001,0.01]",0.001,"[65000.83,65000.73,65000.63,65000.53,65000.43,65000.33,65000.23,65000.13,65000.03,64999.93]",65000.83,"[0.001,0.002,0.003,0.004,0.005,0.006,0.007,0.008,0.009000000000000001,0.01]",0.001,2793,mock,InstrumentType.Spot,614368176,mock,BTC-USDT
2199944884,0,0,1783610796770398497,101,depth,"[65001.04,65001.14,65001.240000000005,65001.340000000004,65001.44,65001.54,65001.64,65001.740000000005,65001.840000000004,65001.94]",65001.04,"[0.001,0.002,0.003,0.004,0.005,0.006,0.007,0.008,0.009000000000000001,0.01]",0.001,"[65000.840000000004,65000.740000000005,65000.64,65000.54,65000.44,65000.340000000004,65000.240000000005,65000.14,65000.04,64999.94]",65000.840000000004,"[0.001,0.002,0.003,0.004,0.005,0.006,0.007,0.008,0.009000000000000001,0.01]",0.001,2794,mock,InstrumentType.Spot,614368736,mock,BTC-USDT
2199944884,0,0,1783610796770548019,101,depth,"[65001.049999999996,65001.149999999994,65001.25,65001.35,65001.45,65001.549999999996,65001.649999999994,65001.75,65001.85,65001.95]",65001.049999999996,"[0.001,0.002,0.003,0.004,0.005,0.006,0.007,0.008,0.009000000000000001,0.01]",0.001,"[65000.85,65000.75,65000.649999999994,65000.549999999996,65000.45,65000.35,65000.25,65000.149999999994,65000.049999999996,64999.95]",65000.85,"[0.001,0.002,0.003,0.004,0.005,0.006,0.007,0.008,0.009000000000000001,0.01]",0.001,2795,mock,InstrumentType.Spot,614369296,mock,BTC-USDT
2199944884,0,0,1783610796770831758,101,depth,"[65001.06,65001.159999999996,65001.26,65001.36,65001.46,65001.56,65001.659999999996,65001.76,65001.86,65001.96]",65001.06,"[0.001,0.002,0.003,0.004,0.005,0.006,0.007,0.008,0.009000000000000001,0.01]",0.001,"[65000.86,65000.76,65000.659999999996,65000.56,65000.46,65000.36,65000.26,65000.159999999996,65000.06,64999.96]",65000.86,"[0.001,0.002,0.003,0.004,0.005,0.006,0.007,0.008,0.009000000000000001,0.01]",0.001,2796,mock,InstrumentType.Spot,614369856,mock,BTC-USDT
2199944884,0,0,1783610796771135029,101,depth,"[65001.07,65001.17,65001.270000000004,65001.37,65001.47,65001.57,65001.67,65001.770000000004,65001.87,65001.97]",65001.07,"[0.001,0.002,0.003,0.004,0.005,0.006,0.007,0.008,0.009000000000000001,0.01]",0.001,"[65000.87,65000.770000000004,65000.67,65000.57,65000.47,65000.37,65000.270000000004,65000.17,65000.07,64999.97]",65000.87,"[0.001,0.002,0.003,0.004,0.005,0.006,0.007,0.008,0.009000000000000001,0.01]",0.001,2797,mock,InstrumentType.Spot,614370416,mock,BTC-USDT
2199944884,0,0,1783610796771453137,101,depth,"[65001.08,65001.18,65001.280000000006,65001.380000000005,65001.48,65001.58,65001.68,65001.780000000006,65001.880000000005,65001.98]",65001.08,"[0.001,0.002,0.003,0.004,0.005,0.006,0.007,0.008,0.009000000000000001,0.01]",0.001,"[65000.880000000005,65000.780000000006,65000.68,65000.58,65000.48,65000.380000000005,65000.280000000006,65000.18,65000.08,64999.98]",65000.880000000005,"[0.001,0.002,0.003,0.004,0.005,0.006,0.007,0.008,0.009000000000000001,0.01]",0.001,2798,mock,InstrumentType.Spot,614370976,mock,BTC-USDT
2199944884,0,0,1783610796771728486,101,depth,"[65001.09,65001.189999999995,65001.29,65001.39,65001.49,65001.59,65001.689999999995,65001.79,65001.89,65001.99]",65001.09,"[0.001,0.002,0.003,0.004,0.005,0.006,0.007,0.008,0.009000000000000001,0.01]",0.001,"[65000.89,65000.79,65000.689999999995,65000.59,65000.49,65000.39,65000.29,65000.189999999995,65000.09,64999.99]",65000.89,"[0.001,0.002,0.003,0.004,0.005,0.006,0.007,0.008,0.009000000000000001,0.01]",0.001,2799,mock,InstrumentType.Spot,614371536,mock,BTC-USDT
2199944884,0,0,1783610796772028074,101,depth,"[65000.1,65000.2,65000.3,65000.4,65000.5,65000.6,65000.7,65000.8,65000.9,65001.0]",65000.1,"[0.001,0.002,0.003,0.004,0.005,0.006,0.007,0.008,0.009000000000000001,0.01]",0.001,"[64999.9,64999.8,64999.7,64999.6,64999.5,64999.4,64999.3,64999.2,64999.1,64999.0]",64999.9,"[0.001,0.002,0.003,0.004,0.005,0.006,0.007,0.008,0.009000000000000001,0.01]",0.001,2800,mock,InstrumentType.Spot,614372096,mock,BTC-USDT
2199944884,0,0,1783610796772328395,101,depth,"[65000.11,65000.21,65000.310000000005,65000.41,65000.51,65000.61,65000.71,65000.810000000005,65000.91,65001.01]",65000.11,"[0.001,0.002,0.003,0.004,0.005,0.006,0.007,0.008,0.009000000000000001,0.01]",0.001,"[64999.91,64999.810000000005,64999.71,64999.61,64999.51,64999.41,64999.310000000005,64999.21,64999.11,64999.01]",64999.91,"[0.001,0.002,0.003,0.004,0.005,0.006,0.007,0.008,0.009000000000000001,0.01]",0.001,2801,mock,InstrumentType.Spot,614372656,mock,BTC-USDT
2199944884,0,0,1783610796772628343,101,depth,"[65000.119999999995,65000.219999999994,65000.32,65000.42,65000.52,65000.619999999995,65000.719999999994,65000.82,65000.92,65001.02]",65000.119999999995,"[0.001,0.002,0.003,0.004,0.005,0.006,0.007,0.008,0.009000000000000001,0.01]",0.001,"[64999.92,64999.82,64999.719999999994,64999.619999999995,64999.52,64999.42,64999.32,64999.219999999994,64999.119999999995,64999.02]",64999.92,"[0.001,0.002,0.003,0.004,0.005,0.006,0.007,0.008,0.009000000000000001,0.01]",0.001,2802,mock,InstrumentType.Spot,614373216,mock,BTC-USDT
2199944884,0,0,1783610796772928849,101,depth,"[65000.13,65000.229999999996,65000.33,65000.43,65000.53,65000.63,65000.729999999996,65000.83,65000.93,65001.03]",65000.13,"[0.001,0.002,0.003,0.004,0.005,0.006,0.007,0.008,0.009000000000000001,0.01]",0.001,"[64999.93,64999.83,64999.729999999996,64999.63,64999.53,64999.43,64999.33,64999.229999999996,64999.13,64999.03]",64999.93,"[0.001,0.002,0.003,0.004,0.005,0.006,0.007,0.008,0.009000000000000001,0.01]",0.001,2803,mock,InstrumentType.Spot,614373776,mock,BTC-USDT
2199944884,0,0,1783610796773228863,101,depth,"[65000.14,65000.24,65000.340000000004,65000.44,65000.54,65000.64,65000.74,65000.840000000004,65000.94,65001.04]",65000.14,"[0.001,0.002,0.003,0.004,0.005,0.006,0.007,0.008,0.009000000000000001,0.01]",0.001,"[64999.94,64999.840000000004,64999.74,64999.64,64999.54,64999.44,64999.340000000004,64999.24,64999.14,64999.04]",64999.94,"[0.001,0.002,0.003,0.004,0.005,0.006,0.007,0.008,0.009000000000000001,0.01]",0.001,2804,mock,InstrumentType.Spot,614374336,mock,BTC-USDT
2199944884,0,0,1783610796773528916,101,depth,"[65000.15,65000.25,65000.350000000006,65000.450000000004,65000.55,65000.65,65000.75,65000.850000000006,65000.950000000004,65001.05]",65000.15,"[0.001,0.002,0.003,0.004,0.005,0.006,0.007,0.008,0.009000000000000001,0.01]",0.001,"[64999.950000000004,64999.850000000006,64999.75,64999.65,64999.55,64999.450000000004,64999.350000000006,64999.25,64999.15,64999.05]",64999.950000000004,"[0.001,0.002,0.003,0.004,0.005,0.006,0.007,0.008,0.009000000000000001,0.01]",0.001,2805,mock,InstrumentType.Spot,614374896,mock,BTC-USDT
2199944884,0,0,1783610796773828711,101,depth,"[65000.159999999996,65000.259999999995,65000.36,65000.46,65000.56,65000.659999999996,65000.759999999995,65000.86,65000.96,65001.06]",65000.159999999996,"[0.001,0.002,0.003,0.004,0.005,0.006,0.007,0.008,0.009000000000000001,0.01]",0.001,"[64999.96,64999.86,64999.759999999995,64999.659999999996,64999.56,64999.46,64999.36,64999.259999999995,64999.159999999996,64999.06]",64999.96,"[0.001,0.002,0.003,0.004,0.005,0.006,0.007,0.008,0.009000000000000001,0.01]",0.001,2806,mock,InstrumentType.Spot,614375456,mock,BTC-USDT
2199944884,0,0,1783610796774137931,101,depth,"[65000.17,65000.27,65000.37,65000.47,65000.57,65000.67,65000.77,65000.87,65000.97,65001.07]",65000.17,"[0.001,0.002,0.003,0.004,0.005,0.006,0.007,0.008,0.009000000000000001,0.01]",0.001,"[64999.97,64999.87,64999.77,64999.67,64999.57,64999.47,64999.37,64999.27,64999.17,64999.07]",64999.97,"[0.001,0.002,0.003,0.004,0.005,0.006,0.007,0.008,0.009000000000000001,0.01]",0.001,2807,mock,InstrumentType.Spot,614376016,mock,BTC-USDT
2199944884,0,0,1783610796774431385,101,depth,"[65000.18,65000.28,65000.380000000005,65000.48,65000.58,65000.68,65000.78,65000.880000000005,65000.98,65001.08]",65000.18,"[0.001,0.002,0.003,0.004,0.005,0.006,0.007,0.008,0.009000000000000001,0.01]",0.001,"[64999.98,64999.880000000005,64999.78,64999.68,64999.58,64999.48,64999.380000000005,64999.28,64999.18,64999.08]",64999.98,"[0.001,0.002,0.003,0.004,0.005,0.006,0.007,0.008,0.009000000000000001,0.01]",0.001,2808,mock,InstrumentType.Spot,614376576,mock,BTC-USDT
2199944884,0,0,1783610796774734070,101,depth,"[65000.189999999995,65000.28999999999,65000.39,65000.49,65000.59,65000.689999999995,65000.78999999999,65000.89,65000.99,65001.09]",65000.189999999995,"[0.001,0.002,0.003,0.004,0.005,0.006,0.007,0.008,0.009000000000000001,0.01]",0.001,"[64999.99,64999.89,64999.78999999999,64999.689999999995,64999.59,64999.49,64999.39,64999.28999999999,64999.189999999995,64999.09]",64999.99,"[0.001,0.002,0.003,0.004,0.005,0.006,0.007,0.008,0.009000000000000001,0.01]",0.001,2809,mock,InstrumentType.Spot,614377136,mock,BTC-USDT
2199944884,0,0,1783610796775031966,101,depth,"[65000.2,65000.299999999996,65000.4,65000.5,65000.6,65000.7,65000.799999999996,65000.9,65001.0,65001.1]",65000.2,"[0.001,0.002,0.003,0.004,0.005,0.006,0.007,0.008,0.009000000000000001,0.01]",0.001,"[65000.0,64999.9,64999.799999999996,64999.7,64999.6,64999.5,64999.4,64999.299999999996,64999.2,64999.1]",65000.0,"[0.001,0.002,0.003,0.004,0.005,0.006,0.007,0.008,0.009000000000000001,0.01]",0.001,2810,mock,InstrumentType.Spot,614377696,mock,BTC-USDT
2199944884,0,0,1783610796775330498,101,depth,"[65000.21,65000.31,65000.41,65000.51,65000.61,65000.71,65000.81,65000.91,65001.01,65001.11]",65000.21,"[0.001,0.002,0.003,0.004,0.005,0.006,0.007,0.008,0.009000000000000001,0.01]",0.001,"[65000.01,64999.91,64999.81,64999.71,64999.61,64999.51,64999.41,64999.31,64999.21,64999.11]",65000.01,"[0.001,0.002,0.003,0.004,0.005,0.006,0.007,0.008,0.009000000000000001,0.01]",0.001,2811,mock,InstrumentType.Spot,614378256,mock,BTC-USDT
2199944884,0,0,1783610796775629009,101,depth,"[65000.22,65000.32,65000.420000000006,65000.520000000004,65000.62,65000.72,65000.82,65000.920000000006,65001.020000000004,65001.12]",65000.22,"[0.001,0.002,0.003,0.004,0.005,0.006,0.007,0.008,0.009000000000000001,0.01]",0.001,"[65000.020000000004,64999.920000000006,64999.82,64999.72,64999.62,64999.520000000004,64999.420000000006,64999.32,64999.22,64999.12]",65000.020000000004,"[0.001,0.002,0.003,0.004,0.005,0.006,0.007,0.008,0.009000000000000001,0.01]",0.001,2812,mock,InstrumentType.Spot,614378816,mock,BTC-USDT
2199944884,0,0,1783610796775929070,101,depth,"[65000.229999999996,65000.329999999994,65000.43,65000.53,65000.63,65000.729999999996,65000.829999999994,65000.93,65001.03,65001.13]",65000.229999999996,"[0.001,0.002,0.003,0.004,0.005,0.006,0.007,0.008,0.009000000000000001,0.01]",0.001,"[65000.03,64999.93,64999.829999999994,64999.729999999996,64999.63,64999.53,64999.43,64999.329999999994,64999.229999999996,64999.13]",65000.03,"[0.001,0.002,0.003,0.004,0.005,0.006,0.007,0.008,0.009000000000000001,0.01]",0.001,2813,mock,InstrumentType.Spot,614379376,mock,BTC-USDT
2199944884,0,0,1783610796776229262,101,depth,"[65000.24,65000.34,65000.44,65000.54,65000.64,65000.74,65000.84,65000.94,65001.04,65001.14]",65000.24,"[0.001,0.002,0.003,0.004,0.005,0.006,0.007,0.008,0.009000000000000001,0.01]",0.001,"[65000.04,64999.94,64999.84,64999.74,64999.64,64999.54,64999.44,64999.34,64999.24,64999.14]",65000.04,"[0.001,0.002,0.003,0.004,0.005,0.006,0.007,0.008,0.009000000000000001,0.01]",0.001,2814,mock,InstrumentType.Spot,614379936,mock,BTC-USDT
2199944884,0,0,1783610796776528834,101,depth,"[65000.25,65000.35,65000.450000000004,65000.55,65000.65,65000.75,65000.85,65000.950000000004,65001.05,65001.15]",65000.25,"[0.001,0.002,0.003,0.004,0.005,0.006,0.007,0.008,0.009000000000000001,0.01]",0.001,"[65000.05,64999.950000000004,64999.85,64999.75,64999.65,64999.55,64999.450000000004,64999.35,64999.25,64999.15]",65000.05,"[0.001,0.002,0.003,0.004,0.005,0.006,0.007,0.008,0.009000000000000001,0.01]",0.001,2815,mock,InstrumentType.Spot,614380496,mock,BTC-USDT
2199944884,0,0,1783610796776829309,101,depth,"[65000.26,65000.36,65000.46000000001,65000.560000000005,65000.66,65000.76,65000.86,65000.96000000001,65001.060000000005,65001.16]",65000.26,"[0.001,0.002,0.003,0.004,0.005,0.006,0.007,0.008,0.009000000000000001,0.01]",0.001,"[65000.060000000005,64999.96000000001,64999.86,64999.76,64999.66,64999.560000000005,64999.46000000001,64999.36,64999.26,64999.16]",65000.060000000005,"[0.001,0.002,0.003,0.004,0.005,0.006,0.007,0.008,0.009000000000000001,0.01]",0.001,2816,mock,InstrumentType.Spot,614381056,mock,BTC-USDT
2199944884,0,0,1783610796777158030,101,depth,"[65000.27,65000.369999999995,65000.47,65000.57,65000.67,65000.77,65000.869999999995,65000.97,65001.07,65001.17]",65000.27,"[0.001,0.002,0.003,0.004,0.005,0.006,0.007,0.008,0.009000000000000001,0.01]",0.001,"[65000.07,64999.97,64999.869999999995,64999.77,64999.67,64999.57,64999.47,64999.369999999995,64999.27,64999.17]",65000.07,"[0.001,0.002,0.003,0.004,0.005,0.006,0.007,0.008,0.009000000000000001,0.01]",0.001,2817,mock,InstrumentType.Spot,614381616,mock,BTC-USDT
2199944884,0,0,1783610796777432749,101,depth,"[65000.28,65000.38,65000.48,65000.58,65000.68,65000.78,65000.88,65000.98,65001.08,65001.18]",65000.28,"[0.001,0.002,0.003,0.004,0.005,0.006,0.007,0.008,0.009000000000000001,0.01]",0.001,"[65000.08,64999.98,64999.88,64999.78,64999.68,64999.58,64999.48,64999.38,64999.28,64999.18]",65000.08,"[0.001,0.002,0.003,0.004,0.005,0.006,0.007,0.008,0.009000000000000001,0.01]",0.001,2818,mock,InstrumentType.Spot,614382176,mock,BTC-USDT
2199944884,0,0,1783610796777732675,101,depth,"[65000.29,65000.39,65000.490000000005,65000.590000000004,65000.69,65000.79,65000.89,65000.990000000005,65001.090000000004,65001.19]",65000.29,"[0.001,0.002,0.003,0.004,0.005,0.006,0.007,0.008,0.009000000000000001,0.01]",0.001,"[65000.090000000004,64999.990000000005,64999.89,64999.79,64999.69,64999.590000000004,64999.490000000005,64999.39,64999.29,64999.19]",65000.090000000004,"[0.001,0.002,0.003,0.004,0.005,0.006,0.007,0.008,0.009000000000000001,0.01]",0.001,2819,mock,InstrumentType.Spot,614382736,mock,BTC-USDT
2199944884,0,0,1783610796778037385,101,depth,"[65000.299999999996,65000.399999999994,65000.5,65000.6,65000.7,65000.799999999996,65000.899999999994,65001.0,65001.1,65001.2]",65000.299999999996,"[0.001,0.002,0.003,0.004,0.005,0.006,0.007,0.008,0.009000000000000001,0.01]",0.001,"[65000.1,65000.0,64999.899999999994,64999.799999999996,64999.7,64999.6,64999.5,64999.399999999994,64999.299999999996,64999.2]",65000.1,"[0.001,0.002,0.003,0.004,0.005,0.006,0.007,0.008,0.009000000000000001,0.01]",0.001,2820,mock,InstrumentType.Spot,614383296,mock,BTC-USDT
2199944884,0,0,1783610796778331952,101,depth,"[65000.31,65000.409999999996,65000.51,65000.61,65000.71,65000.81,65000.909999999996,65001.01,65001.11,65001.21]",65000.31,"[0.001,0.002,0.003,0.004,0.005,0.006,0.007,0.008,0.009000000000000001,0.01]",0.001,"[65000.11,65000.01,64999.909999999996,64999.81,64999.71,64999.61,64999.51,64999.409999999996,64999.31,64999.21]",65000.11,"[0.001,0.002,0.003,0.004,0.005,0.006,0.007,0.008,0.009000000000000001,0.01]",0.001,2821,mock,InstrumentType.Spot,614383856,mock,BTC-USDT
2199944884,0,0,1783610796778629943,101,depth,"[65000.32,65000.42,65000.520000000004,65000.62,65000.72,65000.82,65000.92,65001.020000000004,65001.12,65001.22]",65000.32,"[0.001,0.002,0.003,0.004,0.005,0.006,0.007,0.008,0.009000000000000001,0.01]",0.001,"[65000.12,65000.020000000004,64999.92,64999.82,64999.72,64999.62,64999.520000000004,64999.42,64999.32,64999.22]",65000.12,"[0.001,0.002,0.003,0.004,0.005,0.006,0.007,0.008,0.009000000000000001,0.01]",0.001,2822,mock,InstrumentType.Spot,614384416,mock,BTC-USDT
2199944884,0,0,1783610796778930031,101,depth,"[65000.33,65000.43,65000.530000000006,65000.630000000005,65000.73,65000.83,65000.93,65001.030000000006,65001.130000000005,65001.23]",65000.33,"[0.001,0.002,0.003,0.004,0.005,0.006,0.007,0.008,0.009000000000000001,0.01]",0.001,"[65000.130000000005,65000.030000000006,64999.93,64999.83,64999.73,64999.630000000005,64999.530000000006,64999.43,64999.33,64999.23]",65000.130000000005,"[0.001,0.002,0.003,0.004,0.005,0.006,0.007,0.008,0.009000000000000001,0.01]",0.001,2823,mock,InstrumentType.Spot,614384976,mock,BTC-USDT
2199944884,0,0,1783610796779229399,101,depth,"[65000.34,65000.439999999995,65000.54,65000.64,65000.74,65000.84,65000.939999999995,65001.04,65001.14,65001.24]",65000.34,"[0.001,0.002,0.003,0.004,0.005,0.006,0.007,0.008,0.009000000000000001,0.01]",0.001,"[65000.14,65000.04,64999.939999999995,64999.84,64999.74,64999.64,64999.54,64999.439999999995,64999.34,64999.24]",65000.14,"[0.001,0.002,0.003,0.004,0.005,0.006,0.007,0.008,0.009000000000000001,0.01]",0.001,2824,mock,InstrumentType.Spot,614385536,mock,BTC-USDT
2199944884,0,0,1783610796779529156,101,depth,"[65000.35,65000.45,65000.55,65000.65,65000.75,65000.85,65000.95,65001.05,65001.15,65001.25]",65000.35,"[0.001,0.002,0.003,0.004,0.005,0.006,0.007,0.008,0.009000000000000001,0.01]",0.001,"[65000.15,65000.05,64999.95,64999.85,64999.75,64999.65,64999.55,64999.45,64999.35,64999.25]",65000.15,"[0.001,0.002,0.003,0.004,0.005,0.006,0.007,0.008,0.009000000000000001,0.01]",0.001,2825,mock,InstrumentType.Spot,614386096,mock,BTC-USDT
2199944884,0,0,1783610796779850585,101,depth,"[65000.36,65000.46,65000.560000000005,65000.66,65000.76,65000.86,65000.96,65001.060000000005,65001.16,65001.26]",65000.36,"[0.001,0.002,0.003,0.004,0.005,0.006,0.007,0.008,0.009000000000000001,0.01]",0.001,"[65000.16,65000.060000000005,64999.96,64999.86,64999.76,64999.66,64999.560000000005,64999.46,64999.36,64999.26]",65000.16,"[0.001,0.002,0.003,0.004,0.005,0.006,0.007,0.008,0.009000000000000001,0.01]",0.001,2826,mock,InstrumentType.Spot,614386656,mock,BTC-USDT
2199944884,0,0,1783610796780128770,101,depth,"[65000.369999999995,65000.469999999994,65000.57,65000.67,65000.77,65000.869999999995,65000.969999999994,65001.07,65001.17,65001.27]",65000.369999999995,"[0.001,0.002,0.003,0.004,0.005,0.006,0.007,0.008,0.009000000000000001,0.01]",0.001,"[65000.17,65000.07,64999.969999999994,64999.869999999995,64999.77,64999.67,64999.57,64999.469999999994,64999.369999999995,64999.27]",65000.17,"[0.001,0.002,0.003,0.004,0.005,0.006,0.007,0.008,0.009000000000000001,0.01]",0.001,2827,mock,InstrumentType.Spot,614387216,mock,BTC-USDT
2199944884,0,0,1783610796780428800,101,depth,"[65000.38,65000.479999999996,65000.58,65000.68,65000.78,65000.88,65000.979999999996,65001.08,65001.18,65001.28]",65000.38,"[0.001,0.002,0.003,0.004,0.005,0.006,0.007,0.008,0.009000000000000001,0.01]",0.001,"[65000.18,65000.08,64999.979999999996,64999.88,64999.78,64999.68,64999.58,64999.479999999996,64999.38,64999.28]",65000.18,"[0.001,0.002,0.003,0.004,0.005,0.006,0.007,0.008,0.009000000000000001,0.01]",0.001,2828,mock,InstrumentType.Spot,614387776,mock,BTC-USDT
2199944884,0,0,1783610796780728464,101,depth,"[65000.39,65000.49,65000.590000000004,65000.69,65000.79,65000.89,65000.99,65001.090000000004,65001.19,65001.29]",65000.39,"[0.001,0.002,0.003,0.004,0.005,0.006,0.007,0.008,0.009000000000000001,0.01]",0.001,"[65000.19,65000.090000000004,64999.99,64999.89,64999.79,64999.69,64999.590000000004,64999.49,64999.39,64999.29]",65000.19,"[0.001,0.002,0.003,0.004,0.005,0.006,0.007,0.008,0.009000000000000001,0.01]",0.001,2829,mock,InstrumentType.Spot,614388336,mock,BTC-USDT
2199944884,0,0,1783610796781028434,101,depth,"[65000.4,65000.5,65000.600000000006,65000.700000000004,65000.8,65000.9,65001.0,65001.100000000006,65001.200000000004,65001.3]",65000.4,"[0.001,0.002,0.003,0.004,0.005,0.006,0.007,0.008,0.009000000000000001,0.01]",0.001,"[65000.200000000004,65000.100000000006,65000.0,64999.9,64999.8,64999.700000000004,64999.600000000006,64999.5,64999.4,64999.3]",65000.200000000004,"[0.001,0.002,0.003,0.004,0.005,0.006,0.007,0.008,0.009000000000000001,0.01]",0.001,2830,mock,InstrumentType.Spot,614388896,mock,BTC-USDT
2199944884,0,0,1783610796781328266,101,depth,"[65000.409999999996,65000.509999999995,65000.61,65000.71,65000.81,65000.909999999996,65001.009999999995,65001.11,65001.21,65001.31]",65000.409999999996,"[0.001,0.002,0.003,0.004,0.005,0.006,0.007,0.008,0.009000000000000001,0.01]",0.001,"[65000.21,65000.11,65000.009999999995,64999.909999999996,64999.81,64999.71,64999.61,64999.509999999995,64999.409999999996,64999.31]",65000.21,"[0.001,0.002,0.003,0.004,0.005,0.006,0.007,0.008,0.009000000000000001,0.01]",0.001,2831,mock,InstrumentType.Spot,614389456,mock,BTC-USDT
2199944884,0,0,1783610796781628298,101,depth,"[65000.42,65000.52,65000.62,65000.72,65000.82,65000.92,65001.02,65001.12,65001.22,65001.32]",65000.42,"[0.001,0.002,0.003,0.004,0.005,0.006,0.007,0.008,0.009000000000000001,0.01]",0.001,"[65000.22,65000.12,65000.02,64999.92,64999.82,64999.72,64999.62,64999.52,64999.42,64999.32]",65000.22,"[0.001,0.002,0.003,0.004,0.005,0.006,0.007,0.008,0.009000000000000001,0.01]",0.001,2832,mock,InstrumentType.Spot,614390016,mock,BTC-USDT
2199944884,0,0,1783610796781928145,101,depth,"[65000.43,65000.53,65000.630000000005,65000.73,65000.83,65000.93,65001.03,65001.130000000005,65001.23,65001.33]",65000.43,"[0.001,0.002,0.003,0.004,0.005,0.006,0.007,0.008,0.009000000000000001,0.01]",0.001,"[65000.23,65000.130000000005,65000.03,64999.93,64999.83,64999.73,64999.630000000005,64999.53,64999.43,64999.33]",65000.23,"[0.001,0.002,0.003,0.004,0.005,0.006,0.007,0.008,0.009000000000000001,0.01]",0.001,2833,mock,InstrumentType.Spot,614390576,mock,BTC-USDT
2199944884,0,0,1783610796782227996,101,depth,"[65000.439999999995,65000.53999999999,65000.64,65000.74,65000.84,65000.939999999995,65001.03999999999,65001.14,65001.24,65001.34]",65000.439999999995,"[0.001,0.002,0.003,0.004,0.005,0.006,0.007,0.008,0.009000000000000001,0.01]",0.001,"[65000.24,65000.14,65000.03999999999,64999.939999999995,64999.84,64999.74,64999.64,64999.53999999999,64999.439999999995,64999.34]",65000.24,"[0.001,0.002,0.003,0.004,0.005,0.006,0.007,0.008,0.009000000000000001,0.01]",0.001,2834,mock,InstrumentType.Spot,614391136,mock,BTC-USDT
2199944884,0,0,1783610796782527998,101,depth,"[65000.45,65000.549999999996,65000.65,65000.75,65000.85,65000.95,65001.049999999996,65001.15,65001.25,65001.35]",65000.45,"[0.001,0.002,0.003,0.004,0.005,0.006,0.007,0.008,0.009000000000000001,0.01]",0.001,"[65000.25,65000.15,65000.049999999996,64999.95,64999.85,64999.75,64999.65,64999.549999999996,64999.45,64999.35]",65000.25,"[0.001,0.002,0.003,0.004,0.005,0.006,0.007,0.008,0.009000000000000001,0.01]",0.001,2835,mock,InstrumentType.Spot,614391696,mock,BTC-USDT
2199944884,0,0,1783610796782833870,101,depth,"[65000.46,65000.56,65000.66,65000.76,65000.86,65000.96,65001.06,65001.16,65001.26,65001.36]",65000.46,"[0.001,0.002,0.003,0.004,0.005,0.006,0.007,0.008,0.009000000000000001,0.01]",0.001,"[65000.26,65000.16,65000.06,64999.96,64999.86,64999.76,64999.66,64999.56,64999.46,64999.36]",65000.26,"[0.001,0.002,0.003,0.004,0.005,0.006,0.007,0.008,0.009000000000000001,0.01]",0.001,2836,mock,InstrumentType.Spot,614392256,mock,BTC-USDT
2199944884,0,0,1783610796783127962,101,depth,"[65000.47,65000.57,65000.670000000006,65000.770000000004,65000.87,65000.97,65001.07,65001.170000000006,65001.270000000004,65001.37]",65000.47,"[0.001,0.002,0.003,0.004,0.005,0.006,0.007,0.008,0.009000000000000001,0.01]",0.001,"[65000.270000000004,65000.170000000006,65000.07,64999.97,64999.87,64999.770000000004,64999.670000000006,64999.57,64999.47,64999.37]",65000.270000000004,"[0.001,0.002,0.003,0.004,0.005,0.006,0.007,0.008,0.009000000000000001,0.01]",0.001,2837,mock,InstrumentType.Spot,614392816,mock,BTC-USDT
2199944884,0,0,1783610796783427937,101,depth,"[65000.479999999996,65000.579999999994,65000.68,65000.78,65000.88,65000.979999999996,65001.079999999994,65001.18,65001.28,65001.38]",65000.479999999996,"[0.001,0.002,0.003,0.004,0.005,0.006,0.007,0.008,0.009000000000000001,0.01]",0.001,"[65000.28,65000.18,65000.079999999994,64999.979999999996,64999.88,64999.78,64999.68,64999.579999999994,64999.479999999996,64999.38]",65000.28,"[0.001,0.002,0.003,0.004,0.005,0.006,0.007,0.008,0.009000000000000001,0.01]",0.001,2838,mock,InstrumentType.Spot,614393376,mock,BTC-USDT
2199944884,0,0,1783610796783727756,101,depth,"[65000.49,65000.59,65000.69,65000.79,65000.89,65000.99,65001.09,65001.19,65001.29,65001.39]",65000.49,"[0.001,0.002,0.003,0.004,0.005,0.006,0.007,0.008,0.009000000000000001,0.01]",0.001,"[65000.29,65000.19,65000.09,64999.99,64999.89,64999.79,64999.69,64999.59,64999.49,64999.39]",65000.29,"[0.001,0.002,0.003,0.004,0.005,0.006,0.007,0.008,0.009000000000000001,0.01]",0.001,2839,mock,InstrumentType.Spot,614393936,mock,BTC-USDT
2199944884,0,0,1783610796784027860,101,depth,"[65000.5,65000.6,65000.700000000004,65000.8,65000.9,65001.0,65001.1,65001.200000000004,65001.3,65001.4]",65000.5,"[0.001,0.002,0.003,0.004,0.005,0.006,0.007,0.008,0.009000000000000001,0.01]",0.001,"[65000.3,65000.200000000004,65000.1,65000.0,64999.9,64999.8,64999.700000000004,64999.6,64999.5,64999.4]",65000.3,"[0.001,0.002,0.003,0.004,0.005,0.006,0.007,0.008,0.009000000000000001,0.01]",0.001,2840,mock,InstrumentType.Spot,614394496,mock,BTC-USDT
2199944884,0,0,1783610796784327784,101,depth,"[65000.51,65000.61,65000.71000000001,65000.810000000005,65000.91,65001.01,65001.11,65001.21000000001,65001.310000000005,65001.41]",65000.51,"[0.001,0.002,0.003,0.004,0.005,0.006,0.007,0.008,0.009000000000000001,0.01]",0.001,"[65000.310000000005,65000.21000000001,65000.11,65000.01,64999.91,64999.810000000005,64999.71000000001,64999.61,64999.51,64999.41]",65000.310000000005,"[0.001,0.002,0.003,0.004,0.005,0.006,0.007,0.008,0.009000000000000001,0.01]",0.001,2841,mock,InstrumentType.Spot,614395056,mock,BTC-USDT
2199944884,0,0,1783610796784627748,101,depth,"[65000.52,65000.619999999995,65000.72,65000.82,65000.92,65001.02,65001.119999999995,65001.22,65001.32,65001.42]",65000.52,"[0.001,0.002,0.003,0.004,0.005,0.006,0.007,0.008,0.009000000000000001,0.01]",0.001,"[65000.32,65000.22,65000.119999999995,65000.02,64999.92,64999.82,64999.72,64999.619999999995,64999.52,64999.42]",65000.32,"[0.001,0.002,0.003,0.004,0.005,0.006,0.007,0.008,0.009000000000000001,0.01]",0.001,2842,mock,InstrumentType.Spot,614395616,mock,BTC-USDT
2199944884,0,0,1783610796784927837,101,depth,"[65000.53,65000.63,65000.73,65000.83,65000.93,65001.03,65001.13,65001.23,65001.33,65001.43]",65000.53,"[0.001,0.002,0.003,0.004,0.005,0.006,0.007,0.008,0.009000000000000001,0.01]",0.001,"[65000.33,65000.23,65000.13,65000.03,64999.93,64999.83,64999.73,64999.63,64999.53,64999.43]",65000.33,"[0.001,0.002,0.003,0.004,0.005,0.006,0.007,0.008,0.009000000000000001,0.01]",0.001,2843,mock,InstrumentType.Spot,614396176,mock,BTC-USDT
2199944884,0,0,1783610796785227978,101,depth,"[65000.54,65000.64,65000.740000000005,65000.840000000004,65000.94,65001.04,65001.14,65001.240000000005,65001.340000000004,65001.44]",65000.54,"[0.001,0.002,0.003,0.004,0.005,0.006,0.007,0.008,0.009000000000000001,0.01]",0.001,"[65000.340000000004,65000.240000000005,65000.14,65000.04,64999.94,64999.840000000004,64999.740000000005,64999.64,64999.54,64999.44]",65000.340000000004,"[0.001,0.002,0.003,0.004,0.005,0.006,0.007,0.008,0.009000000000000001,0.01]",0.001,2844,mock,InstrumentType.Spot,614396736,mock,BTC-USDT
2199944884,0,0,1783610796785528077,101,depth,"[65000.549999999996,65000.649999999994,65000.75,65000.85,65000.95,65001.049999999996,65001.149999999994,65001.25,65001.35,65001.45]",65000.549999999996,"[0.001,0.002,0.003,0.004,0.005,0.006,0.007,0.008,0.009000000000000001,0.01]",0.001,"[65000.35,65000.25,65000.149999999994,65000.049999999996,64999.95,64999.85,64999.75,64999.649999999994,64999.549999999996,64999.45]",65000.35,"[0.001,0.002,0.003,0.004,0.005,0.006,0.007,0.008,0.009000000000000001,0.01]",0.001,2845,mock,InstrumentType.Spot,614397296,mock,BTC-USDT
2199944884,0,0,1783610796785835757,101,depth,"[65000.56,65000.659999999996,65000.76,65000.86,65000.96,65001.06,65001.159999999996,65001.26,65001.36,65001.46]",65000.56,"[0.001,0.002,0.003,0.004,0.005,0.006,0.007,0.008,0.009000000000000001,0.01]",0.001,"[65000.36,65000.26,65000.159999999996,65000.06,64999.96,64999.86,64999.76,64999.659999999996,64999.56,64999.46]",65000.36,"[0.001,0.002,0.003,0.004,0.005,0.006,0.007,0.008,0.009000000000000001,0.01]",0.001,2846,mock,InstrumentType.Spot,614397856,mock,BTC-USDT
2199944884,0,0,1783610796786132881,101,depth,"[65000.57,65000.67,65000.770000000004,65000.87,65000.97,65001.07,65001.17,65001.270000000004,65001.37,65001.47]",65000.57,"[0.001,0.002,0.003,0.004,0.005,0.006,0.007,0.008,0.009000000000000001,0.01]",0.001,"[65000.37,65000.270000000004,65000.17,65000.07,64999.97,64999.87,64999.770000000004,64999.67,64999.57,64999.47]",65000.37,"[0.001,0.002,0.003,0.004,0.005,0.006,0.007,0.008,0.009000000000000001,0.01]",0.001,2847,mock,InstrumentType.Spot,614398416,mock,BTC-USDT
2199944884,0,0,1783610796786428665,101,depth,"[65000.58,65000.68,65000.780000000006,65000.880000000005,65000.98,65001.08,65001.18,65001.280000000006,65001.380000000005,65001.48]",65000.58,"[0.001,0.002,0.003,0.004,0.005,0.006,0.007,0.008,0.009000000000000001,0.01]",0.001,"[65000.380000000005,65000.280000000006,65000.18,65000.08,64999.98,64999.880000000005,64999.780000000006,64999.68,64999.58,64999.48]",65000.380000000005,"[0.001,0.002,0.003,0.004,0.005,0.006,0.007,0.008,0.009000000000000001,0.01]",0.001,2848,mock,InstrumentType.Spot,614398976,mock,BTC-USDT
2199944884,0,0,1783610796786727823,101,depth,"[65000.59,65000.689999999995,65000.79,65000.89,65000.99,65001.09,65001.189999999995,65001.29,65001.39,65001.49]",65000.59,"[0.001,0.002,0.003,0.004,0.005,0.006,0.007,0.008,0.009000000000000001,0.01]",0.001,"[65000.39,65000.29,65000.189999999995,65000.09,64999.99,64999.89,64999.79,64999.689999999995,64999.59,64999.49]",65000.39,"[0.001,0.002,0.003,0.004,0.005,0.006,0.007,0.008,0.009000000000000001,0.01]",0.001,2849,mock,InstrumentType.Spot,614399536,mock,BTC-USDT
2199944884,0,0,1783610796787028168,101,depth,"[65000.6,65000.7,65000.8,65000.9,65001.0,65001.1,65001.2,65001.3,65001.4,65001.5]",65000.6,"[0.001,0.002,0.003,0.004,0.005,0.006,0.007,0.008,0.009000000000000001,0.01]",0.001,"[65000.4,65000.3,65000.2,65000.1,65000.0,64999.9,64999.8,64999.7,64999.6,64999.5]",65000.4,"[0.001,0.002,0.003,0.004,0.005,0.006,0.007,0.008,0.009000000000000001,0.01]",0.001,2850,mock,InstrumentType.Spot,614400096,mock,BTC-USDT
2199944884,0,0,1783610796787328164,101,depth,"[65000.61,65000.71,65000.810000000005,65000.91,65001.01,65001.11,65001.21,65001.310000000005,65001.41,65001.51]",65000.61,"[0.001,0.002,0.003,0.004,0.005,0.006,0.007,0.008,0.009000000000000001,0.01]",0.001,"[65000.41,65000.310000000005,65000.21,65000.11,65000.01,64999.91,64999.810000000005,64999.71,64999.61,64999.51]",65000.41,"[0.001,0.002,0.003,0.004,0.005,0.006,0.007,0.008,0.009000000000000001,0.01]",0.001,2851,mock,InstrumentType.Spot,614400656,mock,BTC-USDT
2199944884,0,0,1783610796787628084,101,depth,"[65000.619999999995,65000.719999999994,65000.82,65000.92,65001.02,65001.119999999995,65001.219999999994,65001.32,65001.42,65001.52]",65000.619999999995,"[0.001,0.002,0.003,0.004,0.005,0.006,0.007,0.008,0.009000000000000001,0.01]",0.001,"[65000.42,65000.32,65000.219999999994,65000.119999999995,65000.02,64999.92,64999.82,64999.719999999994,64999.619999999995,64999.52]",65000.42,"[0.001,0.002,0.003,0.004,0.005,0.006,0.007,0.008,0.009000000000000001,0.01]",0.001,2852,mock,InstrumentType.Spot,614401216,mock,BTC-USDT
2199944884,0,0,1783610796787928602,101,depth,"[65000.63,65000.729999999996,65000.83,65000.93,65001.03,65001.13,65001.229999999996,65001.33,65001.43,65001.53]",65000.63,"[0.001,0.002,0.003,0.004,0.005,0.006,0.007,0.008,0.009000000000000001,0.01]",0.001,"[65000.43,65000.33,65000.229999999996,65000.13,65000.03,64999.93,64999.83,64999.729999999996,64999.63,64999.53]",65000.43,"[0.001,0.002,0.003,0.004,0.005,0.006,0.007,0.008,0.009000000000000001,0.01]",0.001,2853,mock,InstrumentType.Spot,614401776,mock,BTC-USDT
2199944884,0,0,1783610796788228659,101,depth,"[65000.64,65000.74,65000.840000000004,65000.94,65001.04,65001.14,65001.24,65001.340000000004,65001.44,65001.54]",65000.64,"[0.001,0.002,0.003,0.004,0.005,0.006,0.007,0.008,0.009000000000000001,0.01]",0.001,"[65000.44,65000.340000000004,65000.24,65000.14,65000.04,64999.94,64999.840000000004,64999.74,64999.64,64999.54]",65000.44,"[0.001,0.002,0.003,0.004,0.005,0.006,0.007,0.008,0.009000000000000001,0.01]",0.001,2854,mock,InstrumentType.Spot,614402336,mock,BTC-USDT
2199944884,0,0,1783610796788542136,101,depth,"[65000.65,65000.75,65000.850000000006,65000.950000000004,65001.05,65001.15,65001.25,65001.350000000006,65001.450000000004,65001.55]",65000.65,"[0.001,0.002,0.003,0.004,0.005,0.006,0.007,0.008,0.009000000000000001,0.01]",0.001,"[65000.450000000004,65000.350000000006,65000.25,65000.15,65000.05,64999.950000000004,64999.850000000006,64999.75,64999.65,64999.55]",65000.450000000004,"[0.001,0.002,0.003,0.004,0.005,0.006,0.007,0.008,0.009000000000000001,0.01]",0.001,2855,mock,InstrumentType.Spot,614402896,mock,BTC-USDT
2199944884,0,0,1783610796788828343,101,depth,"[65000.659999999996,65000.759999999995,65000.86,65000.96,65001.06,65001.159999999996,65001.259999999995,65001.36,65001.46,65001.56]",65000.659999999996,"[0.001,0.002,0.003,0.004,0.005,0.006,0.007,0.008,0.009000000000000001,0.01]",0.001,"[65000.46,65000.36,65000.259999999995,65000.159999999996,65000.06,64999.96,64999.86,64999.759999999995,64999.659999999996,64999.56]",65000.46,"[0.001,0.002,0.003,0.004,0.005,0.006,0.007,0.008,0.009000000000000001,0.01]",0.001,2856,mock,InstrumentType.Spot,614403456,mock,BTC-USDT
2199944884,0,0,1783610796789128132,101,depth,"[65000.67,65000.77,65000.87,65000.97,65001.07,65001.17,65001.27,65001.37,65001.47,65001.57]",65000.67,"[0.001,0.002,0.003,0.004,0.005,0.006,0.007,0.008,0.009000000000000001,0.01]",0.001,"[65000.47,65000.37,65000.27,65000.17,65000.07,64999.97,64999.87,64999.77,64999.67,64999.57]",65000.47,"[0.001,0.002,0.003,0.004,0.005,0.006,0.007,0.008,0.009000000000000001,0.01]",0.001,2857,mock,InstrumentType.Spot,614404016,mock,BTC-USDT
2199944884,0,0,1783610796789428106,101,depth,"[65000.68,65000.78,65000.880000000005,65000.98,65001.08,65001.18,65001.28,65001.380000000005,65001.48,65001.58]",65000.68,"[0.001,0.002,0.003,0.004,0.005,0.006,0.007,0.008,0.009000000000000001,0.01]",0.001,"[65000.48,65000.380000000005,65000.28,65000.18,65000.08,64999.98,64999.880000000005,64999.78,64999.68,64999.58]",65000.48,"[0.001,0.002,0.003,0.004,0.005,0.006,0.007,0.008,0.009000000000000001,0.01]",0.001,2858,mock,InstrumentType.Spot,614404576,mock,BTC-USDT
2199944884,0,0,1783610796789727932,101,depth,"[65000.689999999995,65000.78999999999,65000.89,65000.99,65001.09,65001.189999999995,65001.28999999999,65001.39,65001.49,65001.59]",65000.689999999995,"[0.001,0.002,0.003,0.004,0.005,0.006,0.007,0.008,0.009000000000000001,0.01]",0.001,"[65000.49,65000.39,65000.28999999999,65000.189999999995,65000.09,64999.99,64999.89,64999.78999999999,64999.689999999995,64999.59]",65000.49,"[0.001,0.002,0.003,0.004,0.005,0.006,0.007,0.008,0.009000000000000001,0.01]",0.001,2859,mock,InstrumentType.Spot,614405136,mock,BTC-USDT
2199944884,0,0,1783610796790027888,101,depth,"[65000.7,65000.799999999996,65000.9,65001.0,65001.1,65001.2,65001.299999999996,65001.4,65001.5,65001.6]",65000.7,"[0.001,0.002,0.003,0.004,0.005,0.006,0.007,0.008,0.009000000000000001,0.01]",0.001,"[65000.5,65000.4,65000.299999999996,65000.2,65000.1,65000.0,64999.9,64999.799999999996,64999.7,64999.6]",65000.5,"[0.001,0.002,0.003,0.004,0.005,0.006,0.007,0.008,0.009000000000000001,0.01]",0.001,2860,mock,InstrumentType.Spot,614405696,mock,BTC-USDT
2199944884,0,0,1783610796790327821,101,depth,"[65000.71,65000.81,65000.91,65001.01,65001.11,65001.21,65001.31,65001.41,65001.51,65001.61]",65000.71,"[0.001,0.002,0.003,0.004,0.005,0.006,0.007,0.008,0.009000000000000001,0.01]",0.001,"[65000.51,65000.41,65000.31,65000.21,65000.11,65000.01,64999.91,64999.81,64999.71,64999.61]",65000.51,"[0.001,0.002,0.003,0.004,0.005,0.006,0.007,0.008,0.009000000000000001,0.01]",0.001,2861,mock,InstrumentType.Spot,614406256,mock,BTC-USDT
2199944884,0,0,1783610796790627944,101,depth,"[65000.72,65000.82,65000.920000000006,65001.020000000004,65001.12,65001.22,65001.32,65001.420000000006,65001.520000000004,65001.62]",65000.72,"[0.001,0.002,0.003,0.004,0.005,0.006,0.007,0.008,0.009000000000000001,0.01]",0.001,"[65000.520000000004,65000.420000000006,65000.32,65000.22,65000.12,65000.020000000004,64999.920000000006,64999.82,64999.72,64999.62]",65000.520000000004,"[0.001,0.002,0.003,0.004,0.005,0.006,0.007,0.008,0.009000000000000001,0.01]",0.001,2862,mock,InstrumentType.Spot,614406816,mock,BTC-USDT
2199944884,0,0,1783610796790927940,101,depth,"[65000.729999999996,65000.829999999994,65000.93,65001.03,65001.13,65001.229999999996,65001.329999999994,65001.43,65001.53,65001.63]",65000.729999999996,"[0.001,0.002,0.003,0.004,0.005,0.006,0.007,0.008,0.009000000000000001,0.01]",0.001,"[65000.53,65000.43,65000.329999999994,65000.229999999996,65000.13,65000.03,64999.93,64999.829999999994,64999.729999999996,64999.63]",65000.53,"[0.001,0.002,0.003,0.004,0.005,0.006,0.007,0.008,0.009000000000000001,0.01]",0.001,2863,mock,InstrumentType.Spot,614407376,mock,BTC-USDT
2199944884,0,0,1783610796791228065,101,depth,"[65000.74,65000.84,65000.94,65001.04,65001.14,65001.24,65001.34,65001.44,65001.54,65001.64]",65000.74,"[0.001,0.002,0.003,0.004,0.005,0.006,0.007,0.008,0.009000000000000001,0.01]",0.001,"[65000.54,65000.44,65000.34,65000.24,65000.14,65000.04,64999.94,64999.84,64999.74,64999.64]",65000.54,"[0.001,0.002,0.003,0.004,0.005,0.006,0.007,0.008,0.009000000000000001,0.01]",0.001,2864,mock,InstrumentType.Spot,614407936,mock,BTC-USDT
2199944884,0,0,1783610796791533827,101,depth,"[65000.75,65000.85,65000.950000000004,65001.05,65001.15,65001.25,65001.35,65001.450000000004,65001.55,65001.65]",65000.75,"[0.001,0.002,0.003,0.004,0.005,0.006,0.007,0.008,0.009000000000000001,0.01]",0.001,"[65000.55,65000.450000000004,65000.35,65000.25,65000.15,65000.05,64999.950000000004,64999.85,64999.75,64999.65]",65000.55,"[0.001,0.002,0.003,0.004,0.005,0.006,0.007,0.008,0.009000000000000001,0.01]",0.001,2865,mock,InstrumentType.Spot,614408496,mock,BTC-USDT
2199944884,0,0,1783610796791827881,101,depth,"[65000.76,65000.86,65000.96000000001,65001.060000000005,65001.16,65001.26,65001.36,65001.46000000001,65001.560000000005,65001.66]",65000.76,"[0.001,0.002,0.003,0.004,0.005,0.006,0.007,0.008,0.009000000000000001,0.01]",0.001,"[65000.560000000005,65000.46000000001,65000.36,65000.26,65000.16,65000.060000000005,64999.96000000001,64999.86,64999.76,64999.66]",65000.560000000005,"[0.001,0.002,0.003,0.004,0.005,0.006,0.007,0.008,0.009000000000000001,0.01]",0.001,2866,mock,InstrumentType.Spot,614409056,mock,BTC-USDT
2199944884,0,0,1783610796792127957,101,depth,"[65000.77,65000.869999999995,65000.97,65001.07,65001.17,65001.27,65001.369999999995,65001.47,65001.57,65001.67]",65000.77,"[0.001,0.002,0.003,0.004,0.005,0.006,0.007,0.008,0.009000000000000001,0.01]",0.001,"[65000.57,65000.47,65000.369999999995,65000.27,65000.17,65000.07,64999.97,64999.869999999995,64999.77,64999.67]",65000.57,"[0.001,0.002,0.003,0.004,0.005,0.006,0.007,0.008,0.009000000000000001,0.01]",0.001,2867,mock,InstrumentType.Spot,614409616,mock,BTC-USDT
2199944884,0,0,1783610796792427862,101,depth,"[65000.78,65000.88,65000.98,65001.08,65001.18,65001.28,65001.38,65001.48,65001.58,65001.68]",65000.78,"[0.001,0.002,0.003,0.004,0.005,0.006,0.007,0.008,0.009000000000000001,0.01]",0.001,"[65000.58,65000.48,65000.38,65000.28,65000.18,65000.08,64999.98,64999.88,64999.78,64999.68]",65000.58,"[0.001,0.002,0.003,0.004,0.005,0.006,0.007,0.008,0.009000000000000001,0.01]",0.001,2868,mock,InstrumentType.Spot,614410176,mock,BTC-USDT
2199944884,0,0,1783610796792727987,101,depth,"[65000.79,65000.89,65000.990000000005,65001.090000000004,65001.19,65001.29,65001.39,65001.490000000005,65001.590000000004,65001.69]",65000.79,"[0.001,0.002,0.003,0.004,0.005,0.006,0.007,0.008,0.009000000000000001,0.01]",0.001,"[65000.590000000004,65000.490000000005,65000.39,65000.29,65000.19,65000.090000000004,64999.990000000005,64999.89,64999.79,64999.69]",65000.590000000004,"[0.001,0.002,0.003,0.004,0.005,0.006,0.007,0.008,0.009000000000000001,0.01]",0.001,2869,mock,InstrumentType.Spot,614410736,mock,BTC-USDT
2199944884,0,0,1783610796793027900,101,depth,"[65000.799999999996,65000.899999999994,65001.0,65001.1,65001.2,65001.299999999996,65001.399999999994,65001.5,65001.6,65001.7]",65000.799999999996,"[0.001,0.002,0.003,0.004,0.005,0.006,0.007,0.008,0.009000000000000001,0.01]",0.001,"[65000.6,65000.5,65000.399999999994,65000.299999999996,65000.2,65000.1,65000.0,64999.899999999994,64999.799999999996,64999.7]",65000.6,"[0.001,0.002,0.003,0.004,0.005,0.006,0.007,0.008,0.009000000000000001,0.01]",0.001,2870,mock,InstrumentType.Spot,614411296,mock,BTC-USDT
2199944884,0,0,1783610796793328042,101,depth,"[65000.81,65000.909999999996,65001.01,65001.11,65001.21,65001.31,65001.409999999996,65001.51,65001.61,65001.71]",65000.81,"[0.001,0.002,0.003,0.004,0.005,0.006,0.007,0.008,0.009000000000000001,0.01]",0.001,"[65000.61,65000.51,65000.409999999996,65000.31,65000.21,65000.11,65000.01,64999.909999999996,64999.81,64999.71]",65000.61,"[0.001,0.002,0.003,0.004,0.005,0.006,0.007,0.008,0.009000000000000001,0.01]",0.001,2871,mock,InstrumentType.Spot,614411856,mock,BTC-USDT
2199944884,0,0,1783610796793629454,101,depth,"[65000.82,65000.92,65001.020000000004,65001.12,65001.22,65001.32,65001.42,65001.520000000004,65001.62,65001.72]",65000.82,"[0.001,0.002,0.003,0.004,0.005,0.006,0.007,0.008,0.009000000000000001,0.01]",0.001,"[65000.62,65000.520000000004,65000.42,65000.32,65000.22,65000.12,65000.020000000004,64999.92,64999.82,64999.72]",65000.62,"[0.001,0.002,0.003,0.004,0.005,0.006,0.007,0.008,0.009000000000000001,0.01]",0.001,2872,mock,InstrumentType.Spot,614412416,mock,BTC-USDT
2199944884,0,0,1783610796793928631,101,depth,"[65000.83,65000.93,65001.030000000006,65001.130000000005,65001.23,65001.33,65001.43,65001.530000000006,65001.630000000005,65001.73]",65000.83,"[0.001,0.002,0.003,0.004,0.005,0.006,0.007,0.008,0.009000000000000001,0.01]",0.001,"[65000.630000000005,65000.530000000006,65000.43,65000.33,65000.23,65000.130000000005,65000.030000000006,64999.93,64999.83,64999.73]",65000.630000000005,"[0.001,0.002,0.003,0.004,0.005,0.006,0.007,0.008,0.009000000000000001,0.01]",0.001,2873,mock,InstrumentType.Spot,614412976,mock,BTC-USDT
2199944884,0,0,1783610796794236040,101,depth,"[65000.84,65000.939999999995,65001.04,65001.14,65001.24,65001.34,65001.439999999995,65001.54,65001.64,65001.74]",65000.84,"[0.001,0.002,0.003,0.004,0.005,0.006,0.007,0.008,0.009000000000000001,0.01]",0.001,"[65000.64,65000.54,65000.439999999995,65000.34,65000.24,65000.14,65000.04,64999.939999999995,64999.84,64999.74]",65000.64,"[0.001,0.002,0.003,0.004,0.005,0.006,0.007,0.008,0.009000000000000001,0.01]",0.001,2874,mock,InstrumentType.Spot,614413536,mock,BTC-USDT
2199944884,0,0,1783610796794528171,101,depth,"[65000.85,65000.95,65001.05,65001.15,65001.25,65001.35,65001.45,65001.55,65001.65,65001.75]",65000.85,"[0.001,0.002,0.003,0.004,0.005,0.006,0.007,0.008,0.009000000000000001,0.01]",0.001,"[65000.65,65000.55,65000.45,65000.35,65000.25,65000.15,65000.05,64999.95,64999.85,64999.75]",65000.65,"[0.001,0.002,0.003,0.004,0.005,0.006,0.007,0.008,0.009000000000000001,0.01]",0.001,2875,mock,InstrumentType.Spot,614414096,mock,BTC-USDT
2199944884,0,0,1783610796794828020,101,depth,"[65000.86,65000.96,65001.060000000005,65001.16,65001.26,65001.36,65001.46,65001.560000000005,65001.66,65001.76]",65000.86,"[0.001,0.002,0.003,0.004,0.005,0.006,0.007,0.008,0.009000000000000001,0.01]",0.001,"[65000.66,65000.560000000005,65000.46,65000.36,65000.26,65000.16,65000.060000000005,64999.96,64999.86,64999.76]",65000.66,"[0.001,0.002,0.003,0.004,0.005,0.006,0.007,0.008,0.009000000000000001,0.01]",0.001,2876,mock,InstrumentType.Spot,614414656,mock,BTC-USDT
2199944884,0,0,1783610796795128009,101,depth,"[65000.869999999995,65000.969999999994,65001.07,65001.17,65001.27,65001.369999999995,65001.469999999994,65001.57,65001.67,65001.77]",65000.869999999995,"[0.001,0.002,0.003,0.004,0.005,0.006,0.007,0.008,0.009000000000000001,0.01]",0.001,"[65000.67,65000.57,65000.469999999994,65000.369999999995,65000.27,65000.17,65000.07,64999.969999999994,64999.869999999995,64999.77]",65000.67,"[0.001,0.002,0.003,0.004,0.005,0.006,0.007,0.008,0.009000000000000001,0.01]",0.001,2877,mock,InstrumentType.Spot,614415216,mock,BTC-USDT
2199944884,0,0,1783610796795427822,101,depth,"[65000.88,65000.979999999996,65001.08,65001.18,65001.28,65001.38,65001.479999999996,65001.58,65001.68,65001.78]",65000.88,"[0.001,0.002,0.003,0.004,0.005,0.006,0.007,0.008,0.009000000000000001,0.01]",0.001,"[65000.68,65000.58,65000.479999999996,65000.38,65000.28,65000.18,65000.08,64999.979999999996,64999.88,64999.78]",65000.68,"[0.001,0.002,0.003,0.004,0.005,0.006,0.007,0.008,0.009000000000000001,0.01]",0.001,2878,mock,InstrumentType.Spot,614415776,mock,BTC-USDT
2199944884,0,0,1783610796795727915,101,depth,"[65000.89,65000.99,65001.090000000004,65001.19,65001.29,65001.39,65001.49,65001.590000000004,65001.69,65001.79]",65000.89,"[0.001,0.002,0.003,0.004,0.005,0.006,0.007,0.008,0.009000000000000001,0.01]",0.001,"[65000.69,65000.590000000004,65000.49,65000.39,65000.29,65000.19,65000.090000000004,64999.99,64999.89,64999.79]",65000.69,"[0.001,0.002,0.003,0.004,0.005,0.006,0.007,0.008,0.009000000000000001,0.01]",0.001,2879,mock,InstrumentType.Spot,614416336,mock,BTC-USDT
2199944884,0,0,1783610796796027800,101,depth,"[65000.9,65001.0,65001.100000000006,65001.200000000004,65001.3,65001.4,65001.5,65001.600000000006,65001.700000000004,65001.8]",65000.9,"[0.001,0.002,0.003,0.004,0.005,0.006,0.007,0.008,0.009000000000000001,0.01]",0.001,"[65000.700000000004,65000.600000000006,65000.5,65000.4,65000.3,65000.200000000004,65000.100000000006,65000.0,64999.9,64999.8]",65000.700000000004,"[0.001,0.002,0.003,0.004,0.005,0.006,0.007,0.008,0.009000000000000001,0.01]",0.001,2880,mock,InstrumentType.Spot,614416896,mock,BTC-USDT
2199944884,0,0,1783610796796327793,101,depth,"[65000.909999999996,65001.009999999995,65001.11,65001.21,65001.31,65001.409999999996,65001.509999999995,65001.61,65001.71,65001.81]",65000.909999999996,"[0.001,0.002,0.003,0.004,0.005,0.006,0.007,0.008,0.009000000000000001,0.01]",0.001,"[65000.71,65000.61,65000.509999999995,65000.409999999996,65000.31,65000.21,65000.11,65000.009999999995,64999.909999999996,64999.81]",65000.71,"[0.001,0.002,0.003,0.004,0.005,0.006,0.007,0.008,0.009000000000000001,0.01]",0.001,2881,mock,InstrumentType.Spot,614417456,mock,BTC-USDT
2199944884,0,0,1783610796796628466,101,depth,"[65000.92,65001.02,65001.12,65001.22,65001.32,65001.42,65001.52,65001.62,65001.72,65001.82]",65000.92,"[0.001,0.002,0.003,0.004,0.005,0.006,0.007,0.008,0.009000000000000001,0.01]",0.001,"[65000.72,65000.62,65000.52,65000.42,65000.32,65000.22,65000.12,65000.02,64999.92,64999.82]",65000.72,"[0.001,0.002,0.003,0.004,0.005,0.006,0.007,0.008,0.009000000000000001,0.01]",0.001,2882,mock,InstrumentType.Spot,614418016,mock,BTC-USDT
2199944884,0,0,1783610796796927846,101,depth,"[65000.93,65001.03,65001.130000000005,65001.23,65001.33,65001.43,65001.53,65001.630000000005,65001.73,65001.83]",65000.93,"[0.001,0.002,0.003,0.004,0.005,0.006,0.007,0.008,0.009000000000000001,0.01]",0.001,"[65000.73,65000.630000000005,65000.53,65000.43,65000.33,65000.23,65000.130000000005,65000.03,64999.93,64999.83]",65000.73,"[0.001,0.002,0.003,0.004,0.005,0.006,0.007,0.008,0.009000000000000001,0.01]",0.001,2883,mock,InstrumentType.Spot,614418576,mock,BTC-USDT
2199944884,0,0,1783610796797235500,101,depth,"[65000.939999999995,65001.03999999999,65001.14,65001.24,65001.34,65001.439999999995,65001.53999999999,65001.64,65001.74,65001.84]",65000.939999999995,"[0.001,0.002,0.003,0.004,0.005,0.006,0.007,0.008,0.009000000000000001,0.01]",0.001,"[65000.74,65000.64,65000.53999999999,65000.439999999995,65000.34,65000.24,65000.14,65000.03999999999,64999.939999999995,64999.84]",65000.74,"[0.001,0.002,0.003,0.004,0.005,0.006,0.007,0.008,0.009000000000000001,0.01]",0.001,2884,mock,InstrumentType.Spot,614419136,mock,BTC-USDT
2199944884,0,0,1783610796797527884,101,depth,"[65000.95,65001.049999999996,65001.15,65001.25,65001.35,65001.45,65001.549999999996,65001.65,65001.75,65001.85]",65000.95,"[0.001,0.002,0.003,0.004,0.005,0.006,0.007,0.008,0.009000000000000001,0.01]",0.001,"[65000.75,65000.65,65000.549999999996,65000.45,65000.35,65000.25,65000.15,65000.049999999996,64999.95,64999.85]",65000.75,"[0.001,0.002,0.003,0.004,0.005,0.006,0.007,0.008,0.009000000000000001,0.01]",0.001,2885,mock,InstrumentType.Spot,614419696,mock,BTC-USDT
2199944884,0,0,1783610796797827874,101,depth,"[65000.96,65001.06,65001.16,65001.26,65001.36,65001.46,65001.56,65001.66,65001.76,65001.86]",65000.96,"[0.001,0.002,0.003,0.004,0.005,0.006,0.007,0.008,0.009000000000000001,0.01]",0.001,"[65000.76,65000.66,65000.56,65000.46,65000.36,65000.26,65000.16,65000.06,64999.96,64999.86]",65000.76,"[0.001,0.002,0.003,0.004,0.005,0.006,0.007,0.008,0.009000000000000001,0.01]",0.001,2886,mock,InstrumentType.Spot,614244416,mock,BTC-USDT
2199944884,0,0,1783610796798127945,101,depth,"[65000.97,65001.07,65001.170000000006,65001.270000000004,65001.37,65001.47,65001.57,65001.670000000006,65001.770000000004,65001.87]",65000.97,"[0.001,0.002,0.003,0.004,0.005,0.006,0.007,0.008,0.009000000000000001,0.01]",0.001,"[65000.770000000004,65000.670000000006,65000.57,65000.47,65000.37,65000.270000000004,65000.170000000006,65000.07,64999.97,64999.87]",65000.770000000004,"[0.001,0.002,0.003,0.004,0.005,0.006,0.007,0.008,0.009000000000000001,0.01]",0.001,2887,mock,InstrumentType.Spot,614244976,mock,BTC-USDT
2199944884,0,0,1783610796798427882,101,depth,"[65000.979999999996,65001.079999999994,65001.18,65001.28,65001.38,65001.479999999996,65001.579999999994,65001.68,65001.78,65001.88]",65000.979999999996,"[0.001,0.002,0.003,0.004,0.005,0.006,0.007,0.008,0.009000000000000001,0.01]",0.001,"[65000.78,65000.68,65000.579999999994,65000.479999999996,65000.38,65000.28,65000.18,65000.079999999994,64999.979999999996,64999.88]",65000.78,"[0.001,0.002,0.003,0.004,0.005,0.006,0.007,0.008,0.009000000000000001,0.01]",0.001,2888,mock,InstrumentType.Spot,614245536,mock,BTC-USDT
2199944884,0,0,1783610796798727653,101,depth,"[65000.99,65001.09,65001.19,65001.29,65001.39,65001.49,65001.59,65001.69,65001.79,65001.89]",65000.99,"[0.001,0.002,0.003,0.004,0.005,0.006,0.007,0.008,0.009000000000000001,0.01]",0.001,"[65000.79,65000.69,65000.59,65000.49,65000.39,65000.29,65000.19,65000.09,64999.99,64999.89]",65000.79,"[0.001,0.002,0.003,0.004,0.005,0.006,0.007,0.008,0.009000000000000001,0.01]",0.001,2889,mock,InstrumentType.Spot,614246096,mock,BTC-USDT
2199944884,0,0,1783610796799028782,101,depth,"[65001.0,65001.1,65001.200000000004,65001.3,65001.4,65001.5,65001.6,65001.700000000004,65001.8,65001.9]",65001.0,"[0.001,0.002,0.003,0.004,0.005,0.006,0.007,0.008,0.009000000000000001,0.01]",0.001,"[65000.8,65000.700000000004,65000.6,65000.5,65000.4,65000.3,65000.200000000004,65000.1,65000.0,64999.9]",65000.8,"[0.001,0.002,0.003,0.004,0.005,0.006,0.007,0.008,0.009000000000000001,0.01]",0.001,2890,mock,InstrumentType.Spot,614246656,mock,BTC-USDT
2199944884,0,0,1783610796799329742,101,depth,"[65001.01,65001.11,65001.21000000001,65001.310000000005,65001.41,65001.51,65001.61,65001.71000000001,65001.810000000005,65001.91]",65001.01,"[0.001,0.002,0.003,0.004,0.005,0.006,0.007,0.008,0.009000000000000001,0.01]",0.001,"[65000.810000000005,65000.71000000001,65000.61,65000.51,65000.41,65000.310000000005,65000.21000000001,65000.11,65000.01,64999.91]",65000.810000000005,"[0.001,0.002,0.003,0.004,0.005,0.006,0.007,0.008,0.009000000000000001,0.01]",0.001,2891,mock,InstrumentType.Spot,614247216,mock,BTC-USDT
2199944884,0,0,1783610796799627932,101,depth,"[65001.02,65001.119999999995,65001.22,65001.32,65001.42,65001.52,65001.619999999995,65001.72,65001.82,65001.92]",65001.02,"[0.001,0.002,0.003,0.004,0.005,0.006,0.007,0.008,0.009000000000000001,0.01]",0.001,"[65000.82,65000.72,65000.619999999995,65000.52,65000.42,65000.32,65000.22,65000.119999999995,65000.02,64999.92]",65000.82,"[0.001,0.002,0.003,0.004,0.005,0.006,0.007,0.008,0.009000000000000001,0.01]",0.001,2892,mock,InstrumentType.Spot,614247776,mock,BTC-USDT
2199944884,0,0,1783610796799942316,101,depth,"[65001.03,65001.13,65001.23,65001.33,65001.43,65001.53,65001.63,65001.73,65001.83,65001.93]",65001.03,"[0.001,0.002,0.003,0.004,0.005,0.006,0.007,0.008,0.009000000000000001,0.01]",0.001,"[65000.83,65000.73,65000.63,65000.53,65000.43,65000.33,65000.23,65000.13,65000.03,64999.93]",65000.83,"[0.001,0.002,0.003,0.004,0.005,0.006,0.007,0.008,0.009000000000000001,0.01]",0.001,2893,mock,InstrumentType.Spot,614248336,mock,BTC-USDT
2199944884,0,0,1783610796800227860,101,depth,"[65001.04,65001.14,65001.240000000005,65001.340000000004,65001.44,65001.54,65001.64,65001.740000000005,65001.840000000004,65001.94]",65001.04,"[0.001,0.002,0.003,0.004,0.005,0.006,0.007,0.008,0.009000000000000001,0.01]",0.001,"[65000.840000000004,65000.740000000005,65000.64,65000.54,65000.44,65000.340000000004,65000.240000000005,65000.14,65000.04,64999.94]",65000.840000000004,"[0.001,0.002,0.003,0.004,0.005,0.006,0.007,0.008,0.009000000000000001,0.01]",0.001,2894,mock,InstrumentType.Spot,614248896,mock,BTC-USDT
2199944884,0,0,1783610796800527861,101,depth,"[65001.049999999996,65001.149999999994,65001.25,65001.35,65001.45,65001.549999999996,65001.649999999994,65001.75,65001.85,65001.95]",65001.049999999996,"[0.001,0.002,0.003,0.004,0.005,0.006,0.007,0.008,0.009000000000000001,0.01]",0.001,"[65000.85,65000.75,65000.649999999994,65000.549999999996,65000.45,65000.35,65000.25,65000.149999999994,65000.049999999996,64999.95]",65000.85,"[0.001,0.002,0.003,0.004,0.005,0.006,0.007,0.008,0.009000000000000001,0.01]",0.001,2895,mock,InstrumentType.Spot,614249456,mock,BTC-USDT
2199944884,0,0,1783610796800827699,101,depth,"[65001.06,65001.159999999996,65001.26,65001.36,65001.46,65001.56,65001.659999999996,65001.76,65001.86,65001.96]",65001.06,"[0.001,0.002,0.003,0.004,0.005,0.006,0.007,0.008,0.009000000000000001,0.01]",0.001,"[65000.86,65000.76,65000.659999999996,65000.56,65000.46,65000.36,65000.26,65000.159999999996,65000.06,64999.96]",65000.86,"[0.001,0.002,0.003,0.004,0.005,0.006,0.007,0.008,0.009000000000000001,0.01]",0.001,2896,mock,InstrumentType.Spot,614250016,mock,BTC-USDT
2199944884,0,0,1783610796801130965,101,depth,"[65001.07,65001.17,65001.270000000004,65001.37,65001.47,65001.57,65001.67,65001.770000000004,65001.87,65001.97]",65001.07,"[0.001,0.002,0.003,0.004,0.005,0.006,0.007,0.008,0.009000000000000001,0.01]",0.001,"[65000.87,65000.770000000004,65000.67,65000.57,65000.47,65000.37,65000.270000000004,65000.17,65000.07,64999.97]",65000.87,"[0.001,0.002,0.003,0.004,0.005,0.006,0.007,0.008,0.009000000000000001,0.01]",0.001,2897,mock,InstrumentType.Spot,614250576,mock,BTC-USDT
2199944884,0,0,1783610796801429394,101,depth,"[65001.08,65001.18,65001.280000000006,65001.380000000005,65001.48,65001.58,65001.68,65001.780000000006,65001.880000000005,65001.98]",65001.08,"[0.001,0.002,0.003,0.004,0.005,0.006,0.007,0.008,0.009000000000000001,0.01]",0.001,"[65000.880000000005,65000.780000000006,65000.68,65000.58,65000.48,65000.380000000005,65000.280000000006,65000.18,65000.08,64999.98]",65000.880000000005,"[0.001,0.002,0.003,0.004,0.005,0.006,0.007,0.008,0.009000000000000001,0.01]",0.001,2898,mock,InstrumentType.Spot,614251136,mock,BTC-USDT
2199944884,0,0,1783610796801730789,101,depth,"[65001.09,65001.189999999995,65001.29,65001.39,65001.49,65001.59,65001.689999999995,65001.79,65001.89,65001.99]",65001.09,"[0.001,0.002,0.003,0.004,0.005,0.006,0.007,0.008,0.009000000000000001,0.01]",0.001,"[65000.89,65000.79,65000.689999999995,65000.59,65000.49,65000.39,65000.29,65000.189999999995,65000.09,64999.99]",65000.89,"[0.001,0.002,0.003,0.004,0.005,0.006,0.007,0.008,0.009000000000000001,0.01]",0.001,2899,mock,InstrumentType.Spot,614251696,mock,BTC-USDT
2199944884,0,0,1783610796802028462,101,depth,"[65000.1,65000.2,65000.3,65000.4,65000.5,65000.6,65000.7,65000.8,65000.9,65001.0]",65000.1,"[0.001,0.002,0.003,0.004,0.005,0.006,0.007,0.008,0.009000000000000001,0.01]",0.001,"[64999.9,64999.8,64999.7,64999.6,64999.5,64999.4,64999.3,64999.2,64999.1,64999.0]",64999.9,"[0.001,0.002,0.003,0.004,0.005,0.006,0.007,0.008,0.009000000000000001,0.01]",0.001,2900,mock,InstrumentType.Spot,614252256,mock,BTC-USDT
2199944884,0,0,1783610796802328090,101,depth,"[65000.11,65000.21,65000.310000000005,65000.41,65000.51,65000.61,65000.71,65000.810000000005,65000.91,65001.01]",65000.11,"[0.001,0.002,0.003,0.004,0.005,0.006,0.007,0.008,0.009000000000000001,0.01]",0.001,"[64999.91,64999.810000000005,64999.71,64999.61,64999.51,64999.41,64999.310000000005,64999.21,64999.11,64999.01]",64999.91,"[0.001,0.002,0.003,0.004,0.005,0.006,0.007,0.008,0.009000000000000001,0.01]",0.001,2901,mock,InstrumentType.Spot,614252816,mock,BTC-USDT
2199944884,0,0,1783610796802627949,101,depth,"[65000.119999999995,65000.219999999994,65000.32,65000.42,65000.52,65000.619999999995,65000.719999999994,65000.82,65000.92,65001.02]",65000.119999999995,"[0.001,0.002,0.003,0.004,0.005,0.006,0.007,0.008,0.009000000000000001,0.01]",0.001,"[64999.92,64999.82,64999.719999999994,64999.619999999995,64999.52,64999.42,64999.32,64999.219999999994,64999.119999999995,64999.02]",64999.92,"[0.001,0.002,0.003,0.004,0.005,0.006,0.007,0.008,0.009000000000000001,0.01]",0.001,2902,mock,InstrumentType.Spot,614253376,mock,BTC-USDT
2199944884,0,0,1783610796802947833,101,depth,"[65000.13,65000.229999999996,65000.33,65000.43,65000.53,65000.63,65000.729999999996,65000.83,65000.93,65001.03]",65000.13,"[0.001,0.002,0.003,0.004,0.005,0.006,0.007,0.008,0.009000000000000001,0.01]",0.001,"[64999.93,64999.83,64999.729999999996,64999.63,64999.53,64999.43,64999.33,64999.229999999996,64999.13,64999.03]",64999.93,"[0.001,0.002,0.003,0.004,0.005,0.006,0.007,0.008,0.009000000000000001,0.01]",0.001,2903,mock,InstrumentType.Spot,614253936,mock,BTC-USDT
2199944884,0,0,1783610796803228008,101,depth,"[65000.14,65000.24,65000.340000000004,65000.44,65000.54,65000.64,65000.74,65000.840000000004,65000.94,65001.04]",65000.14,"[0.001,0.002,0.003,0.004,0.005,0.006,0.007,0.008,0.009000000000000001,0.01]",0.001,"[64999.94,64999.840000000004,64999.74,64999.64,64999.54,64999.44,64999.340000000004,64999.24,64999.14,64999.04]",64999.94,"[0.001,0.002,0.003,0.004,0.005,0.006,0.007,0.008,0.009000000000000001,0.01]",0.001,2904,mock,InstrumentType.Spot,614254496,mock,BTC-USDT
2199944884,0,0,1783610796803527832,101,depth,"[65000.15,65000.25,65000.350000000006,65000.450000000004,65000.55,65000.65,65000.75,65000.850000000006,65000.950000000004,65001.05]",65000.15,"[0.001,0.002,0.003,0.004,0.005,0.006,0.007,0.008,0.009000000000000001,0.01]",0.001,"[64999.950000000004,64999.850000000006,64999.75,64999.65,64999.55,64999.450000000004,64999.350000000006,64999.25,64999.15,64999.05]",64999.950000000004,"[0.001,0.002,0.003,0.004,0.005,0.006,0.007,0.008,0.009000000000000001,0.01]",0.001,2905,mock,InstrumentType.Spot,614255056,mock,BTC-USDT
2199944884,0,0,1783610796803827765,101,depth,"[65000.159999999996,65000.259999999995,65000.36,65000.46,65000.56,65000.659999999996,65000.759999999995,65000.86,65000.96,65001.06]",65000.159999999996,"[0.001,0.002,0.003,0.004,0.005,0.006,0.007,0.008,0.009000000000000001,0.01]",0.001,"[64999.96,64999.86,64999.759999999995,64999.659999999996,64999.56,64999.46,64999.36,64999.259999999995,64999.159999999996,64999.06]",64999.96,"[0.001,0.002,0.003,0.004,0.005,0.006,0.007,0.008,0.009000000000000001,0.01]",0.001,2906,mock,InstrumentType.Spot,614255616,mock,BTC-USDT
2199944884,0,0,1783610796804127891,101,depth,"[65000.17,65000.27,65000.37,65000.47,65000.57,65000.67,65000.77,65000.87,65000.97,65001.07]",65000.17,"[0.001,0.002,0.003,0.004,0.005,0.006,0.007,0.008,0.009000000000000001,0.01]",0.001,"[64999.97,64999.87,64999.77,64999.67,64999.57,64999.47,64999.37,64999.27,64999.17,64999.07]",64999.97,"[0.001,0.002,0.003,0.004,0.005,0.006,0.007,0.008,0.009000000000000001,0.01]",0.001,2907,mock,InstrumentType.Spot,614256176,mock,BTC-USDT
2199944884,0,0,1783610796804427881,101,depth,"[65000.18,65000.28,65000.380000000005,65000.48,65000.58,65000.68,65000.78,65000.880000000005,65000.98,65001.08]",65000.18,"[0.001,0.002,0.003,0.004,0.005,0.006,0.007,0.008,0.009000000000000001,0.01]",0.001,"[64999.98,64999.880000000005,64999.78,64999.68,64999.58,64999.48,64999.380000000005,64999.28,64999.18,64999.08]",64999.98,"[0.001,0.002,0.003,0.004,0.005,0.006,0.007,0.008,0.009000000000000001,0.01]",0.001,2908,mock,InstrumentType.Spot,614256736,mock,BTC-USDT
2199944884,0,0,1783610796804727823,101,depth,"[65000.189999999995,65000.28999999999,65000.39,65000.49,65000.59,65000.689999999995,65000.78999999999,65000.89,65000.99,65001.09]",65000.189999999995,"[0.001,0.002,0.003,0.004,0.005,0.006,0.007,0.008,0.009000000000000001,0.01]",0.001,"[64999.99,64999.89,64999.78999999999,64999.689999999995,64999.59,64999.49,64999.39,64999.28999999999,64999.189999999995,64999.09]",64999.99,"[0.001,0.002,0.003,0.004,0.005,0.006,0.007,0.008,0.009000000000000001,0.01]",0.001,2909,mock,InstrumentType.Spot,614257296,mock,BTC-USDT
2199944884,0,0,1783610796805027932,101,depth,"[65000.2,65000.299999999996,65000.4,65000.5,65000.6,65000.7,65000.799999999996,65000.9,65001.0,65001.1]",65000.2,"[0.001,0.002,0.003,0.004,0.005,0.006,0.007,0.008,0.009000000000000001,0.01]",0.001,"[65000.0,64999.9,64999.799999999996,64999.7,64999.6,64999.5,64999.4,64999.299999999996,64999.2,64999.1]",65000.0,"[0.001,0.002,0.003,0.004,0.005,0.006,0.007,0.008,0.009000000000000001,0.01]",0.001,2910,mock,InstrumentType.Spot,614257856,mock,BTC-USDT
2199944884,0,0,1783610796805327930,101,depth,"[65000.21,65000.31,65000.41,65000.51,65000.61,65000.71,65000.81,65000.91,65001.01,65001.11]",65000.21,"[0.001,0.002,0.003,0.004,0.005,0.006,0.007,0.008,0.009000000000000001,0.01]",0.001,"[65000.01,64999.91,64999.81,64999.71,64999.61,64999.51,64999.41,64999.31,64999.21,64999.11]",65000.01,"[0.001,0.002,0.003,0.004,0.005,0.006,0.007,0.008,0.009000000000000001,0.01]",0.001,2911,mock,InstrumentType.Spot,614258416,mock,BTC-USDT
2199944884,0,0,1783610796805634937,101,depth,"[65000.22,65000.32,65000.420000000006,65000.520000000004,65000.62,65000.72,65000.82,65000.920000000006,65001.020000000004,65001.12]",65000.22,"[0.001,0.002,0.003,0.004,0.005,0.006,0.007,0.008,0.009000000000000001,0.01]",0.001,"[65000.020000000004,64999.920000000006,64999.82,64999.72,64999.62,64999.520000000004,64999.420000000006,64999.32,64999.22,64999.12]",65000.020000000004,"[0.001,0.002,0.003,0.004,0.005,0.006,0.007,0.008,0.009000000000000001,0.01]",0.001,2912,mock,InstrumentType.Spot,614258976,mock,BTC-USDT
2199944884,0,0,1783610796805928024,101,depth,"[65000.229999999996,65000.329999999994,65000.43,65000.53,65000.63,65000.729999999996,65000.829999999994,65000.93,65001.03,65001.13]",65000.229999999996,"[0.001,0.002,0.003,0.004,0.005,0.006,0.007,0.008,0.009000000000000001,0.01]",0.001,"[65000.03,64999.93,64999.829999999994,64999.729999999996,64999.63,64999.53,64999.43,64999.329999999994,64999.229999999996,64999.13]",65000.03,"[0.001,0.002,0.003,0.004,0.005,0.006,0.007,0.008,0.009000000000000001,0.01]",0.001,2913,mock,InstrumentType.Spot,614259536,mock,BTC-USDT
2199944884,0,0,1783610796806227911,101,depth,"[65000.24,65000.34,65000.44,65000.54,65000.64,65000.74,65000.84,65000.94,65001.04,65001.14]",65000.24,"[0.001,0.002,0.003,0.004,0.005,0.006,0.007,0.008,0.009000000000000001,0.01]",0.001,"[65000.04,64999.94,64999.84,64999.74,64999.64,64999.54,64999.44,64999.34,64999.24,64999.14]",65000.04,"[0.001,0.002,0.003,0.004,0.005,0.006,0.007,0.008,0.009000000000000001,0.01]",0.001,2914,mock,InstrumentType.Spot,614260096,mock,BTC-USDT
2199944884,0,0,1783610796806527875,101,depth,"[65000.25,65000.35,65000.450000000004,65000.55,65000.65,65000.75,65000.85,65000.950000000004,65001.05,65001.15]",65000.25,"[0.001,0.002,0.003,0.004,0.005,0.006,0.007,0.008,0.009000000000000001,0.01]",0.001,"[65000.05,64999.950000000004,64999.85,64999.75,64999.65,64999.55,64999.450000000004,64999.35,64999.25,64999.15]",65000.05,"[0.001,0.002,0.003,0.004,0.005,0.006,0.007,0.008,0.009000000000000001,0.01]",0.001,2915,mock,InstrumentType.Spot,614260656,mock,BTC-USDT
2199944884,0,0,1783610796806827941,101,depth,"[65000.26,65000.36,65000.46000000001,65000.560000000005,65000.66,65000.76,65000.86,65000.96000000001,65001.060000000005,65001.16]",65000.26,"[0.001,0.002,0.003,0.004,0.005,0.006,0.007,0.008,0.009000000000000001,0.01]",0.001,"[65000.060000000005,64999.96000000001,64999.86,64999.76,64999.66,64999.560000000005,64999.46000000001,64999.36,64999.26,64999.16]",65000.060000000005,"[0.001,0.002,0.003,0.004,0.005,0.006,0.007,0.008,0.009000000000000001,0.01]",0.001,2916,mock,InstrumentType.Spot,614261216,mock,BTC-USDT
2199944884,0,0,1783610796807128012,101,depth,"[65000.27,65000.369999999995,65000.47,65000.57,65000.67,65000.77,65000.869999999995,65000.97,65001.07,65001.17]",65000.27,"[0.001,0.002,0.003,0.004,0.005,0.006,0.007,0.008,0.009000000000000001,0.01]",0.001,"[65000.07,64999.97,64999.869999999995,64999.77,64999.67,64999.57,64999.47,64999.369999999995,64999.27,64999.17]",65000.07,"[0.001,0.002,0.003,0.004,0.005,0.006,0.007,0.008,0.009000000000000001,0.01]",0.001,2917,mock,InstrumentType.Spot,614261776,mock,BTC-USDT
2199944884,0,0,1783610796807427996,101,depth,"[65000.28,65000.38,65000.48,65000.58,65000.68,65000.78,65000.88,65000.98,65001.08,65001.18]",65000.28,"[0.001,0.002,0.003,0.004,0.005,0.006,0.007,0.008,0.009000000000000001,0.01]",0.001,"[65000.08,64999.98,64999.88,64999.78,64999.68,64999.58,64999.48,64999.38,64999.28,64999.18]",65000.08,"[0.001,0.002,0.003,0.004,0.005,0.006,0.007,0.008,0.009000000000000001,0.01]",0.001,2918,mock,InstrumentType.Spot,614262336,mock,BTC-USDT
2199944884,0,0,1783610796807729570,101,depth,"[65000.29,65000.39,65000.490000000005,65000.590000000004,65000.69,65000.79,65000.89,65000.990000000005,65001.090000000004,65001.19]",65000.29,"[0.001,0.002,0.003,0.004,0.005,0.006,0.007,0.008,0.009000000000000001,0.01]",0.001,"[65000.090000000004,64999.990000000005,64999.89,64999.79,64999.69,64999.590000000004,64999.490000000005,64999.39,64999.29,64999.19]",65000.090000000004,"[0.001,0.002,0.003,0.004,0.005,0.006,0.007,0.008,0.009000000000000001,0.01]",0.001,2919,mock,InstrumentType.Spot,614262896,mock,BTC-USDT
2199944884,0,0,1783610796808030568,101,depth,"[65000.299999999996,65000.399999999994,65000.5,65000.6,65000.7,65000.799999999996,65000.899999999994,65001.0,65001.1,65001.2]",65000.299999999996,"[0.001,0.002,0.003,0.004,0.005,0.006,0.007,0.008,0.009000000000000001,0.01]",0.001,"[65000.1,65000.0,64999.899999999994,64999.799999999996,64999.7,64999.6,64999.5,64999.399999999994,64999.299999999996,64999.2]",65000.1,"[0.001,0.002,0.003,0.004,0.005,0.006,0.007,0.008,0.009000000000000001,0.01]",0.001,2920,mock,InstrumentType.Spot,614263456,mock,BTC-USDT
2199944884,0,0,1783610796808329656,101,depth,"[65000.31,65000.409999999996,65000.51,65000.61,65000.71,65000.81,65000.909999999996,65001.01,65001.11,65001.21]",65000.31,"[0.001,0.002,0.003,0.004,0.005,0.006,0.007,0.008,0.009000000000000001,0.01]",0.001,"[65000.11,65000.01,64999.909999999996,64999.81,64999.71,64999.61,64999.51,64999.409999999996,64999.31,64999.21]",65000.11,"[0.001,0.002,0.003,0.004,0.005,0.006,0.007,0.008,0.009000000000000001,0.01]",0.001,2921,mock,InstrumentType.Spot,614264016,mock,BTC-USDT
2199944884,0,0,1783610796808645792,101,depth,"[65000.32,65000.42,65000.520000000004,65000.62,65000.72,65000.82,65000.92,65001.020000000004,65001.12,65001.22]",65000.32,"[0.001,0.002,0.003,0.004,0.005,0.006,0.007,0.008,0.009000000000000001,0.01]",0.001,"[65000.12,65000.020000000004,64999.92,64999.82,64999.72,64999.62,64999.520000000004,64999.42,64999.32,64999.22]",65000.12,"[0.001,0.002,0.003,0.004,0.005,0.006,0.007,0.008,0.009000000000000001,0.01]",0.001,2922,mock,InstrumentType.Spot,614264576,mock,BTC-USDT
2199944884,0,0,1783610796808930117,101,depth,"[65000.33,65000.43,65000.530000000006,65000.630000000005,65000.73,65000.83,65000.93,65001.030000000006,65001.130000000005,65001.23]",65000.33,"[0.001,0.002,0.003,0.004,0.005,0.006,0.007,0.008,0.009000000000000001,0.01]",0.001,"[65000.130000000005,65000.030000000006,64999.93,64999.83,64999.73,64999.630000000005,64999.530000000006,64999.43,64999.33,64999.23]",65000.130000000005,"[0.001,0.002,0.003,0.004,0.005,0.006,0.007,0.008,0.009000000000000001,0.01]",0.001,2923,mock,InstrumentType.Spot,614265136,mock,BTC-USDT
2199944884,0,0,1783610796809230705,101,depth,"[65000.34,65000.439999999995,65000.54,65000.64,65000.74,65000.84,65000.939999999995,65001.04,65001.14,65001.24]",65000.34,"[0.001,0.002,0.003,0.004,0.005,0.006,0.007,0.008,0.009000000000000001,0.01]",0.001,"[65000.14,65000.04,64999.939999999995,64999.84,64999.74,64999.64,64999.54,64999.439999999995,64999.34,64999.24]",65000.14,"[0.001,0.002,0.003,0.004,0.005,0.006,0.007,0.008,0.009000000000000001,0.01]",0.001,2924,mock,InstrumentType.Spot,614265696,mock,BTC-USDT
2199944884,0,0,1783610796809532707,101,depth,"[65000.35,65000.45,65000.55,65000.65,65000.75,65000.85,65000.95,65001.05,65001.15,65001.25]",65000.35,"[0.001,0.002,0.003,0.004,0.005,0.006,0.007,0.008,0.009000000000000001,0.01]",0.001,"[65000.15,65000.05,64999.95,64999.85,64999.75,64999.65,64999.55,64999.45,64999.35,64999.25]",65000.15,"[0.001,0.002,0.003,0.004,0.005,0.006,0.007,0.008,0.009000000000000001,0.01]",0.001,2925,mock,InstrumentType.Spot,614266256,mock,BTC-USDT
2199944884,0,0,1783610796809833974,101,depth,"[65000.36,65000.46,65000.560000000005,65000.66,65000.76,65000.86,65000.96,65001.060000000005,65001.16,65001.26]",65000.36,"[0.001,0.002,0.003,0.004,0.005,0.006,0.007,0.008,0.009000000000000001,0.01]",0.001,"[65000.16,65000.060000000005,64999.96,64999.86,64999.76,64999.66,64999.560000000005,64999.46,64999.36,64999.26]",65000.16,"[0.001,0.002,0.003,0.004,0.005,0.006,0.007,0.008,0.009000000000000001,0.01]",0.001,2926,mock,InstrumentType.Spot,614266816,mock,BTC-USDT
2199944884,0,0,1783610796810135747,101,depth,"[65000.369999999995,65000.469999999994,65000.57,65000.67,65000.77,65000.869999999995,65000.969999999994,65001.07,65001.17,65001.27]",65000.369999999995,"[0.001,0.002,0.003,0.004,0.005,0.006,0.007,0.008,0.009000000000000001,0.01]",0.001,"[65000.17,65000.07,64999.969999999994,64999.869999999995,64999.77,64999.67,64999.57,64999.469999999994,64999.369999999995,64999.27]",65000.17,"[0.001,0.002,0.003,0.004,0.005,0.006,0.007,0.008,0.009000000000000001,0.01]",0.001,2927,mock,InstrumentType.Spot,614446256,mock,BTC-USDT
2199944884,0,0,1783610796810429770,101,depth,"[65000.38,65000.479999999996,65000.58,65000.68,65000.78,65000.88,65000.979999999996,65001.08,65001.18,65001.28]",65000.38,"[0.001,0.002,0.003,0.004,0.005,0.006,0.007,0.008,0.009000000000000001,0.01]",0.001,"[65000.18,65000.08,64999.979999999996,64999.88,64999.78,64999.68,64999.58,64999.479999999996,64999.38,64999.28]",65000.18,"[0.001,0.002,0.003,0.004,0.005,0.006,0.007,0.008,0.009000000000000001,0.01]",0.001,2928,mock,InstrumentType.Spot,614446704,mock,BTC-USDT
2199944884,0,0,1783610796810728519,101,depth,"[65000.39,65000.49,65000.590000000004,65000.69,65000.79,65000.89,65000.99,65001.090000000004,65001.19,65001.29]",65000.39,"[0.001,0.002,0.003,0.004,0.005,0.006,0.007,0.008,0.009000000000000001,0.01]",0.001,"[65000.19,65000.090000000004,64999.99,64999.89,64999.79,64999.69,64999.590000000004,64999.49,64999.39,64999.29]",65000.19,"[0.001,0.002,0.003,0.004,0.005,0.006,0.007,0.008,0.009000000000000001,0.01]",0.001,2929,mock,InstrumentType.Spot,614447264,mock,BTC-USDT
2199944884,0,0,1783610796811028183,101,depth,"[65000.4,65000.5,65000.600000000006,65000.700000000004,65000.8,65000.9,65001.0,65001.100000000006,65001.200000000004,65001.3]",65000.4,"[0.001,0.002,0.003,0.004,0.005,0.006,0.007,0.008,0.009000000000000001,0.01]",0.001,"[65000.200000000004,65000.100000000006,65000.0,64999.9,64999.8,64999.700000000004,64999.600000000006,64999.5,64999.4,64999.3]",65000.200000000004,"[0.001,0.002,0.003,0.004,0.005,0.006,0.007,0.008,0.009000000000000001,0.01]",0.001,2930,mock,InstrumentType.Spot,614447824,mock,BTC-USDT
2199944884,0,0,1783610796811350656,101,depth,"[65000.409999999996,65000.509999999995,65000.61,65000.71,65000.81,65000.909999999996,65001.009999999995,65001.11,65001.21,65001.31]",65000.409999999996,"[0.001,0.002,0.003,0.004,0.005,0.006,0.007,0.008,0.009000000000000001,0.01]",0.001,"[65000.21,65000.11,65000.009999999995,64999.909999999996,64999.81,64999.71,64999.61,64999.509999999995,64999.409999999996,64999.31]",65000.21,"[0.001,0.002,0.003,0.004,0.005,0.006,0.007,0.008,0.009000000000000001,0.01]",0.001,2931,mock,InstrumentType.Spot,614448384,mock,BTC-USDT
2199944884,0,0,1783610796811629445,101,depth,"[65000.42,65000.52,65000.62,65000.72,65000.82,65000.92,65001.02,65001.12,65001.22,65001.32]",65000.42,"[0.001,0.002,0.003,0.004,0.005,0.006,0.007,0.008,0.009000000000000001,0.01]",0.001,"[65000.22,65000.12,65000.02,64999.92,64999.82,64999.72,64999.62,64999.52,64999.42,64999.32]",65000.22,"[0.001,0.002,0.003,0.004,0.005,0.006,0.007,0.008,0.009000000000000001,0.01]",0.001,2932,mock,InstrumentType.Spot,614448944,mock,BTC-USDT
2199944884,0,0,1783610796811928547,101,depth,"[65000.43,65000.53,65000.630000000005,65000.73,65000.83,65000.93,65001.03,65001.130000000005,65001.23,65001.33]",65000.43,"[0.001,0.002,0.003,0.004,0.005,0.006,0.007,0.008,0.009000000000000001,0.01]",0.001,"[65000.23,65000.130000000005,65000.03,64999.93,64999.83,64999.73,64999.630000000005,64999.53,64999.43,64999.33]",65000.23,"[0.001,0.002,0.003,0.004,0.005,0.006,0.007,0.008,0.009000000000000001,0.01]",0.001,2933,mock,InstrumentType.Spot,614449504,mock,BTC-USDT
2199944884,0,0,1783610796812228639,101,depth,"[65000.439999999995,65000.53999999999,65000.64,65000.74,65000.84,65000.939999999995,65001.03999999999,65001.14,65001.24,65001.34]",65000.439999999995,"[0.001,0.002,0.003,0.004,0.005,0.006,0.007,0.008,0.009000000000000001,0.01]",0.001,"[65000.24,65000.14,65000.03999999999,64999.939999999995,64999.84,64999.74,64999.64,64999.53999999999,64999.439999999995,64999.34]",65000.24,"[0.001,0.002,0.003,0.004,0.005,0.006,0.007,0.008,0.009000000000000001,0.01]",0.001,2934,mock,InstrumentType.Spot,614450064,mock,BTC-USDT
2199944884,0,0,1783610796812528557,101,depth,"[65000.45,65000.549999999996,65000.65,65000.75,65000.85,65000.95,65001.049999999996,65001.15,65001.25,65001.35]",65000.45,"[0.001,0.002,0.003,0.004,0.005,0.006,0.007,0.008,0.009000000000000001,0.01]",0.001,"[65000.25,65000.15,65000.049999999996,64999.95,64999.85,64999.75,64999.65,64999.549999999996,64999.45,64999.35]",65000.25,"[0.001,0.002,0.003,0.004,0.005,0.006,0.007,0.008,0.009000000000000001,0.01]",0.001,2935,mock,InstrumentType.Spot,614450624,mock,BTC-USDT
2199944884,0,0,1783610796812828332,101,depth,"[65000.46,65000.56,65000.66,65000.76,65000.86,65000.96,65001.06,65001.16,65001.26,65001.36]",65000.46,"[0.001,0.002,0.003,0.004,0.005,0.006,0.007,0.008,0.009000000000000001,0.01]",0.001,"[65000.26,65000.16,65000.06,64999.96,64999.86,64999.76,64999.66,64999.56,64999.46,64999.36]",65000.26,"[0.001,0.002,0.003,0.004,0.005,0.006,0.007,0.008,0.009000000000000001,0.01]",0.001,2936,mock,InstrumentType.Spot,614451184,mock,BTC-USDT
2199944884,0,0,1783610796813128501,101,depth,"[65000.47,65000.57,65000.670000000006,65000.770000000004,65000.87,65000.97,65001.07,65001.170000000006,65001.270000000004,65001.37]",65000.47,"[0.001,0.002,0.003,0.004,0.005,0.006,0.007,0.008,0.009000000000000001,0.01]",0.001,"[65000.270000000004,65000.170000000006,65000.07,64999.97,64999.87,64999.770000000004,64999.670000000006,64999.57,64999.47,64999.37]",65000.270000000004,"[0.001,0.002,0.003,0.004,0.005,0.006,0.007,0.008,0.009000000000000001,0.01]",0.001,2937,mock,InstrumentType.Spot,614451744,mock,BTC-USDT
2199944884,0,0,1783610796813428389,101,depth,"[65000.479999999996,65000.579999999994,65000.68,65000.78,65000.88,65000.979999999996,65001.079999999994,65001.18,65001.28,65001.38]",65000.479999999996,"[0.001,0.002,0.003,0.004,0.005,0.006,0.007,0.008,0.009000000000000001,0.01]",0.001,"[65000.28,65000.18,65000.079999999994,64999.979999999996,64999.88,64999.78,64999.68,64999.579999999994,64999.479999999996,64999.38]",65000.28,"[0.001,0.002,0.003,0.004,0.005,0.006,0.007,0.008,0.009000000000000001,0.01]",0.001,2938,mock,InstrumentType.Spot,614452304,mock,BTC-USDT
2199944884,0,0,1783610796813728225,101,depth,"[65000.49,65000.59,65000.69,65000.79,65000.89,65000.99,65001.09,65001.19,65001.29,65001.39]",65000.49,"[0.001,0.002,0.003,0.004,0.005,0.006,0.007,0.008,0.009000000000000001,0.01]",0.001,"[65000.29,65000.19,65000.09,64999.99,64999.89,64999.79,64999.69,64999.59,64999.49,64999.39]",65000.29,"[0.001,0.002,0.003,0.004,0.005,0.006,0.007,0.008,0.009000000000000001,0.01]",0.001,2939,mock,InstrumentType.Spot,614452864,mock,BTC-USDT
2199944884,0,0,1783610796814028429,101,depth,"[65000.5,65000.6,65000.700000000004,65000.8,65000.9,65001.0,65001.1,65001.200000000004,65001.3,65001.4]",65000.5,"[0.001,0.002,0.003,0.004,0.005,0.006,0.007,0.008,0.009000000000000001,0.01]",0.001,"[65000.3,65000.200000000004,65000.1,65000.0,64999.9,64999.8,64999.700000000004,64999.6,64999.5,64999.4]",65000.3,"[0.001,0.002,0.003,0.004,0.005,0.006,0.007,0.008,0.009000000000000001,0.01]",0.001,2940,mock,InstrumentType.Spot,614453424,mock,BTC-USDT
2199944884,0,0,1783610796814338984,101,depth,"[65000.51,65000.61,65000.71000000001,65000.810000000005,65000.91,65001.01,65001.11,65001.21000000001,65001.310000000005,65001.41]",65000.51,"[0.001,0.002,0.003,0.004,0.005,0.006,0.007,0.008,0.009000000000000001,0.01]",0.001,"[65000.310000000005,65000.21000000001,65000.11,65000.01,64999.91,64999.810000000005,64999.71000000001,64999.61,64999.51,64999.41]",65000.310000000005,"[0.001,0.002,0.003,0.004,0.005,0.006,0.007,0.008,0.009000000000000001,0.01]",0.001,2941,mock,InstrumentType.Spot,614453984,mock,BTC-USDT
2199944884,0,0,1783610796814628651,101,depth,"[65000.52,65000.619999999995,65000.72,65000.82,65000.92,65001.02,65001.119999999995,65001.22,65001.32,65001.42]",65000.52,"[0.001,0.002,0.003,0.004,0.005,0.006,0.007,0.008,0.009000000000000001,0.01]",0.001,"[65000.32,65000.22,65000.119999999995,65000.02,64999.92,64999.82,64999.72,64999.619999999995,64999.52,64999.42]",65000.32,"[0.001,0.002,0.003,0.004,0.005,0.006,0.007,0.008,0.009000000000000001,0.01]",0.001,2942,mock,InstrumentType.Spot,614454544,mock,BTC-USDT
2199944884,0,0,1783610796814928371,101,depth,"[65000.53,65000.63,65000.73,65000.83,65000.93,65001.03,65001.13,65001.23,65001.33,65001.43]",65000.53,"[0.001,0.002,0.003,0.004,0.005,0.006,0.007,0.008,0.009000000000000001,0.01]",0.001,"[65000.33,65000.23,65000.13,65000.03,64999.93,64999.83,64999.73,64999.63,64999.53,64999.43]",65000.33,"[0.001,0.002,0.003,0.004,0.005,0.006,0.007,0.008,0.009000000000000001,0.01]",0.001,2943,mock,InstrumentType.Spot,614455104,mock,BTC-USDT
2199944884,0,0,1783610796815228488,101,depth,"[65000.54,65000.64,65000.740000000005,65000.840000000004,65000.94,65001.04,65001.14,65001.240000000005,65001.340000000004,65001.44]",65000.54,"[0.001,0.002,0.003,0.004,0.005,0.006,0.007,0.008,0.009000000000000001,0.01]",0.001,"[65000.340000000004,65000.240000000005,65000.14,65000.04,64999.94,64999.840000000004,64999.740000000005,64999.64,64999.54,64999.44]",65000.340000000004,"[0.001,0.002,0.003,0.004,0.005,0.006,0.007,0.008,0.009000000000000001,0.01]",0.001,2944,mock,InstrumentType.Spot,614455664,mock,BTC-USDT
2199944884,0,0,1783610796815528239,101,depth,"[65000.549999999996,65000.649999999994,65000.75,65000.85,65000.95,65001.049999999996,65001.149999999994,65001.25,65001.35,65001.45]",65000.549999999996,"[0.001,0.002,0.003,0.004,0.005,0.006,0.007,0.008,0.009000000000000001,0.01]",0.001,"[65000.35,65000.25,65000.149999999994,65000.049999999996,64999.95,64999.85,64999.75,64999.649999999994,64999.549999999996,64999.45]",65000.35,"[0.001,0.002,0.003,0.004,0.005,0.006,0.007,0.008,0.009000000000000001,0.01]",0.001,2945,mock,InstrumentType.Spot,614456224,mock,BTC-USDT
2199944884,0,0,1783610796815828528,101,depth,"[65000.56,65000.659999999996,65000.76,65000.86,65000.96,65001.06,65001.159999999996,65001.26,65001.36,65001.46]",65000.56,"[0.001,0.002,0.003,0.004,0.005,0.006,0.007,0.008,0.009000000000000001,0.01]",0.001,"[65000.36,65000.26,65000.159999999996,65000.06,64999.96,64999.86,64999.76,64999.659999999996,64999.56,64999.46]",65000.36,"[0.001,0.002,0.003,0.004,0.005,0.006,0.007,0.008,0.009000000000000001,0.01]",0.001,2946,mock,InstrumentType.Spot,614456784,mock,BTC-USDT
2199944884,0,0,1783610796816128437,101,depth,"[65000.57,65000.67,65000.770000000004,65000.87,65000.97,65001.07,65001.17,65001.270000000004,65001.37,65001.47]",65000.57,"[0.001,0.002,0.003,0.004,0.005,0.006,0.007,0.008,0.009000000000000001,0.01]",0.001,"[65000.37,65000.270000000004,65000.17,65000.07,64999.97,64999.87,64999.770000000004,64999.67,64999.57,64999.47]",65000.37,"[0.001,0.002,0.003,0.004,0.005,0.006,0.007,0.008,0.009000000000000001,0.01]",0.001,2947,mock,InstrumentType.Spot,614457344,mock,BTC-USDT
2199944884,0,0,1783610796816428376,101,depth,"[65000.58,65000.68,65000.780000000006,65000.880000000005,65000.98,65001.08,65001.18,65001.280000000006,65001.380000000005,65001.48]",65000.58,"[0.001,0.002,0.003,0.004,0.005,0.006,0.007,0.008,0.009000000000000001,0.01]",0.001,"[65000.380000000005,65000.280000000006,65000.18,65000.08,64999.98,64999.880000000005,64999.780000000006,64999.68,64999.58,64999.48]",65000.380000000005,"[0.001,0.002,0.003,0.004,0.005,0.006,0.007,0.008,0.009000000000000001,0.01]",0.001,2948,mock,InstrumentType.Spot,614457904,mock,BTC-USDT
2199944884,0,0,1783610796816728398,101,depth,"[65000.59,65000.689999999995,65000.79,65000.89,65000.99,65001.09,65001.189999999995,65001.29,65001.39,65001.49]",65000.59,"[0.001,0.002,0.003,0.004,0.005,0.006,0.007,0.008,0.009000000000000001,0.01]",0.001,"[65000.39,65000.29,65000.189999999995,65000.09,64999.99,64999.89,64999.79,64999.689999999995,64999.59,64999.49]",65000.39,"[0.001,0.002,0.003,0.004,0.005,0.006,0.007,0.008,0.009000000000000001,0.01]",0.001,2949,mock,InstrumentType.Spot,614458464,mock,BTC-USDT
2199944884,0,0,1783610796817028403,101,depth,"[65000.6,65000.7,65000.8,65000.9,65001.0,65001.1,65001.2,65001.3,65001.4,65001.5]",65000.6,"[0.001,0.002,0.003,0.004,0.005,0.006,0.007,0.008,0.009000000000000001,0.01]",0.001,"[65000.4,65000.3,65000.2,65000.1,65000.0,64999.9,64999.8,64999.7,64999.6,64999.5]",65000.4,"[0.001,0.002,0.003,0.004,0.005,0.006,0.007,0.008,0.009000000000000001,0.01]",0.001,2950,mock,InstrumentType.Spot,614459024,mock,BTC-USDT
2199944884,0,0,1783610796817337173,101,depth,"[65000.61,65000.71,65000.810000000005,65000.91,65001.01,65001.11,65001.21,65001.310000000005,65001.41,65001.51]",65000.61,"[0.001,0.002,0.003,0.004,0.005,0.006,0.007,0.008,0.009000000000000001,0.01]",0.001,"[65000.41,65000.310000000005,65000.21,65000.11,65000.01,64999.91,64999.810000000005,64999.71,64999.61,64999.51]",65000.41,"[0.001,0.002,0.003,0.004,0.005,0.006,0.007,0.008,0.009000000000000001,0.01]",0.001,2951,mock,InstrumentType.Spot,614459584,mock,BTC-USDT
2199944884,0,0,1783610796817632397,101,depth,"[65000.619999999995,65000.719999999994,65000.82,65000.92,65001.02,65001.119999999995,65001.219999999994,65001.32,65001.42,65001.52]",65000.619999999995,"[0.001,0.002,0.003,0.004,0.005,0.006,0.007,0.008,0.009000000000000001,0.01]",0.001,"[65000.42,65000.32,65000.219999999994,65000.119999999995,65000.02,64999.92,64999.82,64999.719999999994,64999.619999999995,64999.52]",65000.42,"[0.001,0.002,0.003,0.004,0.005,0.006,0.007,0.008,0.009000000000000001,0.01]",0.001,2952,mock,InstrumentType.Spot,614460144,mock,BTC-USDT
2199944884,0,0,1783610796817938601,101,depth,"[65000.63,65000.729999999996,65000.83,65000.93,65001.03,65001.13,65001.229999999996,65001.33,65001.43,65001.53]",65000.63,"[0.001,0.002,0.003,0.004,0.005,0.006,0.007,0.008,0.009000000000000001,0.01]",0.001,"[65000.43,65000.33,65000.229999999996,65000.13,65000.03,64999.93,64999.83,64999.729999999996,64999.63,64999.53]",65000.43,"[0.001,0.002,0.003,0.004,0.005,0.006,0.007,0.008,0.009000000000000001,0.01]",0.001,2953,mock,InstrumentType.Spot,614460704,mock,BTC-USDT
2199944884,0,0,1783610796818231750,101,depth,"[65000.64,65000.74,65000.840000000004,65000.94,65001.04,65001.14,65001.24,65001.340000000004,65001.44,65001.54]",65000.64,"[0.001,0.002,0.003,0.004,0.005,0.006,0.007,0.008,0.009000000000000001,0.01]",0.001,"[65000.44,65000.340000000004,65000.24,65000.14,65000.04,64999.94,64999.840000000004,64999.74,64999.64,64999.54]",65000.44,"[0.001,0.002,0.003,0.004,0.005,0.006,0.007,0.008,0.009000000000000001,0.01]",0.001,2954,mock,InstrumentType.Spot,614461264,mock,BTC-USDT
2199944884,0,0,1783610796818528497,101,depth,"[65000.65,65000.75,65000.850000000006,65000.950000000004,65001.05,65001.15,65001.25,65001.350000000006,65001.450000000004,65001.55]",65000.65,"[0.001,0.002,0.003,0.004,0.005,0.006,0.007,0.008,0.009000000000000001,0.01]",0.001,"[65000.450000000004,65000.350000000006,65000.25,65000.15,65000.05,64999.950000000004,64999.850000000006,64999.75,64999.65,64999.55]",65000.450000000004,"[0.001,0.002,0.003,0.004,0.005,0.006,0.007,0.008,0.009000000000000001,0.01]",0.001,2955,mock,InstrumentType.Spot,614461824,mock,BTC-USDT
2199944884,0,0,1783610796818832780,101,depth,"[65000.659999999996,65000.759999999995,65000.86,65000.96,65001.06,65001.159999999996,65001.259999999995,65001.36,65001.46,65001.56]",65000.659999999996,"[0.001,0.002,0.003,0.004,0.005,0.006,0.007,0.008,0.009000000000000001,0.01]",0.001,"[65000.46,65000.36,65000.259999999995,65000.159999999996,65000.06,64999.96,64999.86,64999.759999999995,64999.659999999996,64999.56]",65000.46,"[0.001,0.002,0.003,0.004,0.005,0.006,0.007,0.008,0.009000000000000001,0.01]",0.001,2956,mock,InstrumentType.Spot,614462384,mock,BTC-USDT
2199944884,0,0,1783610796819130211,101,depth,"[65000.67,65000.77,65000.87,65000.97,65001.07,65001.17,65001.27,65001.37,65001.47,65001.57]",65000.67,"[0.001,0.002,0.003,0.004,0.005,0.006,0.007,0.008,0.009000000000000001,0.01]",0.001,"[65000.47,65000.37,65000.27,65000.17,65000.07,64999.97,64999.87,64999.77,64999.67,64999.57]",65000.47,"[0.001,0.002,0.003,0.004,0.005,0.006,0.007,0.008,0.009000000000000001,0.01]",0.001,2957,mock,InstrumentType.Spot,614462944,mock,BTC-USDT
2199944884,0,0,1783610796819431078,101,depth,"[65000.68,65000.78,65000.880000000005,65000.98,65001.08,65001.18,65001.28,65001.380000000005,65001.48,65001.58]",65000.68,"[0.001,0.002,0.003,0.004,0.005,0.006,0.007,0.008,0.009000000000000001,0.01]",0.001,"[65000.48,65000.380000000005,65000.28,65000.18,65000.08,64999.98,64999.880000000005,64999.78,64999.68,64999.58]",65000.48,"[0.001,0.002,0.003,0.004,0.005,0.006,0.007,0.008,0.009000000000000001,0.01]",0.001,2958,mock,InstrumentType.Spot,614463504,mock,BTC-USDT
2199944884,0,0,1783610796819728637,101,depth,"[65000.689999999995,65000.78999999999,65000.89,65000.99,65001.09,65001.189999999995,65001.28999999999,65001.39,65001.49,65001.59]",65000.689999999995,"[0.001,0.002,0.003,0.004,0.005,0.006,0.007,0.008,0.009000000000000001,0.01]",0.001,"[65000.49,65000.39,65000.28999999999,65000.189999999995,65000.09,64999.99,64999.89,64999.78999999999,64999.689999999995,64999.59]",65000.49,"[0.001,0.002,0.003,0.004,0.005,0.006,0.007,0.008,0.009000000000000001,0.01]",0.001,2959,mock,InstrumentType.Spot,614464064,mock,BTC-USDT
2199944884,0,0,1783610796820047146,101,depth,"[65000.7,65000.799999999996,65000.9,65001.0,65001.1,65001.2,65001.299999999996,65001.4,65001.5,65001.6]",65000.7,"[0.001,0.002,0.003,0.004,0.005,0.006,0.007,0.008,0.009000000000000001,0.01]",0.001,"[65000.5,65000.4,65000.299999999996,65000.2,65000.1,65000.0,64999.9,64999.799999999996,64999.7,64999.6]",65000.5,"[0.001,0.002,0.003,0.004,0.005,0.006,0.007,0.008,0.009000000000000001,0.01]",0.001,2960,mock,InstrumentType.Spot,614464624,mock,BTC-USDT
2199944884,0,0,1783610796820328109,101,depth,"[65000.71,65000.81,65000.91,65001.01,65001.11,65001.21,65001.31,65001.41,65001.51,65001.61]",65000.71,"[0.001,0.002,0.003,0.004,0.005,0.006,0.007,0.008,0.009000000000000001,0.01]",0.001,"[65000.51,65000.41,65000.31,65000.21,65000.11,65000.01,64999.91,64999.81,64999.71,64999.61]",65000.51,"[0.001,0.002,0.003,0.004,0.005,0.006,0.007,0.008,0.009000000000000001,0.01]",0.001,2961,mock,InstrumentType.Spot,614465184,mock,BTC-USDT
2199944884,0,0,1783610796820627943,101,depth,"[65000.72,65000.82,65000.920000000006,65001.020000000004,65001.12,65001.22,65001.32,65001.420000000006,65001.520000000004,65001.62]",65000.72,"[0.001,0.002,0.003,0.004,0.005,0.006,0.007,0.008,0.009000000000000001,0.01]",0.001,"[65000.520000000004,65000.420000000006,65000.32,65000.22,65000.12,65000.020000000004,64999.920000000006,64999.82,64999.72,64999.62]",65000.520000000004,"[0.001,0.002,0.003,0.004,0.005,0.006,0.007,0.008,0.009000000000000001,0.01]",0.001,2962,mock,InstrumentType.Spot,614465744,mock,BTC-USDT
2199944884,0,0,1783610796820927818,101,depth,"[65000.729999999996,65000.829999999994,65000.93,65001.03,65001.13,65001.229999999996,65001.329999999994,65001.43,65001.53,65001.63]",65000.729999999996,"[0.001,0.002,0.003,0.004,0.005,0.006,0.007,0.008,0.009000000000000001,0.01]",0.001,"[65000.53,65000.43,65000.329999999994,65000.229999999996,65000.13,65000.03,64999.93,64999.829999999994,64999.729999999996,64999.63]",65000.53,"[0.001,0.002,0.003,0.004,0.005,0.006,0.007,0.008,0.009000000000000001,0.01]",0.001,2963,mock,InstrumentType.Spot,614466304,mock,BTC-USDT
2199944884,0,0,1783610796821227967,101,depth,"[65000.74,65000.84,65000.94,65001.04,65001.14,65001.24,65001.34,65001.44,65001.54,65001.64]",65000.74,"[0.001,0.002,0.003,0.004,0.005,0.006,0.007,0.008,0.009000000000000001,0.01]",0.001,"[65000.54,65000.44,65000.34,65000.24,65000.14,65000.04,64999.94,64999.84,64999.74,64999.64]",65000.54,"[0.001,0.002,0.003,0.004,0.005,0.006,0.007,0.008,0.009000000000000001,0.01]",0.001,2964,mock,InstrumentType.Spot,614466864,mock,BTC-USDT
2199944884,0,0,1783610796821527937,101,depth,"[65000.75,65000.85,65000.950000000004,65001.05,65001.15,65001.25,65001.35,65001.450000000004,65001.55,65001.65]",65000.75,"[0.001,0.002,0.003,0.004,0.005,0.006,0.007,0.008,0.009000000000000001,0.01]",0.001,"[65000.55,65000.450000000004,65000.35,65000.25,65000.15,65000.05,64999.950000000004,64999.85,64999.75,64999.65]",65000.55,"[0.001,0.002,0.003,0.004,0.005,0.006,0.007,0.008,0.009000000000000001,0.01]",0.001,2965,mock,InstrumentType.Spot,614467424,mock,BTC-USDT
2199944884,0,0,1783610796821827765,101,depth,"[65000.76,65000.86,65000.96000000001,65001.060000000005,65001.16,65001.26,65001.36,65001.46000000001,65001.560000000005,65001.66]",65000.76,"[0.001,0.002,0.003,0.004,0.005,0.006,0.007,0.008,0.009000000000000001,0.01]",0.001,"[65000.560000000005,65000.46000000001,65000.36,65000.26,65000.16,65000.060000000005,64999.96000000001,64999.86,64999.76,64999.66]",65000.560000000005,"[0.001,0.002,0.003,0.004,0.005,0.006,0.007,0.008,0.009000000000000001,0.01]",0.001,2966,mock,InstrumentType.Spot,614467984,mock,BTC-USDT
2199944884,0,0,1783610796822127854,101,depth,"[65000.77,65000.869999999995,65000.97,65001.07,65001.17,65001.27,65001.369999999995,65001.47,65001.57,65001.67]",65000.77,"[0.001,0.002,0.003,0.004,0.005,0.006,0.007,0.008,0.009000000000000001,0.01]",0.001,"[65000.57,65000.47,65000.369999999995,65000.27,65000.17,65000.07,64999.97,64999.869999999995,64999.77,64999.67]",65000.57,"[0.001,0.002,0.003,0.004,0.005,0.006,0.007,0.008,0.009000000000000001,0.01]",0.001,2967,mock,InstrumentType.Spot,614468544,mock,BTC-USDT
2199944884,0,0,1783610796822427882,101,depth,"[65000.78,65000.88,65000.98,65001.08,65001.18,65001.28,65001.38,65001.48,65001.58,65001.68]",65000.78,"[0.001,0.002,0.003,0.004,0.005,0.006,0.007,0.008,0.009000000000000001,0.01]",0.001,"[65000.58,65000.48,65000.38,65000.28,65000.18,65000.08,64999.98,64999.88,64999.78,64999.68]",65000.58,"[0.001,0.002,0.003,0.004,0.005,0.006,0.007,0.008,0.009000000000000001,0.01]",0.001,2968,mock,InstrumentType.Spot,614469104,mock,BTC-USDT
2199944884,0,0,1783610796822727860,101,depth,"[65000.79,65000.89,65000.990000000005,65001.090000000004,65001.19,65001.29,65001.39,65001.490000000005,65001.590000000004,65001.69]",65000.79,"[0.001,0.002,0.003,0.004,0.005,0.006,0.007,0.008,0.009000000000000001,0.01]",0.001,"[65000.590000000004,65000.490000000005,65000.39,65000.29,65000.19,65000.090000000004,64999.990000000005,64999.89,64999.79,64999.69]",65000.590000000004,"[0.001,0.002,0.003,0.004,0.005,0.006,0.007,0.008,0.009000000000000001,0.01]",0.001,2969,mock,InstrumentType.Spot,614469664,mock,BTC-USDT
2199944884,0,0,1783610796823035736,101,depth,"[65000.799999999996,65000.899999999994,65001.0,65001.1,65001.2,65001.299999999996,65001.399999999994,65001.5,65001.6,65001.7]",65000.799999999996,"[0.001,0.002,0.003,0.004,0.005,0.006,0.007,0.008,0.009000000000000001,0.01]",0.001,"[65000.6,65000.5,65000.399999999994,65000.299999999996,65000.2,65000.1,65000.0,64999.899999999994,64999.799999999996,64999.7]",65000.6,"[0.001,0.002,0.003,0.004,0.005,0.006,0.007,0.008,0.009000000000000001,0.01]",0.001,2970,mock,InstrumentType.Spot,614470224,mock,BTC-USDT
2199944884,0,0,1783610796823327937,101,depth,"[65000.81,65000.909999999996,65001.01,65001.11,65001.21,65001.31,65001.409999999996,65001.51,65001.61,65001.71]",65000.81,"[0.001,0.002,0.003,0.004,0.005,0.006,0.007,0.008,0.009000000000000001,0.01]",0.001,"[65000.61,65000.51,65000.409999999996,65000.31,65000.21,65000.11,65000.01,64999.909999999996,64999.81,64999.71]",65000.61,"[0.001,0.002,0.003,0.004,0.005,0.006,0.007,0.008,0.009000000000000001,0.01]",0.001,2971,mock,InstrumentType.Spot,614470784,mock,BTC-USDT
2199944884,0,0,1783610796823627890,101,depth,"[65000.82,65000.92,65001.020000000004,65001.12,65001.22,65001.32,65001.42,65001.520000000004,65001.62,65001.72]",65000.82,"[0.001,0.002,0.003,0.004,0.005,0.006,0.007,0.008,0.009000000000000001,0.01]",0.001,"[65000.62,65000.520000000004,65000.42,65000.32,65000.22,65000.12,65000.020000000004,64999.92,64999.82,64999.72]",65000.62,"[0.001,0.002,0.003,0.004,0.005,0.006,0.007,0.008,0.009000000000000001,0.01]",0.001,2972,mock,InstrumentType.Spot,614471344,mock,BTC-USDT
2199944884,0,0,1783610796823927863,101,depth,"[65000.83,65000.93,65001.030000000006,65001.130000000005,65001.23,65001.33,65001.43,65001.530000000006,65001.630000000005,65001.73]",65000.83,"[0.001,0.002,0.003,0.004,0.005,0.006,0.007,0.008,0.009000000000000001,0.01]",0.001,"[65000.630000000005,65000.530000000006,65000.43,65000.33,65000.23,65000.130000000005,65000.030000000006,64999.93,64999.83,64999.73]",65000.630000000005,"[0.001,0.002,0.003,0.004,0.005,0.006,0.007,0.008,0.009000000000000001,0.01]",0.001,2973,mock,InstrumentType.Spot,614471904,mock,BTC-USDT
2199944884,0,0,1783610796824227955,101,depth,"[65000.84,65000.939999999995,65001.04,65001.14,65001.24,65001.34,65001.439999999995,65001.54,65001.64,65001.74]",65000.84,"[0.001,0.002,0.003,0.004,0.005,0.006,0.007,0.008,0.009000000000000001,0.01]",0.001,"[65000.64,65000.54,65000.439999999995,65000.34,65000.24,65000.14,65000.04,64999.939999999995,64999.84,64999.74]",65000.64,"[0.001,0.002,0.003,0.004,0.005,0.006,0.007,0.008,0.009000000000000001,0.01]",0.001,2974,mock,InstrumentType.Spot,614472464,mock,BTC-USDT
2199944884,0,0,1783610796824527771,101,depth,"[65000.85,65000.95,65001.05,65001.15,65001.25,65001.35,65001.45,65001.55,65001.65,65001.75]",65000.85,"[0.001,0.002,0.003,0.004,0.005,0.006,0.007,0.008,0.009000000000000001,0.01]",0.001,"[65000.65,65000.55,65000.45,65000.35,65000.25,65000.15,65000.05,64999.95,64999.85,64999.75]",65000.65,"[0.001,0.002,0.003,0.004,0.005,0.006,0.007,0.008,0.009000000000000001,0.01]",0.001,2975,mock,InstrumentType.Spot,614473024,mock,BTC-USDT
2199944884,0,0,1783610796824827861,101,depth,"[65000.86,65000.96,65001.060000000005,65001.16,65001.26,65001.36,65001.46,65001.560000000005,65001.66,65001.76]",65000.86,"[0.001,0.002,0.003,0.004,0.005,0.006,0.007,0.008,0.009000000000000001,0.01]",0.001,"[65000.66,65000.560000000005,65000.46,65000.36,65000.26,65000.16,65000.060000000005,64999.96,64999.86,64999.76]",65000.66,"[0.001,0.002,0.003,0.004,0.005,0.006,0.007,0.008,0.009000000000000001,0.01]",0.001,2976,mock,InstrumentType.Spot,614473584,mock,BTC-USDT
2199944884,0,0,1783610796825127997,101,depth,"[65000.869999999995,65000.969999999994,65001.07,65001.17,65001.27,65001.369999999995,65001.469999999994,65001.57,65001.67,65001.77]",65000.869999999995,"[0.001,0.002,0.003,0.004,0.005,0.006,0.007,0.008,0.009000000000000001,0.01]",0.001,"[65000.67,65000.57,65000.469999999994,65000.369999999995,65000.27,65000.17,65000.07,64999.969999999994,64999.869999999995,64999.77]",65000.67,"[0.001,0.002,0.003,0.004,0.005,0.006,0.007,0.008,0.009000000000000001,0.01]",0.001,2977,mock,InstrumentType.Spot,614474144,mock,BTC-USDT
2199944884,0,0,1783610796825427995,101,depth,"[65000.88,65000.979999999996,65001.08,65001.18,65001.28,65001.38,65001.479999999996,65001.58,65001.68,65001.78]",65000.88,"[0.001,0.002,0.003,0.004,0.005,0.006,0.007,0.008,0.009000000000000001,0.01]",0.001,"[65000.68,65000.58,65000.479999999996,65000.38,65000.28,65000.18,65000.08,64999.979999999996,64999.88,64999.78]",65000.68,"[0.001,0.002,0.003,0.004,0.005,0.006,0.007,0.008,0.009000000000000001,0.01]",0.001,2978,mock,InstrumentType.Spot,614474704,mock,BTC-USDT
2199944884,0,0,1783610796825734339,101,depth,"[65000.89,65000.99,65001.090000000004,65001.19,65001.29,65001.39,65001.49,65001.590000000004,65001.69,65001.79]",65000.89,"[0.001,0.002,0.003,0.004,0.005,0.006,0.007,0.008,0.009000000000000001,0.01]",0.001,"[65000.69,65000.590000000004,65000.49,65000.39,65000.29,65000.19,65000.090000000004,64999.99,64999.89,64999.79]",65000.69,"[0.001,0.002,0.003,0.004,0.005,0.006,0.007,0.008,0.009000000000000001,0.01]",0.001,2979,mock,InstrumentType.Spot,614475264,mock,BTC-USDT
2199944884,0,0,1783610796826028384,101,depth,"[65000.9,65001.0,65001.100000000006,65001.200000000004,65001.3,65001.4,65001.5,65001.600000000006,65001.700000000004,65001.8]",65000.9,"[0.001,0.002,0.003,0.004,0.005,0.006,0.007,0.008,0.009000000000000001,0.01]",0.001,"[65000.700000000004,65000.600000000006,65000.5,65000.4,65000.3,65000.200000000004,65000.100000000006,65000.0,64999.9,64999.8]",65000.700000000004,"[0.001,0.002,0.003,0.004,0.005,0.006,0.007,0.008,0.009000000000000001,0.01]",0.001,2980,mock,InstrumentType.Spot,614475824,mock,BTC-USDT
2199944884,0,0,1783610796826328102,101,depth,"[65000.909999999996,65001.009999999995,65001.11,65001.21,65001.31,65001.409999999996,65001.509999999995,65001.61,65001.71,65001.81]",65000.909999999996,"[0.001,0.002,0.003,0.004,0.005,0.006,0.007,0.008,0.009000000000000001,0.01]",0.001,"[65000.71,65000.61,65000.509999999995,65000.409999999996,65000.31,65000.21,65000.11,65000.009999999995,64999.909999999996,64999.81]",65000.71,"[0.001,0.002,0.003,0.004,0.005,0.006,0.007,0.008,0.009000000000000001,0.01]",0.001,2981,mock,InstrumentType.Spot,614476384,mock,BTC-USDT
2199944884,0,0,1783610796826627870,101,depth,"[65000.92,65001.02,65001.12,65001.22,65001.32,65001.42,65001.52,65001.62,65001.72,65001.82]",65000.92,"[0.001,0.002,0.003,0.004,0.005,0.006,0.007,0.008,0.009000000000000001,0.01]",0.001,"[65000.72,65000.62,65000.52,65000.42,65000.32,65000.22,65000.12,65000.02,64999.92,64999.82]",65000.72,"[0.001,0.002,0.003,0.004,0.005,0.006,0.007,0.008,0.009000000000000001,0.01]",0.001,2982,mock,InstrumentType.Spot,614476944,mock,BTC-USDT
2199944884,0,0,1783610796826927988,101,depth,"[65000.93,65001.03,65001.130000000005,65001.23,65001.33,65001.43,65001.53,65001.630000000005,65001.73,65001.83]",65000.93,"[0.001,0.002,0.003,0.004,0.005,0.006,0.007,0.008,0.009000000000000001,0.01]",0.001,"[65000.73,65000.630000000005,65000.53,65000.43,65000.33,65000.23,65000.130000000005,65000.03,64999.93,64999.83]",65000.73,"[0.001,0.002,0.003,0.004,0.005,0.006,0.007,0.008,0.009000000000000001,0.01]",0.001,2983,mock,InstrumentType.Spot,614477504,mock,BTC-USDT
2199944884,0,0,1783610796827227932,101,depth,"[65000.939999999995,65001.03999999999,65001.14,65001.24,65001.34,65001.439999999995,65001.53999999999,65001.64,65001.74,65001.84]",65000.939999999995,"[0.001,0.002,0.003,0.004,0.005,0.006,0.007,0.008,0.009000000000000001,0.01]",0.001,"[65000.74,65000.64,65000.53999999999,65000.439999999995,65000.34,65000.24,65000.14,65000.03999999999,64999.939999999995,64999.84]",65000.74,"[0.001,0.002,0.003,0.004,0.005,0.006,0.007,0.008,0.009000000000000001,0.01]",0.001,2984,mock,InstrumentType.Spot,614478064,mock,BTC-USDT
2199944884,0,0,1783610796827527839,101,depth,"[65000.95,65001.049999999996,65001.15,65001.25,65001.35,65001.45,65001.549999999996,65001.65,65001.75,65001.85]",65000.95,"[0.001,0.002,0.003,0.004,0.005,0.006,0.007,0.008,0.009000000000000001,0.01]",0.001,"[65000.75,65000.65,65000.549999999996,65000.45,65000.35,65000.25,65000.15,65000.049999999996,64999.95,64999.85]",65000.75,"[0.001,0.002,0.003,0.004,0.005,0.006,0.007,0.008,0.009000000000000001,0.01]",0.001,2985,mock,InstrumentType.Spot,614478624,mock,BTC-USDT
2199944884,0,0,1783610796827827865,101,depth,"[65000.96,65001.06,65001.16,65001.26,65001.36,65001.46,65001.56,65001.66,65001.76,65001.86]",65000.96,"[0.001,0.002,0.003,0.004,0.005,0.006,0.007,0.008,0.009000000000000001,0.01]",0.001,"[65000.76,65000.66,65000.56,65000.46,65000.36,65000.26,65000.16,65000.06,64999.96,64999.86]",65000.76,"[0.001,0.002,0.003,0.004,0.005,0.006,0.007,0.008,0.009000000000000001,0.01]",0.001,2986,mock,InstrumentType.Spot,614479184,mock,BTC-USDT
2199944884,0,0,1783610796828127848,101,depth,"[65000.97,65001.07,65001.170000000006,65001.270000000004,65001.37,65001.47,65001.57,65001.670000000006,65001.770000000004,65001.87]",65000.97,"[0.001,0.002,0.003,0.004,0.005,0.006,0.007,0.008,0.009000000000000001,0.01]",0.001,"[65000.770000000004,65000.670000000006,65000.57,65000.47,65000.37,65000.270000000004,65000.170000000006,65000.07,64999.97,64999.87]",65000.770000000004,"[0.001,0.002,0.003,0.004,0.005,0.006,0.007,0.008,0.009000000000000001,0.01]",0.001,2987,mock,InstrumentType.Spot,614479744,mock,BTC-USDT
2199944884,0,0,1783610796828427954,101,depth,"[65000.979999999996,65001.079999999994,65001.18,65001.28,65001.38,65001.479999999996,65001.579999999994,65001.68,65001.78,65001.88]",65000.979999999996,"[0.001,0.002,0.003,0.004,0.005,0.006,0.007,0.008,0.009000000000000001,0.01]",0.001,"[65000.78,65000.68,65000.579999999994,65000.479999999996,65000.38,65000.28,65000.18,65000.079999999994,64999.979999999996,64999.88]",65000.78,"[0.001,0.002,0.003,0.004,0.005,0.006,0.007,0.008,0.009000000000000001,0.01]",0.001,2988,mock,InstrumentType.Spot,614480304,mock,BTC-USDT
2199944884,0,0,1783610796828734385,101,depth,"[65000.99,65001.09,65001.19,65001.29,65001.39,65001.49,65001.59,65001.69,65001.79,65001.89]",65000.99,"[0.001,0.002,0.003,0.004,0.005,0.006,0.007,0.008,0.009000000000000001,0.01]",0.001,"[65000.79,65000.69,65000.59,65000.49,65000.39,65000.29,65000.19,65000.09,64999.99,64999.89]",65000.79,"[0.001,0.002,0.003,0.004,0.005,0.006,0.007,0.008,0.009000000000000001,0.01]",0.001,2989,mock,InstrumentType.Spot,614480864,mock,BTC-USDT
2199944884,0,0,1783610796829028305,101,depth,"[65001.0,65001.1,65001.200000000004,65001.3,65001.4,65001.5,65001.6,65001.700000000004,65001.8,65001.9]",65001.0,"[0.001,0.002,0.003,0.004,0.005,0.006,0.007,0.008,0.009000000000000001,0.01]",0.001,"[65000.8,65000.700000000004,65000.6,65000.5,65000.4,65000.3,65000.200000000004,65000.1,65000.0,64999.9]",65000.8,"[0.001,0.002,0.003,0.004,0.005,0.006,0.007,0.008,0.009000000000000001,0.01]",0.001,2990,mock,InstrumentType.Spot,614481424,mock,BTC-USDT
2199944884,0,0,1783610796829328088,101,depth,"[65001.01,65001.11,65001.21000000001,65001.310000000005,65001.41,65001.51,65001.61,65001.71000000001,65001.810000000005,65001.91]",65001.01,"[0.001,0.002,0.003,0.004,0.005,0.006,0.007,0.008,0.009000000000000001,0.01]",0.001,"[65000.810000000005,65000.71000000001,65000.61,65000.51,65000.41,65000.310000000005,65000.21000000001,65000.11,65000.01,64999.91]",65000.810000000005,"[0.001,0.002,0.003,0.004,0.005,0.006,0.007,0.008,0.009000000000000001,0.01]",0.001,2991,mock,InstrumentType.Spot,614481984,mock,BTC-USDT
2199944884,0,0,1783610796829628042,101,depth,"[65001.02,65001.119999999995,65001.22,65001.32,65001.42,65001.52,65001.619999999995,65001.72,65001.82,65001.92]",65001.02,"[0.001,0.002,0.003,0.004,0.005,0.006,0.007,0.008,0.009000000000000001,0.01]",0.001,"[65000.82,65000.72,65000.619999999995,65000.52,65000.42,65000.32,65000.22,65000.119999999995,65000.02,64999.92]",65000.82,"[0.001,0.002,0.003,0.004,0.005,0.006,0.007,0.008,0.009000000000000001,0.01]",0.001,2992,mock,InstrumentType.Spot,614482544,mock,BTC-USDT
2199944884,0,0,1783610796829928948,101,depth,"[65001.03,65001.13,65001.23,65001.33,65001.43,65001.53,65001.63,65001.73,65001.83,65001.93]",65001.03,"[0.001,0.002,0.003,0.004,0.005,0.006,0.007,0.008,0.009000000000000001,0.01]",0.001,"[65000.83,65000.73,65000.63,65000.53,65000.43,65000.33,65000.23,65000.13,65000.03,64999.93]",65000.83,"[0.001,0.002,0.003,0.004,0.005,0.006,0.007,0.008,0.009000000000000001,0.01]",0.001,2993,mock,InstrumentType.Spot,614483104,mock,BTC-USDT
2199944884,0,0,1783610796830229120,101,depth,"[65001.04,65001.14,65001.240000000005,65001.340000000004,65001.44,65001.54,65001.64,65001.740000000005,65001.840000000004,65001.94]",65001.04,"[0.001,0.002,0.003,0.004,0.005,0.006,0.007,0.008,0.009000000000000001,0.01]",0.001,"[65000.840000000004,65000.740000000005,65000.64,65000.54,65000.44,65000.340000000004,65000.240000000005,65000.14,65000.04,64999.94]",65000.840000000004,"[0.001,0.002,0.003,0.004,0.005,0.006,0.007,0.008,0.009000000000000001,0.01]",0.001,2994,mock,InstrumentType.Spot,614483664,mock,BTC-USDT
2199944884,0,0,1783610796830527990,101,depth,"[65001.049999999996,65001.149999999994,65001.25,65001.35,65001.45,65001.549999999996,65001.649999999994,65001.75,65001.85,65001.95]",65001.049999999996,"[0.001,0.002,0.003,0.004,0.005,0.006,0.007,0.008,0.009000000000000001,0.01]",0.001,"[65000.85,65000.75,65000.649999999994,65000.549999999996,65000.45,65000.35,65000.25,65000.149999999994,65000.049999999996,64999.95]",65000.85,"[0.001,0.002,0.003,0.004,0.005,0.006,0.007,0.008,0.009000000000000001,0.01]",0.001,2995,mock,InstrumentType.Spot,614484224,mock,BTC-USDT
2199944884,0,0,1783610796830828107,101,depth,"[65001.06,65001.159999999996,65001.26,65001.36,65001.46,65001.56,65001.659999999996,65001.76,65001.86,65001.96]",65001.06,"[0.001,0.002,0.003,0.004,0.005,0.006,0.007,0.008,0.009000000000000001,0.01]",0.001,"[65000.86,65000.76,65000.659999999996,65000.56,65000.46,65000.36,65000.26,65000.159999999996,65000.06,64999.96]",65000.86,"[0.001,0.002,0.003,0.004,0.005,0.006,0.007,0.008,0.009000000000000001,0.01]",0.001,2996,mock,InstrumentType.Spot,614484784,mock,BTC-USDT
2199944884,0,0,1783610796831128325,101,depth,"[65001.07,65001.17,65001.270000000004,65001.37,65001.47,65001.57,65001.67,65001.770000000004,65001.87,65001.97]",65001.07,"[0.001,0.002,0.003,0.004,0.005,0.006,0.007,0.008,0.009000000000000001,0.01]",0.001,"[65000.87,65000.770000000004,65000.67,65000.57,65000.47,65000.37,65000.270000000004,65000.17,65000.07,64999.97]",65000.87,"[0.001,0.002,0.003,0.004,0.005,0.006,0.007,0.008,0.009000000000000001,0.01]",0.001,2997,mock,InstrumentType.Spot,614485344,mock,BTC-USDT
2199944884,0,0,1783610796831440328,101,depth,"[65001.08,65001.18,65001.280000000006,65001.380000000005,65001.48,65001.58,65001.68,65001.780000000006,65001.880000000005,65001.98]",65001.08,"[0.001,0.002,0.003,0.004,0.005,0.006,0.007,0.008,0.009000000000000001,0.01]",0.001,"[65000.880000000005,65000.780000000006,65000.68,65000.58,65000.48,65000.380000000005,65000.280000000006,65000.18,65000.08,64999.98]",65000.880000000005,"[0.001,0.002,0.003,0.004,0.005,0.006,0.007,0.008,0.009000000000000001,0.01]",0.001,2998,mock,InstrumentType.Spot,614485904,mock,BTC-USDT
2199944884,0,0,1783610796831728464,101,depth,"[65001.09,65001.189999999995,65001.29,65001.39,65001.49,65001.59,65001.689999999995,65001.79,65001.89,65001.99]",65001.09,"[0.001,0.002,0.003,0.004,0.005,0.006,0.007,0.008,0.009000000000000001,0.01]",0.001,"[65000.89,65000.79,65000.689999999995,65000.59,65000.49,65000.39,65000.29,65000.189999999995,65000.09,64999.99]",65000.89,"[0.001,0.002,0.003,0.004,0.005,0.006,0.007,0.008,0.009000000000000001,0.01]",0.001,2999,mock,InstrumentType.Spot,614486464,mock,BTC-USDT
2199944884,0,0,1783610796832028287,101,depth,"[65000.1,65000.2,65000.3,65000.4,65000.5,65000.6,65000.7,65000.8,65000.9,65001.0]",65000.1,"[0.001,0.002,0.003,0.004,0.005,0.006,0.007,0.008,0.009000000000000001,0.01]",0.001,"[64999.9,64999.8,64999.7,64999.6,64999.5,64999.4,64999.3,64999.2,64999.1,64999.0]",64999.9,"[0.001,0.002,0.003,0.004,0.005,0.006,0.007,0.008,0.009000000000000001,0.01]",0.001,3000,mock,InstrumentType.Spot,614487024,mock,BTC-USDT
2199944884,0,0,1783610796832328493,101,depth,"[65000.11,65000.21,65000.310000000005,65000.41,65000.51,65000.61,65000.71,65000.810000000005,65000.91,65001.01]",65000.11,"[0.001,0.002,0.003,0.004,0.005,0.006,0.007,0.008,0.009000000000000001,0.01]",0.001,"[64999.91,64999.810000000005,64999.71,64999.61,64999.51,64999.41,64999.310000000005,64999.21,64999.11,64999.01]",64999.91,"[0.001,0.002,0.003,0.004,0.005,0.006,0.007,0.008,0.009000000000000001,0.01]",0.001,3001,mock,InstrumentType.Spot,614487584,mock,BTC-USDT
2199944884,0,0,1783610796832628265,101,depth,"[65000.119999999995,65000.219999999994,65000.32,65000.42,65000.52,65000.619999999995,65000.719999999994,65000.82,65000.92,65001.02]",65000.119999999995,"[0.001,0.002,0.003,0.004,0.005,0.006,0.007,0.008,0.009000000000000001,0.01]",0.001,"[64999.92,64999.82,64999.719999999994,64999.619999999995,64999.52,64999.42,64999.32,64999.219999999994,64999.119999999995,64999.02]",64999.92,"[0.001,0.002,0.003,0.004,0.005,0.006,0.007,0.008,0.009000000000000001,0.01]",0.001,3002,mock,InstrumentType.Spot,614488144,mock,BTC-USDT
2199944884,0,0,1783610796832928101,101,depth,"[65000.13,65000.229999999996,65000.33,65000.43,65000.53,65000.63,65000.729999999996,65000.83,65000.93,65001.03]",65000.13,"[0.001,0.002,0.003,0.004,0.005,0.006,0.007,0.008,0.009000000000000001,0.01]",0.001,"[64999.93,64999.83,64999.729999999996,64999.63,64999.53,64999.43,64999.33,64999.229999999996,64999.13,64999.03]",64999.93,"[0.001,0.002,0.003,0.004,0.005,0.006,0.007,0.008,0.009000000000000001,0.01]",0.001,3003,mock,InstrumentType.Spot,614488704,mock,BTC-USDT
2199944884,0,0,1783610796833228442,101,depth,"[65000.14,65000.24,65000.340000000004,65000.44,65000.54,65000.64,65000.74,65000.840000000004,65000.94,65001.04]",65000.14,"[0.001,0.002,0.003,0.004,0.005,0.006,0.007,0.008,0.009000000000000001,0.01]",0.001,"[64999.94,64999.840000000004,64999.74,64999.64,64999.54,64999.44,64999.340000000004,64999.24,64999.14,64999.04]",64999.94,"[0.001,0.002,0.003,0.004,0.005,0.006,0.007,0.008,0.009000000000000001,0.01]",0.001,3004,mock,InstrumentType.Spot,614489264,mock,BTC-USDT
2199944884,0,0,1783610796833531105,101,depth,"[65000.15,65000.25,65000.350000000006,65000.450000000004,65000.55,65000.65,65000.75,65000.850000000006,65000.950000000004,65001.05]",65000.15,"[0.001,0.002,0.003,0.004,0.005,0.006,0.007,0.008,0.009000000000000001,0.01]",0.001,"[64999.950000000004,64999.850000000006,64999.75,64999.65,64999.55,64999.450000000004,64999.350000000006,64999.25,64999.15,64999.05]",64999.950000000004,"[0.001,0.002,0.003,0.004,0.005,0.006,0.007,0.008,0.009000000000000001,0.01]",0.001,3005,mock,InstrumentType.Spot,614489824,mock,BTC-USDT
2199944884,0,0,1783610796833834941,101,depth,"[65000.159999999996,65000.259999999995,65000.36,65000.46,65000.56,65000.659999999996,65000.759999999995,65000.86,65000.96,65001.06]",65000.159999999996,"[0.001,0.002,0.003,0.004,0.005,0.006,0.007,0.008,0.009000000000000001,0.01]",0.001,"[64999.96,64999.86,64999.759999999995,64999.659999999996,64999.56,64999.46,64999.36,64999.259999999995,64999.159999999996,64999.06]",64999.96,"[0.001,0.002,0.003,0.004,0.005,0.006,0.007,0.008,0.009000000000000001,0.01]",0.001,3006,mock,InstrumentType.Spot,614490384,mock,BTC-USDT
2199944884,0,0,1783610796834129071,101,depth,"[65000.17,65000.27,65000.37,65000.47,65000.57,65000.67,65000.77,65000.87,65000.97,65001.07]",65000.17,"[0.001,0.002,0.003,0.004,0.005,0.006,0.007,0.008,0.009000000000000001,0.01]",0.001,"[64999.97,64999.87,64999.77,64999.67,64999.57,64999.47,64999.37,64999.27,64999.17,64999.07]",64999.97,"[0.001,0.002,0.003,0.004,0.005,0.006,0.007,0.008,0.009000000000000001,0.01]",0.001,3007,mock,InstrumentType.Spot,614490944,mock,BTC-USDT
2199944884,0,0,1783610796834446744,101,depth,"[65000.18,65000.28,65000.380000000005,65000.48,65000.58,65000.68,65000.78,65000.880000000005,65000.98,65001.08]",65000.18,"[0.001,0.002,0.003,0.004,0.005,0.006,0.007,0.008,0.009000000000000001,0.01]",0.001,"[64999.98,64999.880000000005,64999.78,64999.68,64999.58,64999.48,64999.380000000005,64999.28,64999.18,64999.08]",64999.98,"[0.001,0.002,0.003,0.004,0.005,0.006,0.007,0.008,0.009000000000000001,0.01]",0.001,3008,mock,InstrumentType.Spot,614491504,mock,BTC-USDT
2199944884,0,0,1783610796834728203,101,depth,"[65000.189999999995,65000.28999999999,65000.39,65000.49,65000.59,65000.689999999995,65000.78999999999,65000.89,65000.99,65001.09]",65000.189999999995,"[0.001,0.002,0.003,0.004,0.005,0.006,0.007,0.008,0.009000000000000001,0.01]",0.001,"[64999.99,64999.89,64999.78999999999,64999.689999999995,64999.59,64999.49,64999.39,64999.28999999999,64999.189999999995,64999.09]",64999.99,"[0.001,0.002,0.003,0.004,0.005,0.006,0.007,0.008,0.009000000000000001,0.01]",0.001,3009,mock,InstrumentType.Spot,614492064,mock,BTC-USDT
2199944884,0,0,1783610796835028089,101,depth,"[65000.2,65000.299999999996,65000.4,65000.5,65000.6,65000.7,65000.799999999996,65000.9,65001.0,65001.1]",65000.2,"[0.001,0.002,0.003,0.004,0.005,0.006,0.007,0.008,0.009000000000000001,0.01]",0.001,"[65000.0,64999.9,64999.799999999996,64999.7,64999.6,64999.5,64999.4,64999.299999999996,64999.2,64999.1]",65000.0,"[0.001,0.002,0.003,0.004,0.005,0.006,0.007,0.008,0.009000000000000001,0.01]",0.001,3010,mock,InstrumentType.Spot,614492624,mock,BTC-USDT
2199944884,0,0,1783610796835328346,101,depth,"[65000.21,65000.31,65000.41,65000.51,65000.61,65000.71,65000.81,65000.91,65001.01,65001.11]",65000.21,"[0.001,0.002,0.003,0.004,0.005,0.006,0.007,0.008,0.009000000000000001,0.01]",0.001,"[65000.01,64999.91,64999.81,64999.71,64999.61,64999.51,64999.41,64999.31,64999.21,64999.11]",65000.01,"[0.001,0.002,0.003,0.004,0.005,0.006,0.007,0.008,0.009000000000000001,0.01]",0.001,3011,mock,InstrumentType.Spot,614493184,mock,BTC-USDT
2199944884,0,0,1783610796835629842,101,depth,"[65000.22,65000.32,65000.420000000006,65000.520000000004,65000.62,65000.72,65000.82,65000.920000000006,65001.020000000004,65001.12]",65000.22,"[0.001,0.002,0.003,0.004,0.005,0.006,0.007,0.008,0.009000000000000001,0.01]",0.001,"[65000.020000000004,64999.920000000006,64999.82,64999.72,64999.62,64999.520000000004,64999.420000000006,64999.32,64999.22,64999.12]",65000.020000000004,"[0.001,0.002,0.003,0.004,0.005,0.006,0.007,0.008,0.009000000000000001,0.01]",0.001,3012,mock,InstrumentType.Spot,614493744,mock,BTC-USDT
2199944884,0,0,1783610796835928807,101,depth,"[65000.229999999996,65000.329999999994,65000.43,65000.53,65000.63,65000.729999999996,65000.829999999994,65000.93,65001.03,65001.13]",65000.229999999996,"[0.001,0.002,0.003,0.004,0.005,0.006,0.007,0.008,0.009000000000000001,0.01]",0.001,"[65000.03,64999.93,64999.829999999994,64999.729999999996,64999.63,64999.53,64999.43,64999.329999999994,64999.229999999996,64999.13]",65000.03,"[0.001,0.002,0.003,0.004,0.005,0.006,0.007,0.008,0.009000000000000001,0.01]",0.001,3013,mock,InstrumentType.Spot,614494304,mock,BTC-USDT
2199944884,0,0,1783610796836228377,101,depth,"[65000.24,65000.34,65000.44,65000.54,65000.64,65000.74,65000.84,65000.94,65001.04,65001.14]",65000.24,"[0.001,0.002,0.003,0.004,0.005,0.006,0.007,0.008,0.009000000000000001,0.01]",0.001,"[65000.04,64999.94,64999.84,64999.74,64999.64,64999.54,64999.44,64999.34,64999.24,64999.14]",65000.04,"[0.001,0.002,0.003,0.004,0.005,0.006,0.007,0.008,0.009000000000000001,0.01]",0.001,3014,mock,InstrumentType.Spot,614494864,mock,BTC-USDT
2199944884,0,0,1783610796836528219,101,depth,"[65000.25,65000.35,65000.450000000004,65000.55,65000.65,65000.75,65000.85,65000.950000000004,65001.05,65001.15]",65000.25,"[0.001,0.002,0.003,0.004,0.005,0.006,0.007,0.008,0.009000000000000001,0.01]",0.001,"[65000.05,64999.950000000004,64999.85,64999.75,64999.65,64999.55,64999.450000000004,64999.35,64999.25,64999.15]",65000.05,"[0.001,0.002,0.003,0.004,0.005,0.006,0.007,0.008,0.009000000000000001,0.01]",0.001,3015,mock,InstrumentType.Spot,614495424,mock,BTC-USDT
2199944884,0,0,1783610796836828534,101,depth,"[65000.26,65000.36,65000.46000000001,65000.560000000005,65000.66,65000.76,65000.86,65000.96000000001,65001.060000000005,65001.16]",65000.26,"[0.001,0.002,0.003,0.004,0.005,0.006,0.007,0.008,0.009000000000000001,0.01]",0.001,"[65000.060000000005,64999.96000000001,64999.86,64999.76,64999.66,64999.560000000005,64999.46000000001,64999.36,64999.26,64999.16]",65000.060000000005,"[0.001,0.002,0.003,0.004,0.005,0.006,0.007,0.008,0.009000000000000001,0.01]",0.001,3016,mock,InstrumentType.Spot,614495984,mock,BTC-USDT
2199944884,0,0,1783610796837143165,101,depth,"[65000.27,65000.369999999995,65000.47,65000.57,65000.67,65000.77,65000.869999999995,65000.97,65001.07,65001.17]",65000.27,"[0.001,0.002,0.003,0.004,0.005,0.006,0.007,0.008,0.009000000000000001,0.01]",0.001,"[65000.07,64999.97,64999.869999999995,64999.77,64999.67,64999.57,64999.47,64999.369999999995,64999.27,64999.17]",65000.07,"[0.001,0.002,0.003,0.004,0.005,0.006,0.007,0.008,0.009000000000000001,0.01]",0.001,3017,mock,InstrumentType.Spot,614496544,mock,BTC-USDT
2199944884,0,0,1783610796837428669,101,depth,"[65000.28,65000.38,65000.48,65000.58,65000.68,65000.78,65000.88,65000.98,65001.08,65001.18]",65000.28,"[0.001,0.002,0.003,0.004,0.005,0.006,0.007,0.008,0.009000000000000001,0.01]",0.001,"[65000.08,64999.98,64999.88,64999.78,64999.68,64999.58,64999.48,64999.38,64999.28,64999.18]",65000.08,"[0.001,0.002,0.003,0.004,0.005,0.006,0.007,0.008,0.009000000000000001,0.01]",0.001,3018,mock,InstrumentType.Spot,614497104,mock,BTC-USDT
2199944884,0,0,1783610796837728605,101,depth,"[65000.29,65000.39,65000.490000000005,65000.590000000004,65000.69,65000.79,65000.89,65000.990000000005,65001.090000000004,65001.19]",65000.29,"[0.001,0.002,0.003,0.004,0.005,0.006,0.007,0.008,0.009000000000000001,0.01]",0.001,"[65000.090000000004,64999.990000000005,64999.89,64999.79,64999.69,64999.590000000004,64999.490000000005,64999.39,64999.29,64999.19]",65000.090000000004,"[0.001,0.002,0.003,0.004,0.005,0.006,0.007,0.008,0.009000000000000001,0.01]",0.001,3019,mock,InstrumentType.Spot,614497664,mock,BTC-USDT
2199944884,0,0,1783610796838028460,101,depth,"[65000.299999999996,65000.399999999994,65000.5,65000.6,65000.7,65000.799999999996,65000.899999999994,65001.0,65001.1,65001.2]",65000.299999999996,"[0.001,0.002,0.003,0.004,0.005,0.006,0.007,0.008,0.009000000000000001,0.01]",0.001,"[65000.1,65000.0,64999.899999999994,64999.799999999996,64999.7,64999.6,64999.5,64999.399999999994,64999.299999999996,64999.2]",65000.1,"[0.001,0.002,0.003,0.004,0.005,0.006,0.007,0.008,0.009000000000000001,0.01]",0.001,3020,mock,InstrumentType.Spot,614498224,mock,BTC-USDT
2199944884,0,0,1783610796838328367,101,depth,"[65000.31,65000.409999999996,65000.51,65000.61,65000.71,65000.81,65000.909999999996,65001.01,65001.11,65001.21]",65000.31,"[0.001,0.002,0.003,0.004,0.005,0.006,0.007,0.008,0.009000000000000001,0.01]",0.001,"[65000.11,65000.01,64999.909999999996,64999.81,64999.71,64999.61,64999.51,64999.409999999996,64999.31,64999.21]",65000.11,"[0.001,0.002,0.003,0.004,0.005,0.006,0.007,0.008,0.009000000000000001,0.01]",0.001,3021,mock,InstrumentType.Spot,614498784,mock,BTC-USDT
2199944884,0,0,1783610796838628428,101,depth,"[65000.32,65000.42,65000.520000000004,65000.62,65000.72,65000.82,65000.92,65001.020000000004,65001.12,65001.22]",65000.32,"[0.001,0.002,0.003,0.004,0.005,0.006,0.007,0.008,0.009000000000000001,0.01]",0.001,"[65000.12,65000.020000000004,64999.92,64999.82,64999.72,64999.62,64999.520000000004,64999.42,64999.32,64999.22]",65000.12,"[0.001,0.002,0.003,0.004,0.005,0.006,0.007,0.008,0.009000000000000001,0.01]",0.001,3022,mock,InstrumentType.Spot,614499344,mock,BTC-USDT
2199944884,0,0,1783610796838928055,101,depth,"[65000.33,65000.43,65000.530000000006,65000.630000000005,65000.73,65000.83,65000.93,65001.030000000006,65001.130000000005,65001.23]",65000.33,"[0.001,0.002,0.003,0.004,0.005,0.006,0.007,0.008,0.009000000000000001,0.01]",0.001,"[65000.130000000005,65000.030000000006,64999.93,64999.83,64999.73,64999.630000000005,64999.530000000006,64999.43,64999.33,64999.23]",65000.130000000005,"[0.001,0.002,0.003,0.004,0.005,0.006,0.007,0.008,0.009000000000000001,0.01]",0.001,3023,mock,InstrumentType.Spot,614499904,mock,BTC-USDT
2199944884,0,0,1783610796839228135,101,depth,"[65000.34,65000.439999999995,65000.54,65000.64,65000.74,65000.84,65000.939999999995,65001.04,65001.14,65001.24]",65000.34,"[0.001,0.002,0.003,0.004,0.005,0.006,0.007,0.008,0.009000000000000001,0.01]",0.001,"[65000.14,65000.04,64999.939999999995,64999.84,64999.74,64999.64,64999.54,64999.439999999995,64999.34,64999.24]",65000.14,"[0.001,0.002,0.003,0.004,0.005,0.006,0.007,0.008,0.009000000000000001,0.01]",0.001,3024,mock,InstrumentType.Spot,614500464,mock,BTC-USDT
2199944884,0,0,1783610796839528174,101,depth,"[65000.35,65000.45,65000.55,65000.65,65000.75,65000.85,65000.95,65001.05,65001.15,65001.25]",65000.35,"[0.001,0.002,0.003,0.004,0.005,0.006,0.007,0.008,0.009000000000000001,0.01]",0.001,"[65000.15,65000.05,64999.95,64999.85,64999.75,64999.65,64999.55,64999.45,64999.35,64999.25]",65000.15,"[0.001,0.002,0.003,0.004,0.005,0.006,0.007,0.008,0.009000000000000001,0.01]",0.001,3025,mock,InstrumentType.Spot,614501024,mock,BTC-USDT
2199944884,0,0,1783610796839828097,101,depth,"[65000.36,65000.46,65000.560000000005,65000.66,65000.76,65000.86,65000.96,65001.060000000005,65001.16,65001.26]",65000.36,"[0.001,0.002,0.003,0.004,0.005,0.006,0.007,0.008,0.009000000000000001,0.01]",0.001,"[65000.16,65000.060000000005,64999.96,64999.86,64999.76,64999.66,64999.560000000005,64999.46,64999.36,64999.26]",65000.16,"[0.001,0.002,0.003,0.004,0.005,0.006,0.007,0.008,0.009000000000000001,0.01]",0.001,3026,mock,InstrumentType.Spot,614501584,mock,BTC-USDT
2199944884,0,0,1783610796840134785,101,depth,"[65000.369999999995,65000.469999999994,65000.57,65000.67,65000.77,65000.869999999995,65000.969999999994,65001.07,65001.17,65001.27]",65000.369999999995,"[0.001,0.002,0.003,0.004,0.005,0.006,0.007,0.008,0.009000000000000001,0.01]",0.001,"[65000.17,65000.07,64999.969999999994,64999.869999999995,64999.77,64999.67,64999.57,64999.469999999994,64999.369999999995,64999.27]",65000.17,"[0.001,0.002,0.003,0.004,0.005,0.006,0.007,0.008,0.009000000000000001,0.01]",0.001,3027,mock,InstrumentType.Spot,614502144,mock,BTC-USDT
2199944884,0,0,1783610796840428292,101,depth,"[65000.38,65000.479999999996,65000.58,65000.68,65000.78,65000.88,65000.979999999996,65001.08,65001.18,65001.28]",65000.38,"[0.001,0.002,0.003,0.004,0.005,0.006,0.007,0.008,0.009000000000000001,0.01]",0.001,"[65000.18,65000.08,64999.979999999996,64999.88,64999.78,64999.68,64999.58,64999.479999999996,64999.38,64999.28]",65000.18,"[0.001,0.002,0.003,0.004,0.005,0.006,0.007,0.008,0.009000000000000001,0.01]",0.001,3028,mock,InstrumentType.Spot,614502704,mock,BTC-USDT
2199944884,0,0,1783610796840728012,101,depth,"[65000.39,65000.49,65000.590000000004,65000.69,65000.79,65000.89,65000.99,65001.090000000004,65001.19,65001.29]",65000.39,"[0.001,0.002,0.003,0.004,0.005,0.006,0.007,0.008,0.009000000000000001,0.01]",0.001,"[65000.19,65000.090000000004,64999.99,64999.89,64999.79,64999.69,64999.590000000004,64999.49,64999.39,64999.29]",65000.19,"[0.001,0.002,0.003,0.004,0.005,0.006,0.007,0.008,0.009000000000000001,0.01]",0.001,3029,mock,InstrumentType.Spot,614503264,mock,BTC-USDT
2199944884,0,0,1783610796841030380,101,depth,"[65000.4,65000.5,65000.600000000006,65000.700000000004,65000.8,65000.9,65001.0,65001.100000000006,65001.200000000004,65001.3]",65000.4,"[0.001,0.002,0.003,0.004,0.005,0.006,0.007,0.008,0.009000000000000001,0.01]",0.001,"[65000.200000000004,65000.100000000006,65000.0,64999.9,64999.8,64999.700000000004,64999.600000000006,64999.5,64999.4,64999.3]",65000.200000000004,"[0.001,0.002,0.003,0.004,0.005,0.006,0.007,0.008,0.009000000000000001,0.01]",0.001,3030,mock,InstrumentType.Spot,614503824,mock,BTC-USDT
2199944884,0,0,1783610796841330021,101,depth,"[65000.409999999996,65000.509999999995,65000.61,65000.71,65000.81,65000.909999999996,65001.009999999995,65001.11,65001.21,65001.31]",65000.409999999996,"[0.001,0.002,0.003,0.004,0.005,0.006,0.007,0.008,0.009000000000000001,0.01]",0.001,"[65000.21,65000.11,65000.009999999995,64999.909999999996,64999.81,64999.71,64999.61,64999.509999999995,64999.409999999996,64999.31]",65000.21,"[0.001,0.002,0.003,0.004,0.005,0.006,0.007,0.008,0.009000000000000001,0.01]",0.001,3031,mock,InstrumentType.Spot,614504384,mock,BTC-USDT
2199944884,0,0,1783610796841631430,101,depth,"[65000.42,65000.52,65000.62,65000.72,65000.82,65000.92,65001.02,65001.12,65001.22,65001.32]",65000.42,"[0.001,0.002,0.003,0.004,0.005,0.006,0.007,0.008,0.009000000000000001,0.01]",0.001,"[65000.22,65000.12,65000.02,64999.92,64999.82,64999.72,64999.62,64999.52,64999.42,64999.32]",65000.22,"[0.001,0.002,0.003,0.004,0.005,0.006,0.007,0.008,0.009000000000000001,0.01]",0.001,3032,mock,InstrumentType.Spot,614504944,mock,BTC-USDT
2199944884,0,0,1783610796841929440,101,depth,"[65000.43,65000.53,65000.630000000005,65000.73,65000.83,65000.93,65001.03,65001.130000000005,65001.23,65001.33]",65000.43,"[0.001,0.002,0.003,0.004,0.005,0.006,0.007,0.008,0.009000000000000001,0.01]",0.001,"[65000.23,65000.130000000005,65000.03,64999.93,64999.83,64999.73,64999.630000000005,64999.53,64999.43,64999.33]",65000.23,"[0.001,0.002,0.003,0.004,0.005,0.006,0.007,0.008,0.009000000000000001,0.01]",0.001,3033,mock,InstrumentType.Spot,614505504,mock,BTC-USDT
2199944884,0,0,1783610796842228654,101,depth,"[65000.439999999995,65000.53999999999,65000.64,65000.74,65000.84,65000.939999999995,65001.03999999999,65001.14,65001.24,65001.34]",65000.439999999995,"[0.001,0.002,0.003,0.004,0.005,0.006,0.007,0.008,0.009000000000000001,0.01]",0.001,"[65000.24,65000.14,65000.03999999999,64999.939999999995,64999.84,64999.74,64999.64,64999.53999999999,64999.439999999995,64999.34]",65000.24,"[0.001,0.002,0.003,0.004,0.005,0.006,0.007,0.008,0.009000000000000001,0.01]",0.001,3034,mock,InstrumentType.Spot,614506064,mock,BTC-USDT
2199944884,0,0,1783610796842530053,101,depth,"[65000.45,65000.549999999996,65000.65,65000.75,65000.85,65000.95,65001.049999999996,65001.15,65001.25,65001.35]",65000.45,"[0.001,0.002,0.003,0.004,0.005,0.006,0.007,0.008,0.009000000000000001,0.01]",0.001,"[65000.25,65000.15,65000.049999999996,64999.95,64999.85,64999.75,64999.65,64999.549999999996,64999.45,64999.35]",65000.25,"[0.001,0.002,0.003,0.004,0.005,0.006,0.007,0.008,0.009000000000000001,0.01]",0.001,3035,mock,InstrumentType.Spot,614506624,mock,BTC-USDT
2199944884,0,0,1783610796842853338,101,depth,"[65000.46,65000.56,65000.66,65000.76,65000.86,65000.96,65001.06,65001.16,65001.26,65001.36]",65000.46,"[0.001,0.002,0.003,0.004,0.005,0.006,0.007,0.008,0.009000000000000001,0.01]",0.001,"[65000.26,65000.16,65000.06,64999.96,64999.86,64999.76,64999.66,64999.56,64999.46,64999.36]",65000.26,"[0.001,0.002,0.003,0.004,0.005,0.006,0.007,0.008,0.009000000000000001,0.01]",0.001,3036,mock,InstrumentType.Spot,614507184,mock,BTC-USDT
2199944884,0,0,1783610796843129114,101,depth,"[65000.47,65000.57,65000.670000000006,65000.770000000004,65000.87,65000.97,65001.07,65001.170000000006,65001.270000000004,65001.37]",65000.47,"[0.001,0.002,0.003,0.004,0.005,0.006,0.007,0.008,0.009000000000000001,0.01]",0.001,"[65000.270000000004,65000.170000000006,65000.07,64999.97,64999.87,64999.770000000004,64999.670000000006,64999.57,64999.47,64999.37]",65000.270000000004,"[0.001,0.002,0.003,0.004,0.005,0.006,0.007,0.008,0.009000000000000001,0.01]",0.001,3037,mock,InstrumentType.Spot,614507744,mock,BTC-USDT
2199944884,0,0,1783610796843429775,101,depth,"[65000.479999999996,65000.579999999994,65000.68,65000.78,65000.88,65000.979999999996,65001.079999999994,65001.18,65001.28,65001.38]",65000.479999999996,"[0.001,0.002,0.003,0.004,0.005,0.006,0.007,0.008,0.009000000000000001,0.01]",0.001,"[65000.28,65000.18,65000.079999999994,64999.979999999996,64999.88,64999.78,64999.68,64999.579999999994,64999.479999999996,64999.38]",65000.28,"[0.001,0.002,0.003,0.004,0.005,0.006,0.007,0.008,0.009000000000000001,0.01]",0.001,3038,mock,InstrumentType.Spot,614508304,mock,BTC-USDT
2199944884,0,0,1783610796843729701,101,depth,"[65000.49,65000.59,65000.69,65000.79,65000.89,65000.99,65001.09,65001.19,65001.29,65001.39]",65000.49,"[0.001,0.002,0.003,0.004,0.005,0.006,0.007,0.008,0.009000000000000001,0.01]",0.001,"[65000.29,65000.19,65000.09,64999.99,64999.89,64999.79,64999.69,64999.59,64999.49,64999.39]",65000.29,"[0.001,0.002,0.003,0.004,0.005,0.006,0.007,0.008,0.009000000000000001,0.01]",0.001,3039,mock,InstrumentType.Spot,614508864,mock,BTC-USDT
2199944884,0,0,1783610796844029463,101,depth,"[65000.5,65000.6,65000.700000000004,65000.8,65000.9,65001.0,65001.1,65001.200000000004,65001.3,65001.4]",65000.5,"[0.001,0.002,0.003,0.004,0.005,0.006,0.007,0.008,0.009000000000000001,0.01]",0.001,"[65000.3,65000.200000000004,65000.1,65000.0,64999.9,64999.8,64999.700000000004,64999.6,64999.5,64999.4]",65000.3,"[0.001,0.002,0.003,0.004,0.005,0.006,0.007,0.008,0.009000000000000001,0.01]",0.001,3040,mock,InstrumentType.Spot,614509424,mock,BTC-USDT
2199944884,0,0,1783610796844329155,101,depth,"[65000.51,65000.61,65000.71000000001,65000.810000000005,65000.91,65001.01,65001.11,65001.21000000001,65001.310000000005,65001.41]",65000.51,"[0.001,0.002,0.003,0.004,0.005,0.006,0.007,0.008,0.009000000000000001,0.01]",0.001,"[65000.310000000005,65000.21000000001,65000.11,65000.01,64999.91,64999.810000000005,64999.71000000001,64999.61,64999.51,64999.41]",65000.310000000005,"[0.001,0.002,0.003,0.004,0.005,0.006,0.007,0.008,0.009000000000000001,0.01]",0.001,3041,mock,InstrumentType.Spot,614509984,mock,BTC-USDT
2199944884,0,0,1783610796844629227,101,depth,"[65000.52,65000.619999999995,65000.72,65000.82,65000.92,65001.02,65001.119999999995,65001.22,65001.32,65001.42]",65000.52,"[0.001,0.002,0.003,0.004,0.005,0.006,0.007,0.008,0.009000000000000001,0.01]",0.001,"[65000.32,65000.22,65000.119999999995,65000.02,64999.92,64999.82,64999.72,64999.619999999995,64999.52,64999.42]",65000.32,"[0.001,0.002,0.003,0.004,0.005,0.006,0.007,0.008,0.009000000000000001,0.01]",0.001,3042,mock,InstrumentType.Spot,614510544,mock,BTC-USDT
2199944884,0,0,1783610796844929012,101,depth,"[65000.53,65000.63,65000.73,65000.83,65000.93,65001.03,65001.13,65001.23,65001.33,65001.43]",65000.53,"[0.001,0.002,0.003,0.004,0.005,0.006,0.007,0.008,0.009000000000000001,0.01]",0.001,"[65000.33,65000.23,65000.13,65000.03,64999.93,64999.83,64999.73,64999.63,64999.53,64999.43]",65000.33,"[0.001,0.002,0.003,0.004,0.005,0.006,0.007,0.008,0.009000000000000001,0.01]",0.001,3043,mock,InstrumentType.Spot,614511104,mock,BTC-USDT
2199944884,0,0,1783610796845229271,101,depth,"[65000.54,65000.64,65000.740000000005,65000.840000000004,65000.94,65001.04,65001.14,65001.240000000005,65001.340000000004,65001.44]",65000.54,"[0.001,0.002,0.003,0.004,0.005,0.006,0.007,0.008,0.009000000000000001,0.01]",0.001,"[65000.340000000004,65000.240000000005,65000.14,65000.04,64999.94,64999.840000000004,64999.740000000005,64999.64,64999.54,64999.44]",65000.340000000004,"[0.001,0.002,0.003,0.004,0.005,0.006,0.007,0.008,0.009000000000000001,0.01]",0.001,3044,mock,InstrumentType.Spot,614511664,mock,BTC-USDT
2199944884,0,0,1783610796845529091,101,depth,"[65000.549999999996,65000.649999999994,65000.75,65000.85,65000.95,65001.049999999996,65001.149999999994,65001.25,65001.35,65001.45]",65000.549999999996,"[0.001,0.002,0.003,0.004,0.005,0.006,0.007,0.008,0.009000000000000001,0.01]",0.001,"[65000.35,65000.25,65000.149999999994,65000.049999999996,64999.95,64999.85,64999.75,64999.649999999994,64999.549999999996,64999.45]",65000.35,"[0.001,0.002,0.003,0.004,0.005,0.006,0.007,0.008,0.009000000000000001,0.01]",0.001,3045,mock,InstrumentType.Spot,614512224,mock,BTC-USDT
2199944884,0,0,1783610796845843584,101,depth,"[65000.56,65000.659999999996,65000.76,65000.86,65000.96,65001.06,65001.159999999996,65001.26,65001.36,65001.46]",65000.56,"[0.001,0.002,0.003,0.004,0.005,0.006,0.007,0.008,0.009000000000000001,0.01]",0.001,"[65000.36,65000.26,65000.159999999996,65000.06,64999.96,64999.86,64999.76,64999.659999999996,64999.56,64999.46]",65000.36,"[0.001,0.002,0.003,0.004,0.005,0.006,0.007,0.008,0.009000000000000001,0.01]",0.001,3046,mock,InstrumentType.Spot,614512784,mock,BTC-USDT
2199944884,0,0,1783610796846128749,101,depth,"[65000.57,65000.67,65000.770000000004,65000.87,65000.97,65001.07,65001.17,65001.270000000004,65001.37,65001.47]",65000.57,"[0.001,0.002,0.003,0.004,0.005,0.006,0.007,0.008,0.009000000000000001,0.01]",0.001,"[65000.37,65000.270000000004,65000.17,65000.07,64999.97,64999.87,64999.770000000004,64999.67,64999.57,64999.47]",65000.37,"[0.001,0.002,0.003,0.004,0.005,0.006,0.007,0.008,0.009000000000000001,0.01]",0.001,3047,mock,InstrumentType.Spot,614513344,mock,BTC-USDT
2199944884,0,0,1783610796846428763,101,depth,"[65000.58,65000.68,65000.780000000006,65000.880000000005,65000.98,65001.08,65001.18,65001.280000000006,65001.380000000005,65001.48]",65000.58,"[0.001,0.002,0.003,0.004,0.005,0.006,0.007,0.008,0.009000000000000001,0.01]",0.001,"[65000.380000000005,65000.280000000006,65000.18,65000.08,64999.98,64999.880000000005,64999.780000000006,64999.68,64999.58,64999.48]",65000.380000000005,"[0.001,0.002,0.003,0.004,0.005,0.006,0.007,0.008,0.009000000000000001,0.01]",0.001,3048,mock,InstrumentType.Spot,614513904,mock,BTC-USDT
2199944884,0,0,1783610796846728460,101,depth,"[65000.59,65000.689999999995,65000.79,65000.89,65000.99,65001.09,65001.189999999995,65001.29,65001.39,65001.49]",65000.59,"[0.001,0.002,0.003,0.004,0.005,0.006,0.007,0.008,0.009000000000000001,0.01]",0.001,"[65000.39,65000.29,65000.189999999995,65000.09,64999.99,64999.89,64999.79,64999.689999999995,64999.59,64999.49]",65000.39,"[0.001,0.002,0.003,0.004,0.005,0.006,0.007,0.008,0.009000000000000001,0.01]",0.001,3049,mock,InstrumentType.Spot,614514464,mock,BTC-USDT
2199944884,0,0,1783610796847028458,101,depth,"[65000.6,65000.7,65000.8,65000.9,65001.0,65001.1,65001.2,65001.3,65001.4,65001.5]",65000.6,"[0.001,0.002,0.003,0.004,0.005,0.006,0.007,0.008,0.009000000000000001,0.01]",0.001,"[65000.4,65000.3,65000.2,65000.1,65000.0,64999.9,64999.8,64999.7,64999.6,64999.5]",65000.4,"[0.001,0.002,0.003,0.004,0.005,0.006,0.007,0.008,0.009000000000000001,0.01]",0.001,3050,mock,InstrumentType.Spot,614515024,mock,BTC-USDT
2199944884,0,0,1783610796847328417,101,depth,"[65000.61,65000.71,65000.810000000005,65000.91,65001.01,65001.11,65001.21,65001.310000000005,65001.41,65001.51]",65000.61,"[0.001,0.002,0.003,0.004,0.005,0.006,0.007,0.008,0.009000000000000001,0.01]",0.001,"[65000.41,65000.310000000005,65000.21,65000.11,65000.01,64999.91,64999.810000000005,64999.71,64999.61,64999.51]",65000.41,"[0.001,0.002,0.003,0.004,0.005,0.006,0.007,0.008,0.009000000000000001,0.01]",0.001,3051,mock,InstrumentType.Spot,614515584,mock,BTC-USDT
2199944884,0,0,1783610796847628057,101,depth,"[65000.619999999995,65000.719999999994,65000.82,65000.92,65001.02,65001.119999999995,65001.219999999994,65001.32,65001.42,65001.52]",65000.619999999995,"[0.001,0.002,0.003,0.004,0.005,0.006,0.007,0.008,0.009000000000000001,0.01]",0.001,"[65000.42,65000.32,65000.219999999994,65000.119999999995,65000.02,64999.92,64999.82,64999.719999999994,64999.619999999995,64999.52]",65000.42,"[0.001,0.002,0.003,0.004,0.005,0.006,0.007,0.008,0.009000000000000001,0.01]",0.001,3052,mock,InstrumentType.Spot,614516144,mock,BTC-USDT
2199944884,0,0,1783610796847928162,101,depth,"[65000.63,65000.729999999996,65000.83,65000.93,65001.03,65001.13,65001.229999999996,65001.33,65001.43,65001.53]",65000.63,"[0.001,0.002,0.003,0.004,0.005,0.006,0.007,0.008,0.009000000000000001,0.01]",0.001,"[65000.43,65000.33,65000.229999999996,65000.13,65000.03,64999.93,64999.83,64999.729999999996,64999.63,64999.53]",65000.43,"[0.001,0.002,0.003,0.004,0.005,0.006,0.007,0.008,0.009000000000000001,0.01]",0.001,3053,mock,InstrumentType.Spot,614516704,mock,BTC-USDT
2199944884,0,0,1783610796848228086,101,depth,"[65000.64,65000.74,65000.840000000004,65000.94,65001.04,65001.14,65001.24,65001.340000000004,65001.44,65001.54]",65000.64,"[0.001,0.002,0.003,0.004,0.005,0.006,0.007,0.008,0.009000000000000001,0.01]",0.001,"[65000.44,65000.340000000004,65000.24,65000.14,65000.04,64999.94,64999.840000000004,64999.74,64999.64,64999.54]",65000.44,"[0.001,0.002,0.003,0.004,0.005,0.006,0.007,0.008,0.009000000000000001,0.01]",0.001,3054,mock,InstrumentType.Spot,614517264,mock,BTC-USDT
2199944884,0,0,1783610796848528010,101,depth,"[65000.65,65000.75,65000.850000000006,65000.950000000004,65001.05,65001.15,65001.25,65001.350000000006,65001.450000000004,65001.55]",65000.65,"[0.001,0.002,0.003,0.004,0.005,0.006,0.007,0.008,0.009000000000000001,0.01]",0.001,"[65000.450000000004,65000.350000000006,65000.25,65000.15,65000.05,64999.950000000004,64999.850000000006,64999.75,64999.65,64999.55]",65000.450000000004,"[0.001,0.002,0.003,0.004,0.005,0.006,0.007,0.008,0.009000000000000001,0.01]",0.001,3055,mock,InstrumentType.Spot,614517824,mock,BTC-USDT
2199944884,0,0,1783610796848897824,101,depth,"[65000.659999999996,65000.759999999995,65000.86,65000.96,65001.06,65001.159999999996,65001.259999999995,65001.36,65001.46,65001.56]",65000.659999999996,"[0.001,0.002,0.003,0.004,0.005,0.006,0.007,0.008,0.009000000000000001,0.01]",0.001,"[65000.46,65000.36,65000.259999999995,65000.159999999996,65000.06,64999.96,64999.86,64999.759999999995,64999.659999999996,64999.56]",65000.46,"[0.001,0.002,0.003,0.004,0.005,0.006,0.007,0.008,0.009000000000000001,0.01]",0.001,3056,mock,InstrumentType.Spot,614518384,mock,BTC-USDT
2199944884,0,0,1783610796849128717,101,depth,"[65000.67,65000.77,65000.87,65000.97,65001.07,65001.17,65001.27,65001.37,65001.47,65001.57]",65000.67,"[0.001,0.002,0.003,0.004,0.005,0.006,0.007,0.008,0.009000000000000001,0.01]",0.001,"[65000.47,65000.37,65000.27,65000.17,65000.07,64999.97,64999.87,64999.77,64999.67,64999.57]",65000.47,"[0.001,0.002,0.003,0.004,0.005,0.006,0.007,0.008,0.009000000000000001,0.01]",0.001,3057,mock,InstrumentType.Spot,614518944,mock,BTC-USDT
2199944884,0,0,1783610796849428163,101,depth,"[65000.68,65000.78,65000.880000000005,65000.98,65001.08,65001.18,65001.28,65001.380000000005,65001.48,65001.58]",65000.68,"[0.001,0.002,0.003,0.004,0.005,0.006,0.007,0.008,0.009000000000000001,0.01]",0.001,"[65000.48,65000.380000000005,65000.28,65000.18,65000.08,64999.98,64999.880000000005,64999.78,64999.68,64999.58]",65000.48,"[0.001,0.002,0.003,0.004,0.005,0.006,0.007,0.008,0.009000000000000001,0.01]",0.001,3058,mock,InstrumentType.Spot,614519504,mock,BTC-USDT
2199944884,0,0,1783610796849728029,101,depth,"[65000.689999999995,65000.78999999999,65000.89,65000.99,65001.09,65001.189999999995,65001.28999999999,65001.39,65001.49,65001.59]",65000.689999999995,"[0.001,0.002,0.003,0.004,0.005,0.006,0.007,0.008,0.009000000000000001,0.01]",0.001,"[65000.49,65000.39,65000.28999999999,65000.189999999995,65000.09,64999.99,64999.89,64999.78999999999,64999.689999999995,64999.59]",65000.49,"[0.001,0.002,0.003,0.004,0.005,0.006,0.007,0.008,0.009000000000000001,0.01]",0.001,3059,mock,InstrumentType.Spot,614520064,mock,BTC-USDT
2199944884,0,0,1783610796850028230,101,depth,"[65000.7,65000.799999999996,65000.9,65001.0,65001.1,65001.2,65001.299999999996,65001.4,65001.5,65001.6]",65000.7,"[0.001,0.002,0.003,0.004,0.005,0.006,0.007,0.008,0.009000000000000001,0.01]",0.001,"[65000.5,65000.4,65000.299999999996,65000.2,65000.1,65000.0,64999.9,64999.799999999996,64999.7,64999.6]",65000.5,"[0.001,0.002,0.003,0.004,0.005,0.006,0.007,0.008,0.009000000000000001,0.01]",0.001,3060,mock,InstrumentType.Spot,614520624,mock,BTC-USDT
2199944884,0,0,1783610796850328158,101,depth,"[65000.71,65000.81,65000.91,65001.01,65001.11,65001.21,65001.31,65001.41,65001.51,65001.61]",65000.71,"[0.001,0.002,0.003,0.004,0.005,0.006,0.007,0.008,0.009000000000000001,0.01]",0.001,"[65000.51,65000.41,65000.31,65000.21,65000.11,65000.01,64999.91,64999.81,64999.71,64999.61]",65000.51,"[0.001,0.002,0.003,0.004,0.005,0.006,0.007,0.008,0.009000000000000001,0.01]",0.001,3061,mock,InstrumentType.Spot,614521184,mock,BTC-USDT
2199944884,0,0,1783610796850628072,101,depth,"[65000.72,65000.82,65000.920000000006,65001.020000000004,65001.12,65001.22,65001.32,65001.420000000006,65001.520000000004,65001.62]",65000.72,"[0.001,0.002,0.003,0.004,0.005,0.006,0.007,0.008,0.009000000000000001,0.01]",0.001,"[65000.520000000004,65000.420000000006,65000.32,65000.22,65000.12,65000.020000000004,64999.920000000006,64999.82,64999.72,64999.62]",65000.520000000004,"[0.001,0.002,0.003,0.004,0.005,0.006,0.007,0.008,0.009000000000000001,0.01]",0.001,3062,mock,InstrumentType.Spot,614521744,mock,BTC-USDT
2199944884,0,0,1783610796850928098,101,depth,"[65000.729999999996,65000.829999999994,65000.93,65001.03,65001.13,65001.229999999996,65001.329999999994,65001.43,65001.53,65001.63]",65000.729999999996,"[0.001,0.002,0.003,0.004,0.005,0.006,0.007,0.008,0.009000000000000001,0.01]",0.001,"[65000.53,65000.43,65000.329999999994,65000.229999999996,65000.13,65000.03,64999.93,64999.829999999994,64999.729999999996,64999.63]",65000.53,"[0.001,0.002,0.003,0.004,0.005,0.006,0.007,0.008,0.009000000000000001,0.01]",0.001,3063,mock,InstrumentType.Spot,614522304,mock,BTC-USDT
2199944884,0,0,1783610796851228156,101,depth,"[65000.74,65000.84,65000.94,65001.04,65001.14,65001.24,65001.34,65001.44,65001.54,65001.64]",65000.74,"[0.001,0.002,0.003,0.004,0.005,0.006,0.007,0.008,0.009000000000000001,0.01]",0.001,"[65000.54,65000.44,65000.34,65000.24,65000.14,65000.04,64999.94,64999.84,64999.74,64999.64]",65000.54,"[0.001,0.002,0.003,0.004,0.005,0.006,0.007,0.008,0.009000000000000001,0.01]",0.001,3064,mock,InstrumentType.Spot,614522864,mock,BTC-USDT
2199944884,0,0,1783610796851535363,101,depth,"[65000.75,65000.85,65000.950000000004,65001.05,65001.15,65001.25,65001.35,65001.450000000004,65001.55,65001.65]",65000.75,"[0.001,0.002,0.003,0.004,0.005,0.006,0.007,0.008,0.009000000000000001,0.01]",0.001,"[65000.55,65000.450000000004,65000.35,65000.25,65000.15,65000.05,64999.950000000004,64999.85,64999.75,64999.65]",65000.55,"[0.001,0.002,0.003,0.004,0.005,0.006,0.007,0.008,0.009000000000000001,0.01]",0.001,3065,mock,InstrumentType.Spot,614523424,mock,BTC-USDT
2199944884,0,0,1783610796851828126,101,depth,"[65000.76,65000.86,65000.96000000001,65001.060000000005,65001.16,65001.26,65001.36,65001.46000000001,65001.560000000005,65001.66]",65000.76,"[0.001,0.002,0.003,0.004,0.005,0.006,0.007,0.008,0.009000000000000001,0.01]",0.001,"[65000.560000000005,65000.46000000001,65000.36,65000.26,65000.16,65000.060000000005,64999.96000000001,64999.86,64999.76,64999.66]",65000.560000000005,"[0.001,0.002,0.003,0.004,0.005,0.006,0.007,0.008,0.009000000000000001,0.01]",0.001,3066,mock,InstrumentType.Spot,614523984,mock,BTC-USDT
2199944884,0,0,1783610796852128661,101,depth,"[65000.77,65000.869999999995,65000.97,65001.07,65001.17,65001.27,65001.369999999995,65001.47,65001.57,65001.67]",65000.77,"[0.001,0.002,0.003,0.004,0.005,0.006,0.007,0.008,0.009000000000000001,0.01]",0.001,"[65000.57,65000.47,65000.369999999995,65000.27,65000.17,65000.07,64999.97,64999.869999999995,64999.77,64999.67]",65000.57,"[0.001,0.002,0.003,0.004,0.005,0.006,0.007,0.008,0.009000000000000001,0.01]",0.001,3067,mock,InstrumentType.Spot,614524544,mock,BTC-USDT
2199944884,0,0,1783610796852428166,101,depth,"[65000.78,65000.88,65000.98,65001.08,65001.18,65001.28,65001.38,65001.48,65001.58,65001.68]",65000.78,"[0.001,0.002,0.003,0.004,0.005,0.006,0.007,0.008,0.009000000000000001,0.01]",0.001,"[65000.58,65000.48,65000.38,65000.28,65000.18,65000.08,64999.98,64999.88,64999.78,64999.68]",65000.58,"[0.001,0.002,0.003,0.004,0.005,0.006,0.007,0.008,0.009000000000000001,0.01]",0.001,3068,mock,InstrumentType.Spot,614525104,mock,BTC-USDT
2199944884,0,0,1783610796852727941,101,depth,"[65000.79,65000.89,65000.990000000005,65001.090000000004,65001.19,65001.29,65001.39,65001.490000000005,65001.590000000004,65001.69]",65000.79,"[0.001,0.002,0.003,0.004,0.005,0.006,0.007,0.008,0.009000000000000001,0.01]",0.001,"[65000.590000000004,65000.490000000005,65000.39,65000.29,65000.19,65000.090000000004,64999.990000000005,64999.89,64999.79,64999.69]",65000.590000000004,"[0.001,0.002,0.003,0.004,0.005,0.006,0.007,0.008,0.009000000000000001,0.01]",0.001,3069,mock,InstrumentType.Spot,614525664,mock,BTC-USDT
2199944884,0,0,1783610796853027831,101,depth,"[65000.799999999996,65000.899999999994,65001.0,65001.1,65001.2,65001.299999999996,65001.399999999994,65001.5,65001.6,65001.7]",65000.799999999996,"[0.001,0.002,0.003,0.004,0.005,0.006,0.007,0.008,0.009000000000000001,0.01]",0.001,"[65000.6,65000.5,65000.399999999994,65000.299999999996,65000.2,65000.1,65000.0,64999.899999999994,64999.799999999996,64999.7]",65000.6,"[0.001,0.002,0.003,0.004,0.005,0.006,0.007,0.008,0.009000000000000001,0.01]",0.001,3070,mock,InstrumentType.Spot,614526224,mock,BTC-USDT
2199944884,0,0,1783610796853327968,101,depth,"[65000.81,65000.909999999996,65001.01,65001.11,65001.21,65001.31,65001.409999999996,65001.51,65001.61,65001.71]",65000.81,"[0.001,0.002,0.003,0.004,0.005,0.006,0.007,0.008,0.009000000000000001,0.01]",0.001,"[65000.61,65000.51,65000.409999999996,65000.31,65000.21,65000.11,65000.01,64999.909999999996,64999.81,64999.71]",65000.61,"[0.001,0.002,0.003,0.004,0.005,0.006,0.007,0.008,0.009000000000000001,0.01]",0.001,3071,mock,InstrumentType.Spot,614526784,mock,BTC-USDT
2199944884,0,0,1783610796853627902,101,depth,"[65000.82,65000.92,65001.020000000004,65001.12,65001.22,65001.32,65001.42,65001.520000000004,65001.62,65001.72]",65000.82,"[0.001,0.002,0.003,0.004,0.005,0.006,0.007,0.008,0.009000000000000001,0.01]",0.001,"[65000.62,65000.520000000004,65000.42,65000.32,65000.22,65000.12,65000.020000000004,64999.92,64999.82,64999.72]",65000.62,"[0.001,0.002,0.003,0.004,0.005,0.006,0.007,0.008,0.009000000000000001,0.01]",0.001,3072,mock,InstrumentType.Spot,614527344,mock,BTC-USDT
2199944884,0,0,1783610796853927852,101,depth,"[65000.83,65000.93,65001.030000000006,65001.130000000005,65001.23,65001.33,65001.43,65001.530000000006,65001.630000000005,65001.73]",65000.83,"[0.001,0.002,0.003,0.004,0.005,0.006,0.007,0.008,0.009000000000000001,0.01]",0.001,"[65000.630000000005,65000.530000000006,65000.43,65000.33,65000.23,65000.130000000005,65000.030000000006,64999.93,64999.83,64999.73]",65000.630000000005,"[0.001,0.002,0.003,0.004,0.005,0.006,0.007,0.008,0.009000000000000001,0.01]",0.001,3073,mock,InstrumentType.Spot,614527904,mock,BTC-USDT
2199944884,0,0,1783610796854227956,101,depth,"[65000.84,65000.939999999995,65001.04,65001.14,65001.24,65001.34,65001.439999999995,65001.54,65001.64,65001.74]",65000.84,"[0.001,0.002,0.003,0.004,0.005,0.006,0.007,0.008,0.009000000000000001,0.01]",0.001,"[65000.64,65000.54,65000.439999999995,65000.34,65000.24,65000.14,65000.04,64999.939999999995,64999.84,64999.74]",65000.64,"[0.001,0.002,0.003,0.004,0.005,0.006,0.007,0.008,0.009000000000000001,0.01]",0.001,3074,mock,InstrumentType.Spot,614528464,mock,BTC-USDT
2199944884,0,0,1783610796854534094,101,depth,"[65000.85,65000.95,65001.05,65001.15,65001.25,65001.35,65001.45,65001.55,65001.65,65001.75]",65000.85,"[0.001,0.002,0.003,0.004,0.005,0.006,0.007,0.008,0.009000000000000001,0.01]",0.001,"[65000.65,65000.55,65000.45,65000.35,65000.25,65000.15,65000.05,64999.95,64999.85,64999.75]",65000.65,"[0.001,0.002,0.003,0.004,0.005,0.006,0.007,0.008,0.009000000000000001,0.01]",0.001,3075,mock,InstrumentType.Spot,614529024,mock,BTC-USDT
2199944884,0,0,1783610796854827881,101,depth,"[65000.86,65000.96,65001.060000000005,65001.16,65001.26,65001.36,65001.46,65001.560000000005,65001.66,65001.76]",65000.86,"[0.001,0.002,0.003,0.004,0.005,0.006,0.007,0.008,0.009000000000000001,0.01]",0.001,"[65000.66,65000.560000000005,65000.46,65000.36,65000.26,65000.16,65000.060000000005,64999.96,64999.86,64999.76]",65000.66,"[0.001,0.002,0.003,0.004,0.005,0.006,0.007,0.008,0.009000000000000001,0.01]",0.001,3076,mock,InstrumentType.Spot,614529584,mock,BTC-USDT
2199944884,0,0,1783610796855127874,101,depth,"[65000.869999999995,65000.969999999994,65001.07,65001.17,65001.27,65001.369999999995,65001.469999999994,65001.57,65001.67,65001.77]",65000.869999999995,"[0.001,0.002,0.003,0.004,0.005,0.006,0.007,0.008,0.009000000000000001,0.01]",0.001,"[65000.67,65000.57,65000.469999999994,65000.369999999995,65000.27,65000.17,65000.07,64999.969999999994,64999.869999999995,64999.77]",65000.67,"[0.001,0.002,0.003,0.004,0.005,0.006,0.007,0.008,0.009000000000000001,0.01]",0.001,3077,mock,InstrumentType.Spot,614530144,mock,BTC-USDT
2199944884,0,0,1783610796855427840,101,depth,"[65000.88,65000.979999999996,65001.08,65001.18,65001.28,65001.38,65001.479999999996,65001.58,65001.68,65001.78]",65000.88,"[0.001,0.002,0.003,0.004,0.005,0.006,0.007,0.008,0.009000000000000001,0.01]",0.001,"[65000.68,65000.58,65000.479999999996,65000.38,65000.28,65000.18,65000.08,64999.979999999996,64999.88,64999.78]",65000.68,"[0.001,0.002,0.003,0.004,0.005,0.006,0.007,0.008,0.009000000000000001,0.01]",0.001,3078,mock,InstrumentType.Spot,614530704,mock,BTC-USDT
2199944884,0,0,1783610796855727824,101,depth,"[65000.89,65000.99,65001.090000000004,65001.19,65001.29,65001.39,65001.49,65001.590000000004,65001.69,65001.79]",65000.89,"[0.001,0.002,0.003,0.004,0.005,0.006,0.007,0.008,0.009000000000000001,0.01]",0.001,"[65000.69,65000.590000000004,65000.49,65000.39,65000.29,65000.19,65000.090000000004,64999.99,64999.89,64999.79]",65000.69,"[0.001,0.002,0.003,0.004,0.005,0.006,0.007,0.008,0.009000000000000001,0.01]",0.001,3079,mock,InstrumentType.Spot,614531264,mock,BTC-USDT
2199944884,0,0,1783610796856027875,101,depth,"[65000.9,65001.0,65001.100000000006,65001.200000000004,65001.3,65001.4,65001.5,65001.600000000006,65001.700000000004,65001.8]",65000.9,"[0.001,0.002,0.003,0.004,0.005,0.006,0.007,0.008,0.009000000000000001,0.01]",0.001,"[65000.700000000004,65000.600000000006,65000.5,65000.4,65000.3,65000.200000000004,65000.100000000006,65000.0,64999.9,64999.8]",65000.700000000004,"[0.001,0.002,0.003,0.004,0.005,0.006,0.007,0.008,0.009000000000000001,0.01]",0.001,3080,mock,InstrumentType.Spot,614531824,mock,BTC-USDT
2199944884,0,0,1783610796856327850,101,depth,"[65000.909999999996,65001.009999999995,65001.11,65001.21,65001.31,65001.409999999996,65001.509999999995,65001.61,65001.71,65001.81]",65000.909999999996,"[0.001,0.002,0.003,0.004,0.005,0.006,0.007,0.008,0.009000000000000001,0.01]",0.001,"[65000.71,65000.61,65000.509999999995,65000.409999999996,65000.31,65000.21,65000.11,65000.009999999995,64999.909999999996,64999.81]",65000.71,"[0.001,0.002,0.003,0.004,0.005,0.006,0.007,0.008,0.009000000000000001,0.01]",0.001,3081,mock,InstrumentType.Spot,614532384,mock,BTC-USDT
2199944884,0,0,1783610796856627764,101,depth,"[65000.92,65001.02,65001.12,65001.22,65001.32,65001.42,65001.52,65001.62,65001.72,65001.82]",65000.92,"[0.001,0.002,0.003,0.004,0.005,0.006,0.007,0.008,0.009000000000000001,0.01]",0.001,"[65000.72,65000.62,65000.52,65000.42,65000.32,65000.22,65000.12,65000.02,64999.92,64999.82]",65000.72,"[0.001,0.002,0.003,0.004,0.005,0.006,0.007,0.008,0.009000000000000001,0.01]",0.001,3082,mock,InstrumentType.Spot,614532944,mock,BTC-USDT
2199944884,0,0,1783610796856927780,101,depth,"[65000.93,65001.03,65001.130000000005,65001.23,65001.33,65001.43,65001.53,65001.630000000005,65001.73,65001.83]",65000.93,"[0.001,0.002,0.003,0.004,0.005,0.006,0.007,0.008,0.009000000000000001,0.01]",0.001,"[65000.73,65000.630000000005,65000.53,65000.43,65000.33,65000.23,65000.130000000005,65000.03,64999.93,64999.83]",65000.73,"[0.001,0.002,0.003,0.004,0.005,0.006,0.007,0.008,0.009000000000000001,0.01]",0.001,3083,mock,InstrumentType.Spot,614533504,mock,BTC-USDT
2199944884,0,0,1783610796857233162,101,depth,"[65000.939999999995,65001.03999999999,65001.14,65001.24,65001.34,65001.439999999995,65001.53999999999,65001.64,65001.74,65001.84]",65000.939999999995,"[0.001,0.002,0.003,0.004,0.005,0.006,0.007,0.008,0.009000000000000001,0.01]",0.001,"[65000.74,65000.64,65000.53999999999,65000.439999999995,65000.34,65000.24,65000.14,65000.03999999999,64999.939999999995,64999.84]",65000.74,"[0.001,0.002,0.003,0.004,0.005,0.006,0.007,0.008,0.009000000000000001,0.01]",0.001,3084,mock,InstrumentType.Spot,614534064,mock,BTC-USDT
2199944884,0,0,1783610796857527987,101,depth,"[65000.95,65001.049999999996,65001.15,65001.25,65001.35,65001.45,65001.549999999996,65001.65,65001.75,65001.85]",65000.95,"[0.001,0.002,0.003,0.004,0.005,0.006,0.007,0.008,0.009000000000000001,0.01]",0.001,"[65000.75,65000.65,65000.549999999996,65000.45,65000.35,65000.25,65000.15,65000.049999999996,64999.95,64999.85]",65000.75,"[0.001,0.002,0.003,0.004,0.005,0.006,0.007,0.008,0.009000000000000001,0.01]",0.001,3085,mock,InstrumentType.Spot,614534624,mock,BTC-USDT
2199944884,0,0,1783610796857829394,101,depth,"[65000.96,65001.06,65001.16,65001.26,65001.36,65001.46,65001.56,65001.66,65001.76,65001.86]",65000.96,"[0.001,0.002,0.003,0.004,0.005,0.006,0.007,0.008,0.009000000000000001,0.01]",0.001,"[65000.76,65000.66,65000.56,65000.46,65000.36,65000.26,65000.16,65000.06,64999.96,64999.86]",65000.76,"[0.001,0.002,0.003,0.004,0.005,0.006,0.007,0.008,0.009000000000000001,0.01]",0.001,3086,mock,InstrumentType.Spot,614535184,mock,BTC-USDT
2199944884,0,0,1783610796858128024,101,depth,"[65000.97,65001.07,65001.170000000006,65001.270000000004,65001.37,65001.47,65001.57,65001.670000000006,65001.770000000004,65001.87]",65000.97,"[0.001,0.002,0.003,0.004,0.005,0.006,0.007,0.008,0.009000000000000001,0.01]",0.001,"[65000.770000000004,65000.670000000006,65000.57,65000.47,65000.37,65000.270000000004,65000.170000000006,65000.07,64999.97,64999.87]",65000.770000000004,"[0.001,0.002,0.003,0.004,0.005,0.006,0.007,0.008,0.009000000000000001,0.01]",0.001,3087,mock,InstrumentType.Spot,614535744,mock,BTC-USDT
2199944884,0,0,1783610796858427982,101,depth,"[65000.979999999996,65001.079999999994,65001.18,65001.28,65001.38,65001.479999999996,65001.579999999994,65001.68,65001.78,65001.88]",65000.979999999996,"[0.001,0.002,0.003,0.004,0.005,0.006,0.007,0.008,0.009000000000000001,0.01]",0.001,"[65000.78,65000.68,65000.579999999994,65000.479999999996,65000.38,65000.28,65000.18,65000.079999999994,64999.979999999996,64999.88]",65000.78,"[0.001,0.002,0.003,0.004,0.005,0.006,0.007,0.008,0.009000000000000001,0.01]",0.001,3088,mock,InstrumentType.Spot,614536304,mock,BTC-USDT
2199944884,0,0,1783610796858727791,101,depth,"[65000.99,65001.09,65001.19,65001.29,65001.39,65001.49,65001.59,65001.69,65001.79,65001.89]",65000.99,"[0.001,0.002,0.003,0.004,0.005,0.006,0.007,0.008,0.009000000000000001,0.01]",0.001,"[65000.79,65000.69,65000.59,65000.49,65000.39,65000.29,65000.19,65000.09,64999.99,64999.89]",65000.79,"[0.001,0.002,0.003,0.004,0.005,0.006,0.007,0.008,0.009000000000000001,0.01]",0.001,3089,mock,InstrumentType.Spot,614536864,mock,BTC-USDT
2199944884,0,0,1783610796859027805,101,depth,"[65001.0,65001.1,65001.200000000004,65001.3,65001.4,65001.5,65001.6,65001.700000000004,65001.8,65001.9]",65001.0,"[0.001,0.002,0.003,0.004,0.005,0.006,0.007,0.008,0.009000000000000001,0.01]",0.001,"[65000.8,65000.700000000004,65000.6,65000.5,65000.4,65000.3,65000.200000000004,65000.1,65000.0,64999.9]",65000.8,"[0.001,0.002,0.003,0.004,0.005,0.006,0.007,0.008,0.009000000000000001,0.01]",0.001,3090,mock,InstrumentType.Spot,614537424,mock,BTC-USDT
2199944884,0,0,1783610796859327809,101,depth,"[65001.01,65001.11,65001.21000000001,65001.310000000005,65001.41,65001.51,65001.61,65001.71000000001,65001.810000000005,65001.91]",65001.01,"[0.001,0.002,0.003,0.004,0.005,0.006,0.007,0.008,0.009000000000000001,0.01]",0.001,"[65000.810000000005,65000.71000000001,65000.61,65000.51,65000.41,65000.310000000005,65000.21000000001,65000.11,65000.01,64999.91]",65000.810000000005,"[0.001,0.002,0.003,0.004,0.005,0.006,0.007,0.008,0.009000000000000001,0.01]",0.001,3091,mock,InstrumentType.Spot,614537984,mock,BTC-USDT
2199944884,0,0,1783610796859627760,101,depth,"[65001.02,65001.119999999995,65001.22,65001.32,65001.42,65001.52,65001.619999999995,65001.72,65001.82,65001.92]",65001.02,"[0.001,0.002,0.003,0.004,0.005,0.006,0.007,0.008,0.009000000000000001,0.01]",0.001,"[65000.82,65000.72,65000.619999999995,65000.52,65000.42,65000.32,65000.22,65000.119999999995,65000.02,64999.92]",65000.82,"[0.001,0.002,0.003,0.004,0.005,0.006,0.007,0.008,0.009000000000000001,0.01]",0.001,3092,mock,InstrumentType.Spot,614538544,mock,BTC-USDT
2199944884,0,0,1783610796859927784,101,depth,"[65001.03,65001.13,65001.23,65001.33,65001.43,65001.53,65001.63,65001.73,65001.83,65001.93]",65001.03,"[0.001,0.002,0.003,0.004,0.005,0.006,0.007,0.008,0.009000000000000001,0.01]",0.001,"[65000.83,65000.73,65000.63,65000.53,65000.43,65000.33,65000.23,65000.13,65000.03,64999.93]",65000.83,"[0.001,0.002,0.003,0.004,0.005,0.006,0.007,0.008,0.009000000000000001,0.01]",0.001,3093,mock,InstrumentType.Spot,614539104,mock,BTC-USDT
2199944884,0,0,1783610796860235846,101,depth,"[65001.04,65001.14,65001.240000000005,65001.340000000004,65001.44,65001.54,65001.64,65001.740000000005,65001.840000000004,65001.94]",65001.04,"[0.001,0.002,0.003,0.004,0.005,0.006,0.007,0.008,0.009000000000000001,0.01]",0.001,"[65000.840000000004,65000.740000000005,65000.64,65000.54,65000.44,65000.340000000004,65000.240000000005,65000.14,65000.04,64999.94]",65000.840000000004,"[0.001,0.002,0.003,0.004,0.005,0.006,0.007,0.008,0.009000000000000001,0.01]",0.001,3094,mock,InstrumentType.Spot,614539664,mock,BTC-USDT
2199944884,0,0,1783610796860528002,101,depth,"[65001.049999999996,65001.149999999994,65001.25,65001.35,65001.45,65001.549999999996,65001.649999999994,65001.75,65001.85,65001.95]",65001.049999999996,"[0.001,0.002,0.003,0.004,0.005,0.006,0.007,0.008,0.009000000000000001,0.01]",0.001,"[65000.85,65000.75,65000.649999999994,65000.549999999996,65000.45,65000.35,65000.25,65000.149999999994,65000.049999999996,64999.95]",65000.85,"[0.001,0.002,0.003,0.004,0.005,0.006,0.007,0.008,0.009000000000000001,0.01]",0.001,3095,mock,InstrumentType.Spot,614540224,mock,BTC-USDT
2199944884,0,0,1783610796860827816,101,depth,"[65001.06,65001.159999999996,65001.26,65001.36,65001.46,65001.56,65001.659999999996,65001.76,65001.86,65001.96]",65001.06,"[0.001,0.002,0.003,0.004,0.005,0.006,0.007,0.008,0.009000000000000001,0.01]",0.001,"[65000.86,65000.76,65000.659999999996,65000.56,65000.46,65000.36,65000.26,65000.159999999996,65000.06,64999.96]",65000.86,"[0.001,0.002,0.003,0.004,0.005,0.006,0.007,0.008,0.009000000000000001,0.01]",0.001,3096,mock,InstrumentType.Spot,614540784,mock,BTC-USDT
2199944884,0,0,1783610796861127803,101,depth,"[65001.07,65001.17,65001.270000000004,65001.37,65001.47,65001.57,65001.67,65001.770000000004,65001.87,65001.97]",65001.07,"[0.001,0.002,0.003,0.004,0.005,0.006,0.007,0.008,0.009000000000000001,0.01]",0.001,"[65000.87,65000.770000000004,65000.67,65000.57,65000.47,65000.37,65000.270000000004,65000.17,65000.07,64999.97]",65000.87,"[0.001,0.002,0.003,0.004,0.005,0.006,0.007,0.008,0.009000000000000001,0.01]",0.001,3097,mock,InstrumentType.Spot,614541344,mock,BTC-USDT
2199944884,0,0,1783610796861427706,101,depth,"[65001.08,65001.18,65001.280000000006,65001.380000000005,65001.48,65001.58,65001.68,65001.780000000006,65001.880000000005,65001.98]",65001.08,"[0.001,0.002,0.003,0.004,0.005,0.006,0.007,0.008,0.009000000000000001,0.01]",0.001,"[65000.880000000005,65000.780000000006,65000.68,65000.58,65000.48,65000.380000000005,65000.280000000006,65000.18,65000.08,64999.98]",65000.880000000005,"[0.001,0.002,0.003,0.004,0.005,0.006,0.007,0.008,0.009000000000000001,0.01]",0.001,3098,mock,InstrumentType.Spot,614541904,mock,BTC-USDT
2199944884,0,0,1783610796861727748,101,depth,"[65001.09,65001.189999999995,65001.29,65001.39,65001.49,65001.59,65001.689999999995,65001.79,65001.89,65001.99]",65001.09,"[0.001,0.002,0.003,0.004,0.005,0.006,0.007,0.008,0.009000000000000001,0.01]",0.001,"[65000.89,65000.79,65000.689999999995,65000.59,65000.49,65000.39,65000.29,65000.189999999995,65000.09,64999.99]",65000.89,"[0.001,0.002,0.003,0.004,0.005,0.006,0.007,0.008,0.009000000000000001,0.01]",0.001,3099,mock,InstrumentType.Spot,614542464,mock,BTC-USDT
2199944884,0,0,1783610796862027862,101,depth,"[65000.1,65000.2,65000.3,65000.4,65000.5,65000.6,65000.7,65000.8,65000.9,65001.0]",65000.1,"[0.001,0.002,0.003,0.004,0.005,0.006,0.007,0.008,0.009000000000000001,0.01]",0.001,"[64999.9,64999.8,64999.7,64999.6,64999.5,64999.4,64999.3,64999.2,64999.1,64999.0]",64999.9,"[0.001,0.002,0.003,0.004,0.005,0.006,0.007,0.008,0.009000000000000001,0.01]",0.001,3100,mock,InstrumentType.Spot,614543024,mock,BTC-USDT
2199944884,0,0,1783610796862327742,101,depth,"[65000.11,65000.21,65000.310000000005,65000.41,65000.51,65000.61,65000.71,65000.810000000005,65000.91,65001.01]",65000.11,"[0.001,0.002,0.003,0.004,0.005,0.006,0.007,0.008,0.009000000000000001,0.01]",0.001,"[64999.91,64999.810000000005,64999.71,64999.61,64999.51,64999.41,64999.310000000005,64999.21,64999.11,64999.01]",64999.91,"[0.001,0.002,0.003,0.004,0.005,0.006,0.007,0.008,0.009000000000000001,0.01]",0.001,3101,mock,InstrumentType.Spot,614543584,mock,BTC-USDT
2199944884,0,0,1783610796862627829,101,depth,"[65000.119999999995,65000.219999999994,65000.32,65000.42,65000.52,65000.619999999995,65000.719999999994,65000.82,65000.92,65001.02]",65000.119999999995,"[0.001,0.002,0.003,0.004,0.005,0.006,0.007,0.008,0.009000000000000001,0.01]",0.001,"[64999.92,64999.82,64999.719999999994,64999.619999999995,64999.52,64999.42,64999.32,64999.219999999994,64999.119999999995,64999.02]",64999.92,"[0.001,0.002,0.003,0.004,0.005,0.006,0.007,0.008,0.009000000000000001,0.01]",0.001,3102,mock,InstrumentType.Spot,614544144,mock,BTC-USDT
2199944884,0,0,1783610796862933467,101,depth,"[65000.13,65000.229999999996,65000.33,65000.43,65000.53,65000.63,65000.729999999996,65000.83,65000.93,65001.03]",65000.13,"[0.001,0.002,0.003,0.004,0.005,0.006,0.007,0.008,0.009000000000000001,0.01]",0.001,"[64999.93,64999.83,64999.729999999996,64999.63,64999.53,64999.43,64999.33,64999.229999999996,64999.13,64999.03]",64999.93,"[0.001,0.002,0.003,0.004,0.005,0.006,0.007,0.008,0.009000000000000001,0.01]",0.001,3103,mock,InstrumentType.Spot,614544704,mock,BTC-USDT
2199944884,0,0,1783610796863228643,101,depth,"[65000.14,65000.24,65000.340000000004,65000.44,65000.54,65000.64,65000.74,65000.840000000004,65000.94,65001.04]",65000.14,"[0.001,0.002,0.003,0.004,0.005,0.006,0.007,0.008,0.009000000000000001,0.01]",0.001,"[64999.94,64999.840000000004,64999.74,64999.64,64999.54,64999.44,64999.340000000004,64999.24,64999.14,64999.04]",64999.94,"[0.001,0.002,0.003,0.004,0.005,0.006,0.007,0.008,0.009000000000000001,0.01]",0.001,3104,mock,InstrumentType.Spot,614545264,mock,BTC-USDT
2199944884,0,0,1783610796863527953,101,depth,"[65000.15,65000.25,65000.350000000006,65000.450000000004,65000.55,65000.65,65000.75,65000.850000000006,65000.950000000004,65001.05]",65000.15,"[0.001,0.002,0.003,0.004,0.005,0.006,0.007,0.008,0.009000000000000001,0.01]",0.001,"[64999.950000000004,64999.850000000006,64999.75,64999.65,64999.55,64999.450000000004,64999.350000000006,64999.25,64999.15,64999.05]",64999.950000000004,"[0.001,0.002,0.003,0.004,0.005,0.006,0.007,0.008,0.009000000000000001,0.01]",0.001,3105,mock,InstrumentType.Spot,614545824,mock,BTC-USDT
2199944884,0,0,1783610796863827916,101,depth,"[65000.159999999996,65000.259999999995,65000.36,65000.46,65000.56,65000.659999999996,65000.759999999995,65000.86,65000.96,65001.06]",65000.159999999996,"[0.001,0.002,0.003,0.004,0.005,0.006,0.007,0.008,0.009000000000000001,0.01]",0.001,"[64999.96,64999.86,64999.759999999995,64999.659999999996,64999.56,64999.46,64999.36,64999.259999999995,64999.159999999996,64999.06]",64999.96,"[0.001,0.002,0.003,0.004,0.005,0.006,0.007,0.008,0.009000000000000001,0.01]",0.001,3106,mock,InstrumentType.Spot,614546384,mock,BTC-USDT
2199944884,0,0,1783610796864127712,101,depth,"[65000.17,65000.27,65000.37,65000.47,65000.57,65000.67,65000.77,65000.87,65000.97,65001.07]",65000.17,"[0.001,0.002,0.003,0.004,0.005,0.006,0.007,0.008,0.009000000000000001,0.01]",0.001,"[64999.97,64999.87,64999.77,64999.67,64999.57,64999.47,64999.37,64999.27,64999.17,64999.07]",64999.97,"[0.001,0.002,0.003,0.004,0.005,0.006,0.007,0.008,0.009000000000000001,0.01]",0.001,3107,mock,InstrumentType.Spot,614546944,mock,BTC-USDT
2199944884,0,0,1783610796864427806,101,depth,"[65000.18,65000.28,65000.380000000005,65000.48,65000.58,65000.68,65000.78,65000.880000000005,65000.98,65001.08]",65000.18,"[0.001,0.002,0.003,0.004,0.005,0.006,0.007,0.008,0.009000000000000001,0.01]",0.001,"[64999.98,64999.880000000005,64999.78,64999.68,64999.58,64999.48,64999.380000000005,64999.28,64999.18,64999.08]",64999.98,"[0.001,0.002,0.003,0.004,0.005,0.006,0.007,0.008,0.009000000000000001,0.01]",0.001,3108,mock,InstrumentType.Spot,614547504,mock,BTC-USDT
2199944884,0,0,1783610796864727826,101,depth,"[65000.189999999995,65000.28999999999,65000.39,65000.49,65000.59,65000.689999999995,65000.78999999999,65000.89,65000.99,65001.09]",65000.189999999995,"[0.001,0.002,0.003,0.004,0.005,0.006,0.007,0.008,0.009000000000000001,0.01]",0.001,"[64999.99,64999.89,64999.78999999999,64999.689999999995,64999.59,64999.49,64999.39,64999.28999999999,64999.189999999995,64999.09]",64999.99,"[0.001,0.002,0.003,0.004,0.005,0.006,0.007,0.008,0.009000000000000001,0.01]",0.001,3109,mock,InstrumentType.Spot,614548064,mock,BTC-USDT
2199944884,0,0,1783610796865028230,101,depth,"[65000.2,65000.299999999996,65000.4,65000.5,65000.6,65000.7,65000.799999999996,65000.9,65001.0,65001.1]",65000.2,"[0.001,0.002,0.003,0.004,0.005,0.006,0.007,0.008,0.009000000000000001,0.01]",0.001,"[65000.0,64999.9,64999.799999999996,64999.7,64999.6,64999.5,64999.4,64999.299999999996,64999.2,64999.1]",65000.0,"[0.001,0.002,0.003,0.004,0.005,0.006,0.007,0.008,0.009000000000000001,0.01]",0.001,3110,mock,InstrumentType.Spot,614548624,mock,BTC-USDT
2199944884,0,0,1783610796865327919,101,depth,"[65000.21,65000.31,65000.41,65000.51,65000.61,65000.71,65000.81,65000.91,65001.01,65001.11]",65000.21,"[0.001,0.002,0.003,0.004,0.005,0.006,0.007,0.008,0.009000000000000001,0.01]",0.001,"[65000.01,64999.91,64999.81,64999.71,64999.61,64999.51,64999.41,64999.31,64999.21,64999.11]",65000.01,"[0.001,0.002,0.003,0.004,0.005,0.006,0.007,0.008,0.009000000000000001,0.01]",0.001,3111,mock,InstrumentType.Spot,614549184,mock,BTC-USDT
2199944884,0,0,1783610796865628059,101,depth,"[65000.22,65000.32,65000.420000000006,65000.520000000004,65000.62,65000.72,65000.82,65000.920000000006,65001.020000000004,65001.12]",65000.22,"[0.001,0.002,0.003,0.004,0.005,0.006,0.007,0.008,0.009000000000000001,0.01]",0.001,"[65000.020000000004,64999.920000000006,64999.82,64999.72,64999.62,64999.520000000004,64999.420000000006,64999.32,64999.22,64999.12]",65000.020000000004,"[0.001,0.002,0.003,0.004,0.005,0.006,0.007,0.008,0.009000000000000001,0.01]",0.001,3112,mock,InstrumentType.Spot,614549744,mock,BTC-USDT
2199944884,0,0,1783610796865946340,101,depth,"[65000.229999999996,65000.329999999994,65000.43,65000.53,65000.63,65000.729999999996,65000.829999999994,65000.93,65001.03,65001.13]",65000.229999999996,"[0.001,0.002,0.003,0.004,0.005,0.006,0.007,0.008,0.009000000000000001,0.01]",0.001,"[65000.03,64999.93,64999.829999999994,64999.729999999996,64999.63,64999.53,64999.43,64999.329999999994,64999.229999999996,64999.13]",65000.03,"[0.001,0.002,0.003,0.004,0.005,0.006,0.007,0.008,0.009000000000000001,0.01]",0.001,3113,mock,InstrumentType.Spot,614550304,mock,BTC-USDT
2199944884,0,0,1783610796866229870,101,depth,"[65000.24,65000.34,65000.44,65000.54,65000.64,65000.74,65000.84,65000.94,65001.04,65001.14]",65000.24,"[0.001,0.002,0.003,0.004,0.005,0.006,0.007,0.008,0.009000000000000001,0.01]",0.001,"[65000.04,64999.94,64999.84,64999.74,64999.64,64999.54,64999.44,64999.34,64999.24,64999.14]",65000.04,"[0.001,0.002,0.003,0.004,0.005,0.006,0.007,0.008,0.009000000000000001,0.01]",0.001,3114,mock,InstrumentType.Spot,614550864,mock,BTC-USDT
2199944884,0,0,1783610796866528198,101,depth,"[65000.25,65000.35,65000.450000000004,65000.55,65000.65,65000.75,65000.85,65000.950000000004,65001.05,65001.15]",65000.25,"[0.001,0.002,0.003,0.004,0.005,0.006,0.007,0.008,0.009000000000000001,0.01]",0.001,"[65000.05,64999.950000000004,64999.85,64999.75,64999.65,64999.55,64999.450000000004,64999.35,64999.25,64999.15]",65000.05,"[0.001,0.002,0.003,0.004,0.005,0.006,0.007,0.008,0.009000000000000001,0.01]",0.001,3115,mock,InstrumentType.Spot,614551424,mock,BTC-USDT
2199944884,0,0,1783610796866830560,101,depth,"[65000.26,65000.36,65000.46000000001,65000.560000000005,65000.66,65000.76,65000.86,65000.96000000001,65001.060000000005,65001.16]",65000.26,"[0.001,0.002,0.003,0.004,0.005,0.006,0.007,0.008,0.009000000000000001,0.01]",0.001,"[65000.060000000005,64999.96000000001,64999.86,64999.76,64999.66,64999.560000000005,64999.46000000001,64999.36,64999.26,64999.16]",65000.060000000005,"[0.001,0.002,0.003,0.004,0.005,0.006,0.007,0.008,0.009000000000000001,0.01]",0.001,3116,mock,InstrumentType.Spot,614551984,mock,BTC-USDT
2199944884,0,0,1783610796867128895,101,depth,"[65000.27,65000.369999999995,65000.47,65000.57,65000.67,65000.77,65000.869999999995,65000.97,65001.07,65001.17]",65000.27,"[0.001,0.002,0.003,0.004,0.005,0.006,0.007,0.008,0.009000000000000001,0.01]",0.001,"[65000.07,64999.97,64999.869999999995,64999.77,64999.67,64999.57,64999.47,64999.369999999995,64999.27,64999.17]",65000.07,"[0.001,0.002,0.003,0.004,0.005,0.006,0.007,0.008,0.009000000000000001,0.01]",0.001,3117,mock,InstrumentType.Spot,614552544,mock,BTC-USDT
2199944884,0,0,1783610796867427945,101,depth,"[65000.28,65000.38,65000.48,65000.58,65000.68,65000.78,65000.88,65000.98,65001.08,65001.18]",65000.28,"[0.001,0.002,0.003,0.004,0.005,0.006,0.007,0.008,0.009000000000000001,0.01]",0.001,"[65000.08,64999.98,64999.88,64999.78,64999.68,64999.58,64999.48,64999.38,64999.28,64999.18]",65000.08,"[0.001,0.002,0.003,0.004,0.005,0.006,0.007,0.008,0.009000000000000001,0.01]",0.001,3118,mock,InstrumentType.Spot,614553104,mock,BTC-USDT
2199944884,0,0,1783610796867727893,101,depth,"[65000.29,65000.39,65000.490000000005,65000.590000000004,65000.69,65000.79,65000.89,65000.990000000005,65001.090000000004,65001.19]",65000.29,"[0.001,0.002,0.003,0.004,0.005,0.006,0.007,0.008,0.009000000000000001,0.01]",0.001,"[65000.090000000004,64999.990000000005,64999.89,64999.79,64999.69,64999.590000000004,64999.490000000005,64999.39,64999.29,64999.19]",65000.090000000004,"[0.001,0.002,0.003,0.004,0.005,0.006,0.007,0.008,0.009000000000000001,0.01]",0.001,3119,mock,InstrumentType.Spot,614553664,mock,BTC-USDT
2199944884,0,0,1783610796868028356,101,depth,"[65000.299999999996,65000.399999999994,65000.5,65000.6,65000.7,65000.799999999996,65000.899999999994,65001.0,65001.1,65001.2]",65000.299999999996,"[0.001,0.002,0.003,0.004,0.005,0.006,0.007,0.008,0.009000000000000001,0.01]",0.001,"[65000.1,65000.0,64999.899999999994,64999.799999999996,64999.7,64999.6,64999.5,64999.399999999994,64999.299999999996,64999.2]",65000.1,"[0.001,0.002,0.003,0.004,0.005,0.006,0.007,0.008,0.009000000000000001,0.01]",0.001,3120,mock,InstrumentType.Spot,614554224,mock,BTC-USDT
2199944884,0,0,1783610796868328751,101,depth,"[65000.31,65000.409999999996,65000.51,65000.61,65000.71,65000.81,65000.909999999996,65001.01,65001.11,65001.21]",65000.31,"[0.001,0.002,0.003,0.004,0.005,0.006,0.007,0.008,0.009000000000000001,0.01]",0.001,"[65000.11,65000.01,64999.909999999996,64999.81,64999.71,64999.61,64999.51,64999.409999999996,64999.31,64999.21]",65000.11,"[0.001,0.002,0.003,0.004,0.005,0.006,0.007,0.008,0.009000000000000001,0.01]",0.001,3121,mock,InstrumentType.Spot,614554784,mock,BTC-USDT
2199944884,0,0,1783610796868644403,101,depth,"[65000.32,65000.42,65000.520000000004,65000.62,65000.72,65000.82,65000.92,65001.020000000004,65001.12,65001.22]",65000.32,"[0.001,0.002,0.003,0.004,0.005,0.006,0.007,0.008,0.009000000000000001,0.01]",0.001,"[65000.12,65000.020000000004,64999.92,64999.82,64999.72,64999.62,64999.520000000004,64999.42,64999.32,64999.22]",65000.12,"[0.001,0.002,0.003,0.004,0.005,0.006,0.007,0.008,0.009000000000000001,0.01]",0.001,3122,mock,InstrumentType.Spot,614555344,mock,BTC-USDT
2199944884,0,0,1783610796868929534,101,depth,"[65000.33,65000.43,65000.530000000006,65000.630000000005,65000.73,65000.83,65000.93,65001.030000000006,65001.130000000005,65001.23]",65000.33,"[0.001,0.002,0.003,0.004,0.005,0.006,0.007,0.008,0.009000000000000001,0.01]",0.001,"[65000.130000000005,65000.030000000006,64999.93,64999.83,64999.73,64999.630000000005,64999.530000000006,64999.43,64999.33,64999.23]",65000.130000000005,"[0.001,0.002,0.003,0.004,0.005,0.006,0.007,0.008,0.009000000000000001,0.01]",0.001,3123,mock,InstrumentType.Spot,614555904,mock,BTC-USDT
2199944884,0,0,1783610796869228129,101,depth,"[65000.34,65000.439999999995,65000.54,65000.64,65000.74,65000.84,65000.939999999995,65001.04,65001.14,65001.24]",65000.34,"[0.001,0.002,0.003,0.004,0.005,0.006,0.007,0.008,0.009000000000000001,0.01]",0.001,"[65000.14,65000.04,64999.939999999995,64999.84,64999.74,64999.64,64999.54,64999.439999999995,64999.34,64999.24]",65000.14,"[0.001,0.002,0.003,0.004,0.005,0.006,0.007,0.008,0.009000000000000001,0.01]",0.001,3124,mock,InstrumentType.Spot,614556464,mock,BTC-USDT
2199944884,0,0,1783610796869528378,101,depth,"[65000.35,65000.45,65000.55,65000.65,65000.75,65000.85,65000.95,65001.05,65001.15,65001.25]",65000.35,"[0.001,0.002,0.003,0.004,0.005,0.006,0.007,0.008,0.009000000000000001,0.01]",0.001,"[65000.15,65000.05,64999.95,64999.85,64999.75,64999.65,64999.55,64999.45,64999.35,64999.25]",65000.15,"[0.001,0.002,0.003,0.004,0.005,0.006,0.007,0.008,0.009000000000000001,0.01]",0.001,3125,mock,InstrumentType.Spot,614557024,mock,BTC-USDT
2199944884,0,0,1783610796869830650,101,depth,"[65000.36,65000.46,65000.560000000005,65000.66,65000.76,65000.86,65000.96,65001.060000000005,65001.16,65001.26]",65000.36,"[0.001,0.002,0.003,0.004,0.005,0.006,0.007,0.008,0.009000000000000001,0.01]",0.001,"[65000.16,65000.060000000005,64999.96,64999.86,64999.76,64999.66,64999.560000000005,64999.46,64999.36,64999.26]",65000.16,"[0.001,0.002,0.003,0.004,0.005,0.006,0.007,0.008,0.009000000000000001,0.01]",0.001,3126,mock,InstrumentType.Spot,614557584,mock,BTC-USDT
2199944884,0,0,1783610796870129251,101,depth,"[65000.369999999995,65000.469999999994,65000.57,65000.67,65000.77,65000.869999999995,65000.969999999994,65001.07,65001.17,65001.27]",65000.369999999995,"[0.001,0.002,0.003,0.004,0.005,0.006,0.007,0.008,0.009000000000000001,0.01]",0.001,"[65000.17,65000.07,64999.969999999994,64999.869999999995,64999.77,64999.67,64999.57,64999.469999999994,64999.369999999995,64999.27]",65000.17,"[0.001,0.002,0.003,0.004,0.005,0.006,0.007,0.008,0.009000000000000001,0.01]",0.001,3127,mock,InstrumentType.Spot,614558144,mock,BTC-USDT
2199944884,0,0,1783610796870428181,101,depth,"[65000.38,65000.479999999996,65000.58,65000.68,65000.78,65000.88,65000.979999999996,65001.08,65001.18,65001.28]",65000.38,"[0.001,0.002,0.003,0.004,0.005,0.006,0.007,0.008,0.009000000000000001,0.01]",0.001,"[65000.18,65000.08,64999.979999999996,64999.88,64999.78,64999.68,64999.58,64999.479999999996,64999.38,64999.28]",65000.18,"[0.001,0.002,0.003,0.004,0.005,0.006,0.007,0.008,0.009000000000000001,0.01]",0.001,3128,mock,InstrumentType.Spot,614558704,mock,BTC-USDT
2199944884,0,0,1783610796870729464,101,depth,"[65000.39,65000.49,65000.590000000004,65000.69,65000.79,65000.89,65000.99,65001.090000000004,65001.19,65001.29]",65000.39,"[0.001,0.002,0.003,0.004,0.005,0.006,0.007,0.008,0.009000000000000001,0.01]",0.001,"[65000.19,65000.090000000004,64999.99,64999.89,64999.79,64999.69,64999.590000000004,64999.49,64999.39,64999.29]",65000.19,"[0.001,0.002,0.003,0.004,0.005,0.006,0.007,0.008,0.009000000000000001,0.01]",0.001,3129,mock,InstrumentType.Spot,614559264,mock,BTC-USDT
2199944884,0,0,1783610796871027980,101,depth,"[65000.4,65000.5,65000.600000000006,65000.700000000004,65000.8,65000.9,65001.0,65001.100000000006,65001.200000000004,65001.3]",65000.4,"[0.001,0.002,0.003,0.004,0.005,0.006,0.007,0.008,0.009000000000000001,0.01]",0.001,"[65000.200000000004,65000.100000000006,65000.0,64999.9,64999.8,64999.700000000004,64999.600000000006,64999.5,64999.4,64999.3]",65000.200000000004,"[0.001,0.002,0.003,0.004,0.005,0.006,0.007,0.008,0.009000000000000001,0.01]",0.001,3130,mock,InstrumentType.Spot,614559824,mock,BTC-USDT
2199944884,0,0,1783610796871328016,101,depth,"[65000.409999999996,65000.509999999995,65000.61,65000.71,65000.81,65000.909999999996,65001.009999999995,65001.11,65001.21,65001.31]",65000.409999999996,"[0.001,0.002,0.003,0.004,0.005,0.006,0.007,0.008,0.009000000000000001,0.01]",0.001,"[65000.21,65000.11,65000.009999999995,64999.909999999996,64999.81,64999.71,64999.61,64999.509999999995,64999.409999999996,64999.31]",65000.21,"[0.001,0.002,0.003,0.004,0.005,0.006,0.007,0.008,0.009000000000000001,0.01]",0.001,3131,mock,InstrumentType.Spot,614560384,mock,BTC-USDT
2199944884,0,0,1783610796871644923,101,depth,"[65000.42,65000.52,65000.62,65000.72,65000.82,65000.92,65001.02,65001.12,65001.22,65001.32]",65000.42,"[0.001,0.002,0.003,0.004,0.005,0.006,0.007,0.008,0.009000000000000001,0.01]",0.001,"[65000.22,65000.12,65000.02,64999.92,64999.82,64999.72,64999.62,64999.52,64999.42,64999.32]",65000.22,"[0.001,0.002,0.003,0.004,0.005,0.006,0.007,0.008,0.009000000000000001,0.01]",0.001,3132,mock,InstrumentType.Spot,614560944,mock,BTC-USDT
2199944884,0,0,1783610796871928156,101,depth,"[65000.43,65000.53,65000.630000000005,65000.73,65000.83,65000.93,65001.03,65001.130000000005,65001.23,65001.33]",65000.43,"[0.001,0.002,0.003,0.004,0.005,0.006,0.007,0.008,0.009000000000000001,0.01]",0.001,"[65000.23,65000.130000000005,65000.03,64999.93,64999.83,64999.73,64999.630000000005,64999.53,64999.43,64999.33]",65000.23,"[0.001,0.002,0.003,0.004,0.005,0.006,0.007,0.008,0.009000000000000001,0.01]",0.001,3133,mock,InstrumentType.Spot,614561504,mock,BTC-USDT
2199944884,0,0,1783610796872228282,101,depth,"[65000.439999999995,65000.53999999999,65000.64,65000.74,65000.84,65000.939999999995,65001.03999999999,65001.14,65001.24,65001.34]",65000.439999999995,"[0.001,0.002,0.003,0.004,0.005,0.006,0.007,0.008,0.009000000000000001,0.01]",0.001,"[65000.24,65000.14,65000.03999999999,64999.939999999995,64999.84,64999.74,64999.64,64999.53999999999,64999.439999999995,64999.34]",65000.24,"[0.001,0.002,0.003,0.004,0.005,0.006,0.007,0.008,0.009000000000000001,0.01]",0.001,3134,mock,InstrumentType.Spot,614562064,mock,BTC-USDT
2199944884,0,0,1783610796872528102,101,depth,"[65000.45,65000.549999999996,65000.65,65000.75,65000.85,65000.95,65001.049999999996,65001.15,65001.25,65001.35]",65000.45,"[0.001,0.002,0.003,0.004,0.005,0.006,0.007,0.008,0.009000000000000001,0.01]",0.001,"[65000.25,65000.15,65000.049999999996,64999.95,64999.85,64999.75,64999.65,64999.549999999996,64999.45,64999.35]",65000.25,"[0.001,0.002,0.003,0.004,0.005,0.006,0.007,0.008,0.009000000000000001,0.01]",0.001,3135,mock,InstrumentType.Spot,614562624,mock,BTC-USDT
2199944884,0,0,1783610796872828341,101,depth,"[65000.46,65000.56,65000.66,65000.76,65000.86,65000.96,65001.06,65001.16,65001.26,65001.36]",65000.46,"[0.001,0.002,0.003,0.004,0.005,0.006,0.007,0.008,0.009000000000000001,0.01]",0.001,"[65000.26,65000.16,65000.06,64999.96,64999.86,64999.76,64999.66,64999.56,64999.46,64999.36]",65000.26,"[0.001,0.002,0.003,0.004,0.005,0.006,0.007,0.008,0.009000000000000001,0.01]",0.001,3136,mock,InstrumentType.Spot,614563184,mock,BTC-USDT
2199944884,0,0,1783610796873128457,101,depth,"[65000.47,65000.57,65000.670000000006,65000.770000000004,65000.87,65000.97,65001.07,65001.170000000006,65001.270000000004,65001.37]",65000.47,"[0.001,0.002,0.003,0.004,0.005,0.006,0.007,0.008,0.009000000000000001,0.01]",0.001,"[65000.270000000004,65000.170000000006,65000.07,64999.97,64999.87,64999.770000000004,64999.670000000006,64999.57,64999.47,64999.37]",65000.270000000004,"[0.001,0.002,0.003,0.004,0.005,0.006,0.007,0.008,0.009000000000000001,0.01]",0.001,3137,mock,InstrumentType.Spot,614563744,mock,BTC-USDT
2199944884,0,0,1783610796873428468,101,depth,"[65000.479999999996,65000.579999999994,65000.68,65000.78,65000.88,65000.979999999996,65001.079999999994,65001.18,65001.28,65001.38]",65000.479999999996,"[0.001,0.002,0.003,0.004,0.005,0.006,0.007,0.008,0.009000000000000001,0.01]",0.001,"[65000.28,65000.18,65000.079999999994,64999.979999999996,64999.88,64999.78,64999.68,64999.579999999994,64999.479999999996,64999.38]",65000.28,"[0.001,0.002,0.003,0.004,0.005,0.006,0.007,0.008,0.009000000000000001,0.01]",0.001,3138,mock,InstrumentType.Spot,614564304,mock,BTC-USDT
2199944884,0,0,1783610796873728880,101,depth,"[65000.49,65000.59,65000.69,65000.79,65000.89,65000.99,65001.09,65001.19,65001.29,65001.39]",65000.49,"[0.001,0.002,0.003,0.004,0.005,0.006,0.007,0.008,0.009000000000000001,0.01]",0.001,"[65000.29,65000.19,65000.09,64999.99,64999.89,64999.79,64999.69,64999.59,64999.49,64999.39]",65000.29,"[0.001,0.002,0.003,0.004,0.005,0.006,0.007,0.008,0.009000000000000001,0.01]",0.001,3139,mock,InstrumentType.Spot,614564864,mock,BTC-USDT
2199944884,0,0,1783610796874028424,101,depth,"[65000.5,65000.6,65000.700000000004,65000.8,65000.9,65001.0,65001.1,65001.200000000004,65001.3,65001.4]",65000.5,"[0.001,0.002,0.003,0.004,0.005,0.006,0.007,0.008,0.009000000000000001,0.01]",0.001,"[65000.3,65000.200000000004,65000.1,65000.0,64999.9,64999.8,64999.700000000004,64999.6,64999.5,64999.4]",65000.3,"[0.001,0.002,0.003,0.004,0.005,0.006,0.007,0.008,0.009000000000000001,0.01]",0.001,3140,mock,InstrumentType.Spot,614565424,mock,BTC-USDT
2199944884,0,0,1783610796874350496,101,depth,"[65000.51,65000.61,65000.71000000001,65000.810000000005,65000.91,65001.01,65001.11,65001.21000000001,65001.310000000005,65001.41]",65000.51,"[0.001,0.002,0.003,0.004,0.005,0.006,0.007,0.008,0.009000000000000001,0.01]",0.001,"[65000.310000000005,65000.21000000001,65000.11,65000.01,64999.91,64999.810000000005,64999.71000000001,64999.61,64999.51,64999.41]",65000.310000000005,"[0.001,0.002,0.003,0.004,0.005,0.006,0.007,0.008,0.009000000000000001,0.01]",0.001,3141,mock,InstrumentType.Spot,614565984,mock,BTC-USDT
2199944884,0,0,1783610796874628682,101,depth,"[65000.52,65000.619999999995,65000.72,65000.82,65000.92,65001.02,65001.119999999995,65001.22,65001.32,65001.42]",65000.52,"[0.001,0.002,0.003,0.004,0.005,0.006,0.007,0.008,0.009000000000000001,0.01]",0.001,"[65000.32,65000.22,65000.119999999995,65000.02,64999.92,64999.82,64999.72,64999.619999999995,64999.52,64999.42]",65000.32,"[0.001,0.002,0.003,0.004,0.005,0.006,0.007,0.008,0.009000000000000001,0.01]",0.001,3142,mock,InstrumentType.Spot,614566544,mock,BTC-USDT
2199944884,0,0,1783610796874928454,101,depth,"[65000.53,65000.63,65000.73,65000.83,65000.93,65001.03,65001.13,65001.23,65001.33,65001.43]",65000.53,"[0.001,0.002,0.003,0.004,0.005,0.006,0.007,0.008,0.009000000000000001,0.01]",0.001,"[65000.33,65000.23,65000.13,65000.03,64999.93,64999.83,64999.73,64999.63,64999.53,64999.43]",65000.33,"[0.001,0.002,0.003,0.004,0.005,0.006,0.007,0.008,0.009000000000000001,0.01]",0.001,3143,mock,InstrumentType.Spot,614567104,mock,BTC-USDT
2199944884,0,0,1783610796875228187,101,depth,"[65000.54,65000.64,65000.740000000005,65000.840000000004,65000.94,65001.04,65001.14,65001.240000000005,65001.340000000004,65001.44]",65000.54,"[0.001,0.002,0.003,0.004,0.005,0.006,0.007,0.008,0.009000000000000001,0.01]",0.001,"[65000.340000000004,65000.240000000005,65000.14,65000.04,64999.94,64999.840000000004,64999.740000000005,64999.64,64999.54,64999.44]",65000.340000000004,"[0.001,0.002,0.003,0.004,0.005,0.006,0.007,0.008,0.009000000000000001,0.01]",0.001,3144,mock,InstrumentType.Spot,614567664,mock,BTC-USDT
2199944884,0,0,1783610796875528321,101,depth,"[65000.549999999996,65000.649999999994,65000.75,65000.85,65000.95,65001.049999999996,65001.149999999994,65001.25,65001.35,65001.45]",65000.549999999996,"[0.001,0.002,0.003,0.004,0.005,0.006,0.007,0.008,0.009000000000000001,0.01]",0.001,"[65000.35,65000.25,65000.149999999994,65000.049999999996,64999.95,64999.85,64999.75,64999.649999999994,64999.549999999996,64999.45]",65000.35,"[0.001,0.002,0.003,0.004,0.005,0.006,0.007,0.008,0.009000000000000001,0.01]",0.001,3145,mock,InstrumentType.Spot,614568224,mock,BTC-USDT
2199944884,0,0,1783610796875828316,101,depth,"[65000.56,65000.659999999996,65000.76,65000.86,65000.96,65001.06,65001.159999999996,65001.26,65001.36,65001.46]",65000.56,"[0.001,0.002,0.003,0.004,0.005,0.006,0.007,0.008,0.009000000000000001,0.01]",0.001,"[65000.36,65000.26,65000.159999999996,65000.06,64999.96,64999.86,64999.76,64999.659999999996,64999.56,64999.46]",65000.36,"[0.001,0.002,0.003,0.004,0.005,0.006,0.007,0.008,0.009000000000000001,0.01]",0.001,3146,mock,InstrumentType.Spot,614568784,mock,BTC-USDT
2199944884,0,0,1783610796876128656,101,depth,"[65000.57,65000.67,65000.770000000004,65000.87,65000.97,65001.07,65001.17,65001.270000000004,65001.37,65001.47]",65000.57,"[0.001,0.002,0.003,0.004,0.005,0.006,0.007,0.008,0.009000000000000001,0.01]",0.001,"[65000.37,65000.270000000004,65000.17,65000.07,64999.97,64999.87,64999.770000000004,64999.67,64999.57,64999.47]",65000.37,"[0.001,0.002,0.003,0.004,0.005,0.006,0.007,0.008,0.009000000000000001,0.01]",0.001,3147,mock,InstrumentType.Spot,614569344,mock,BTC-USDT
2199944884,0,0,1783610796876429335,101,depth,"[65000.58,65000.68,65000.780000000006,65000.880000000005,65000.98,65001.08,65001.18,65001.280000000006,65001.380000000005,65001.48]",65000.58,"[0.001,0.002,0.003,0.004,0.005,0.006,0.007,0.008,0.009000000000000001,0.01]",0.001,"[65000.380000000005,65000.280000000006,65000.18,65000.08,64999.98,64999.880000000005,64999.780000000006,64999.68,64999.58,64999.48]",65000.380000000005,"[0.001,0.002,0.003,0.004,0.005,0.006,0.007,0.008,0.009000000000000001,0.01]",0.001,3148,mock,InstrumentType.Spot,614569904,mock,BTC-USDT
2199944884,0,0,1783610796876728861,101,depth,"[65000.59,65000.689999999995,65000.79,65000.89,65000.99,65001.09,65001.189999999995,65001.29,65001.39,65001.49]",65000.59,"[0.001,0.002,0.003,0.004,0.005,0.006,0.007,0.008,0.009000000000000001,0.01]",0.001,"[65000.39,65000.29,65000.189999999995,65000.09,64999.99,64999.89,64999.79,64999.689999999995,64999.59,64999.49]",65000.39,"[0.001,0.002,0.003,0.004,0.005,0.006,0.007,0.008,0.009000000000000001,0.01]",0.001,3149,mock,InstrumentType.Spot,614570464,mock,BTC-USDT
2199944884,0,0,1783610796877028846,101,depth,"[65000.6,65000.7,65000.8,65000.9,65001.0,65001.1,65001.2,65001.3,65001.4,65001.5]",65000.6,"[0.001,0.002,0.003,0.004,0.005,0.006,0.007,0.008,0.009000000000000001,0.01]",0.001,"[65000.4,65000.3,65000.2,65000.1,65000.0,64999.9,64999.8,64999.7,64999.6,64999.5]",65000.4,"[0.001,0.002,0.003,0.004,0.005,0.006,0.007,0.008,0.009000000000000001,0.01]",0.001,3150,mock,InstrumentType.Spot,614571024,mock,BTC-USDT
2199944884,0,0,1783610796877343291,101,depth,"[65000.61,65000.71,65000.810000000005,65000.91,65001.01,65001.11,65001.21,65001.310000000005,65001.41,65001.51]",65000.61,"[0.001,0.002,0.003,0.004,0.005,0.006,0.007,0.008,0.009000000000000001,0.01]",0.001,"[65000.41,65000.310000000005,65000.21,65000.11,65000.01,64999.91,64999.810000000005,64999.71,64999.61,64999.51]",65000.41,"[0.001,0.002,0.003,0.004,0.005,0.006,0.007,0.008,0.009000000000000001,0.01]",0.001,3151,mock,InstrumentType.Spot,614571584,mock,BTC-USDT
2199944884,0,0,1783610796877628871,101,depth,"[65000.619999999995,65000.719999999994,65000.82,65000.92,65001.02,65001.119999999995,65001.219999999994,65001.32,65001.42,65001.52]",65000.619999999995,"[0.001,0.002,0.003,0.004,0.005,0.006,0.007,0.008,0.009000000000000001,0.01]",0.001,"[65000.42,65000.32,65000.219999999994,65000.119999999995,65000.02,64999.92,64999.82,64999.719999999994,64999.619999999995,64999.52]",65000.42,"[0.001,0.002,0.003,0.004,0.005,0.006,0.007,0.008,0.009000000000000001,0.01]",0.001,3152,mock,InstrumentType.Spot,614572144,mock,BTC-USDT
2199944884,0,0,1783610796877928615,101,depth,"[65000.63,65000.729999999996,65000.83,65000.93,65001.03,65001.13,65001.229999999996,65001.33,65001.43,65001.53]",65000.63,"[0.001,0.002,0.003,0.004,0.005,0.006,0.007,0.008,0.009000000000000001,0.01]",0.001,"[65000.43,65000.33,65000.229999999996,65000.13,65000.03,64999.93,64999.83,64999.729999999996,64999.63,64999.53]",65000.43,"[0.001,0.002,0.003,0.004,0.005,0.006,0.007,0.008,0.009000000000000001,0.01]",0.001,3153,mock,InstrumentType.Spot,614572704,mock,BTC-USDT
2199944884,0,0,1783610796878228657,101,depth,"[65000.64,65000.74,65000.840000000004,65000.94,65001.04,65001.14,65001.24,65001.340000000004,65001.44,65001.54]",65000.64,"[0.001,0.002,0.003,0.004,0.005,0.006,0.007,0.008,0.009000000000000001,0.01]",0.001,"[65000.44,65000.340000000004,65000.24,65000.14,65000.04,64999.94,64999.840000000004,64999.74,64999.64,64999.54]",65000.44,"[0.001,0.002,0.003,0.004,0.005,0.006,0.007,0.008,0.009000000000000001,0.01]",0.001,3154,mock,InstrumentType.Spot,614573264,mock,BTC-USDT
2199944884,0,0,1783610796878528706,101,depth,"[65000.65,65000.75,65000.850000000006,65000.950000000004,65001.05,65001.15,65001.25,65001.350000000006,65001.450000000004,65001.55]",65000.65,"[0.001,0.002,0.003,0.004,0.005,0.006,0.007,0.008,0.009000000000000001,0.01]",0.001,"[65000.450000000004,65000.350000000006,65000.25,65000.15,65000.05,64999.950000000004,64999.850000000006,64999.75,64999.65,64999.55]",65000.450000000004,"[0.001,0.002,0.003,0.004,0.005,0.006,0.007,0.008,0.009000000000000001,0.01]",0.001,3155,mock,InstrumentType.Spot,614573824,mock,BTC-USDT
2199944884,0,0,1783610796878828347,101,depth,"[65000.659999999996,65000.759999999995,65000.86,65000.96,65001.06,65001.159999999996,65001.259999999995,65001.36,65001.46,65001.56]",65000.659999999996,"[0.001,0.002,0.003,0.004,0.005,0.006,0.007,0.008,0.009000000000000001,0.01]",0.001,"[65000.46,65000.36,65000.259999999995,65000.159999999996,65000.06,64999.96,64999.86,64999.759999999995,64999.659999999996,64999.56]",65000.46,"[0.001,0.002,0.003,0.004,0.005,0.006,0.007,0.008,0.009000000000000001,0.01]",0.001,3156,mock,InstrumentType.Spot,614574384,mock,BTC-USDT
2199944884,0,0,1783610796879128314,101,depth,"[65000.67,65000.77,65000.87,65000.97,65001.07,65001.17,65001.27,65001.37,65001.47,65001.57]",65000.67,"[0.001,0.002,0.003,0.004,0.005,0.006,0.007,0.008,0.009000000000000001,0.01]",0.001,"[65000.47,65000.37,65000.27,65000.17,65000.07,64999.97,64999.87,64999.77,64999.67,64999.57]",65000.47,"[0.001,0.002,0.003,0.004,0.005,0.006,0.007,0.008,0.009000000000000001,0.01]",0.001,3157,mock,InstrumentType.Spot,614574944,mock,BTC-USDT
2199944884,0,0,1783610796879428484,101,depth,"[65000.68,65000.78,65000.880000000005,65000.98,65001.08,65001.18,65001.28,65001.380000000005,65001.48,65001.58]",65000.68,"[0.001,0.002,0.003,0.004,0.005,0.006,0.007,0.008,0.009000000000000001,0.01]",0.001,"[65000.48,65000.380000000005,65000.28,65000.18,65000.08,64999.98,64999.880000000005,64999.78,64999.68,64999.58]",65000.48,"[0.001,0.002,0.003,0.004,0.005,0.006,0.007,0.008,0.009000000000000001,0.01]",0.001,3158,mock,InstrumentType.Spot,614575504,mock,BTC-USDT
2199944884,0,0,1783610796879728318,101,depth,"[65000.689999999995,65000.78999999999,65000.89,65000.99,65001.09,65001.189999999995,65001.28999999999,65001.39,65001.49,65001.59]",65000.689999999995,"[0.001,0.002,0.003,0.004,0.005,0.006,0.007,0.008,0.009000000000000001,0.01]",0.001,"[65000.49,65000.39,65000.28999999999,65000.189999999995,65000.09,64999.99,64999.89,64999.78999999999,64999.689999999995,64999.59]",65000.49,"[0.001,0.002,0.003,0.004,0.005,0.006,0.007,0.008,0.009000000000000001,0.01]",0.001,3159,mock,InstrumentType.Spot,614576064,mock,BTC-USDT
2199944884,0,0,1783610796880028457,101,depth,"[65000.7,65000.799999999996,65000.9,65001.0,65001.1,65001.2,65001.299999999996,65001.4,65001.5,65001.6]",65000.7,"[0.001,0.002,0.003,0.004,0.005,0.006,0.007,0.008,0.009000000000000001,0.01]",0.001,"[65000.5,65000.4,65000.299999999996,65000.2,65000.1,65000.0,64999.9,64999.799999999996,64999.7,64999.6]",65000.5,"[0.001,0.002,0.003,0.004,0.005,0.006,0.007,0.008,0.009000000000000001,0.01]",0.001,3160,mock,InstrumentType.Spot,614576624,mock,BTC-USDT
2199944884,0,0,1783610796880336133,101,depth,"[65000.71,65000.81,65000.91,65001.01,65001.11,65001.21,65001.31,65001.41,65001.51,65001.61]",65000.71,"[0.001,0.002,0.003,0.004,0.005,0.006,0.007,0.008,0.009000000000000001,0.01]",0.001,"[65000.51,65000.41,65000.31,65000.21,65000.11,65000.01,64999.91,64999.81,64999.71,64999.61]",65000.51,"[0.001,0.002,0.003,0.004,0.005,0.006,0.007,0.008,0.009000000000000001,0.01]",0.001,3161,mock,InstrumentType.Spot,614577184,mock,BTC-USDT
2199944884,0,0,1783610796880628264,101,depth,"[65000.72,65000.82,65000.920000000006,65001.020000000004,65001.12,65001.22,65001.32,65001.420000000006,65001.520000000004,65001.62]",65000.72,"[0.001,0.002,0.003,0.004,0.005,0.006,0.007,0.008,0.009000000000000001,0.01]",0.001,"[65000.520000000004,65000.420000000006,65000.32,65000.22,65000.12,65000.020000000004,64999.920000000006,64999.82,64999.72,64999.62]",65000.520000000004,"[0.001,0.002,0.003,0.004,0.005,0.006,0.007,0.008,0.009000000000000001,0.01]",0.001,3162,mock,InstrumentType.Spot,614577744,mock,BTC-USDT
2199944884,0,0,1783610796880927998,101,depth,"[65000.729999999996,65000.829999999994,65000.93,65001.03,65001.13,65001.229999999996,65001.329999999994,65001.43,65001.53,65001.63]",65000.729999999996,"[0.001,0.002,0.003,0.004,0.005,0.006,0.007,0.008,0.009000000000000001,0.01]",0.001,"[65000.53,65000.43,65000.329999999994,65000.229999999996,65000.13,65000.03,64999.93,64999.829999999994,64999.729999999996,64999.63]",65000.53,"[0.001,0.002,0.003,0.004,0.005,0.006,0.007,0.008,0.009000000000000001,0.01]",0.001,3163,mock,InstrumentType.Spot,614578304,mock,BTC-USDT
2199944884,0,0,1783610796881228008,101,depth,"[65000.74,65000.84,65000.94,65001.04,65001.14,65001.24,65001.34,65001.44,65001.54,65001.64]",65000.74,"[0.001,0.002,0.003,0.004,0.005,0.006,0.007,0.008,0.009000000000000001,0.01]",0.001,"[65000.54,65000.44,65000.34,65000.24,65000.14,65000.04,64999.94,64999.84,64999.74,64999.64]",65000.54,"[0.001,0.002,0.003,0.004,0.005,0.006,0.007,0.008,0.009000000000000001,0.01]",0.001,3164,mock,InstrumentType.Spot,614578864,mock,BTC-USDT
2199944884,0,0,1783610796881528054,101,depth,"[65000.75,65000.85,65000.950000000004,65001.05,65001.15,65001.25,65001.35,65001.450000000004,65001.55,65001.65]",65000.75,"[0.001,0.002,0.003,0.004,0.005,0.006,0.007,0.008,0.009000000000000001,0.01]",0.001,"[65000.55,65000.450000000004,65000.35,65000.25,65000.15,65000.05,64999.950000000004,64999.85,64999.75,64999.65]",65000.55,"[0.001,0.002,0.003,0.004,0.005,0.006,0.007,0.008,0.009000000000000001,0.01]",0.001,3165,mock,InstrumentType.Spot,614579424,mock,BTC-USDT
2199944884,0,0,1783610796881828046,101,depth,"[65000.76,65000.86,65000.96000000001,65001.060000000005,65001.16,65001.26,65001.36,65001.46000000001,65001.560000000005,65001.66]",65000.76,"[0.001,0.002,0.003,0.004,0.005,0.006,0.007,0.008,0.009000000000000001,0.01]",0.001,"[65000.560000000005,65000.46000000001,65000.36,65000.26,65000.16,65000.060000000005,64999.96000000001,64999.86,64999.76,64999.66]",65000.560000000005,"[0.001,0.002,0.003,0.004,0.005,0.006,0.007,0.008,0.009000000000000001,0.01]",0.001,3166,mock,InstrumentType.Spot,614579984,mock,BTC-USDT
2199944884,0,0,1783610796882127970,101,depth,"[65000.77,65000.869999999995,65000.97,65001.07,65001.17,65001.27,65001.369999999995,65001.47,65001.57,65001.67]",65000.77,"[0.001,0.002,0.003,0.004,0.005,0.006,0.007,0.008,0.009000000000000001,0.01]",0.001,"[65000.57,65000.47,65000.369999999995,65000.27,65000.17,65000.07,64999.97,64999.869999999995,64999.77,64999.67]",65000.57,"[0.001,0.002,0.003,0.004,0.005,0.006,0.007,0.008,0.009000000000000001,0.01]",0.001,3167,mock,InstrumentType.Spot,614580544,mock,BTC-USDT
2199944884,0,0,1783610796882428019,101,depth,"[65000.78,65000.88,65000.98,65001.08,65001.18,65001.28,65001.38,65001.48,65001.58,65001.68]",65000.78,"[0.001,0.002,0.003,0.004,0.005,0.006,0.007,0.008,0.009000000000000001,0.01]",0.001,"[65000.58,65000.48,65000.38,65000.28,65000.18,65000.08,64999.98,64999.88,64999.78,64999.68]",65000.58,"[0.001,0.002,0.003,0.004,0.005,0.006,0.007,0.008,0.009000000000000001,0.01]",0.001,3168,mock,InstrumentType.Spot,614581104,mock,BTC-USDT
2199944884,0,0,1783610796882727830,101,depth,"[65000.79,65000.89,65000.990000000005,65001.090000000004,65001.19,65001.29,65001.39,65001.490000000005,65001.590000000004,65001.69]",65000.79,"[0.001,0.002,0.003,0.004,0.005,0.006,0.007,0.008,0.009000000000000001,0.01]",0.001,"[65000.590000000004,65000.490000000005,65000.39,65000.29,65000.19,65000.090000000004,64999.990000000005,64999.89,64999.79,64999.69]",65000.590000000004,"[0.001,0.002,0.003,0.004,0.005,0.006,0.007,0.008,0.009000000000000001,0.01]",0.001,3169,mock,InstrumentType.Spot,614581664,mock,BTC-USDT
2199944884,0,0,1783610796883033922,101,depth,"[65000.799999999996,65000.899999999994,65001.0,65001.1,65001.2,65001.299999999996,65001.399999999994,65001.5,65001.6,65001.7]",65000.799999999996,"[0.001,0.002,0.003,0.004,0.005,0.006,0.007,0.008,0.009000000000000001,0.01]",0.001,"[65000.6,65000.5,65000.399999999994,65000.299999999996,65000.2,65000.1,65000.0,64999.899999999994,64999.799999999996,64999.7]",65000.6,"[0.001,0.002,0.003,0.004,0.005,0.006,0.007,0.008,0.009000000000000001,0.01]",0.001,3170,mock,InstrumentType.Spot,614582224,mock,BTC-USDT
2199944884,0,0,1783610796883328004,101,depth,"[65000.81,65000.909999999996,65001.01,65001.11,65001.21,65001.31,65001.409999999996,65001.51,65001.61,65001.71]",65000.81,"[0.001,0.002,0.003,0.004,0.005,0.006,0.007,0.008,0.009000000000000001,0.01]",0.001,"[65000.61,65000.51,65000.409999999996,65000.31,65000.21,65000.11,65000.01,64999.909999999996,64999.81,64999.71]",65000.61,"[0.001,0.002,0.003,0.004,0.005,0.006,0.007,0.008,0.009000000000000001,0.01]",0.001,3171,mock,InstrumentType.Spot,614582784,mock,BTC-USDT
2199944884,0,0,1783610796883627856,101,depth,"[65000.82,65000.92,65001.020000000004,65001.12,65001.22,65001.32,65001.42,65001.520000000004,65001.62,65001.72]",65000.82,"[0.001,0.002,0.003,0.004,0.005,0.006,0.007,0.008,0.009000000000000001,0.01]",0.001,"[65000.62,65000.520000000004,65000.42,65000.32,65000.22,65000.12,65000.020000000004,64999.92,64999.82,64999.72]",65000.62,"[0.001,0.002,0.003,0.004,0.005,0.006,0.007,0.008,0.009000000000000001,0.01]",0.001,3172,mock,InstrumentType.Spot,614583344,mock,BTC-USDT
2199944884,0,0,1783610796883927999,101,depth,"[65000.83,65000.93,65001.030000000006,65001.130000000005,65001.23,65001.33,65001.43,65001.530000000006,65001.630000000005,65001.73]",65000.83,"[0.001,0.002,0.003,0.004,0.005,0.006,0.007,0.008,0.009000000000000001,0.01]",0.001,"[65000.630000000005,65000.530000000006,65000.43,65000.33,65000.23,65000.130000000005,65000.030000000006,64999.93,64999.83,64999.73]",65000.630000000005,"[0.001,0.002,0.003,0.004,0.005,0.006,0.007,0.008,0.009000000000000001,0.01]",0.001,3173,mock,InstrumentType.Spot,614583904,mock,BTC-USDT
2199944884,0,0,1783610796884227966,101,depth,"[65000.84,65000.939999999995,65001.04,65001.14,65001.24,65001.34,65001.439999999995,65001.54,65001.64,65001.74]",65000.84,"[0.001,0.002,0.003,0.004,0.005,0.006,0.007,0.008,0.009000000000000001,0.01]",0.001,"[65000.64,65000.54,65000.439999999995,65000.34,65000.24,65000.14,65000.04,64999.939999999995,64999.84,64999.74]",65000.64,"[0.001,0.002,0.003,0.004,0.005,0.006,0.007,0.008,0.009000000000000001,0.01]",0.001,3174,mock,InstrumentType.Spot,614584464,mock,BTC-USDT
2199944884,0,0,1783610796884527836,101,depth,"[65000.85,65000.95,65001.05,65001.15,65001.25,65001.35,65001.45,65001.55,65001.65,65001.75]",65000.85,"[0.001,0.002,0.003,0.004,0.005,0.006,0.007,0.008,0.009000000000000001,0.01]",0.001,"[65000.65,65000.55,65000.45,65000.35,65000.25,65000.15,65000.05,64999.95,64999.85,64999.75]",65000.65,"[0.001,0.002,0.003,0.004,0.005,0.006,0.007,0.008,0.009000000000000001,0.01]",0.001,3175,mock,InstrumentType.Spot,614585024,mock,BTC-USDT
2199944884,0,0,1783610796884827964,101,depth,"[65000.86,65000.96,65001.060000000005,65001.16,65001.26,65001.36,65001.46,65001.560000000005,65001.66,65001.76]",65000.86,"[0.001,0.002,0.003,0.004,0.005,0.006,0.007,0.008,0.009000000000000001,0.01]",0.001,"[65000.66,65000.560000000005,65000.46,65000.36,65000.26,65000.16,65000.060000000005,64999.96,64999.86,64999.76]",65000.66,"[0.001,0.002,0.003,0.004,0.005,0.006,0.007,0.008,0.009000000000000001,0.01]",0.001,3176,mock,InstrumentType.Spot,614585584,mock,BTC-USDT
2199944884,0,0,1783610796885127983,101,depth,"[65000.869999999995,65000.969999999994,65001.07,65001.17,65001.27,65001.369999999995,65001.469999999994,65001.57,65001.67,65001.77]",65000.869999999995,"[0.001,0.002,0.003,0.004,0.005,0.006,0.007,0.008,0.009000000000000001,0.01]",0.001,"[65000.67,65000.57,65000.469999999994,65000.369999999995,65000.27,65000.17,65000.07,64999.969999999994,64999.869999999995,64999.77]",65000.67,"[0.001,0.002,0.003,0.004,0.005,0.006,0.007,0.008,0.009000000000000001,0.01]",0.001,3177,mock,InstrumentType.Spot,614586144,mock,BTC-USDT
2199944884,0,0,1783610796885428180,101,depth,"[65000.88,65000.979999999996,65001.08,65001.18,65001.28,65001.38,65001.479999999996,65001.58,65001.68,65001.78]",65000.88,"[0.001,0.002,0.003,0.004,0.005,0.006,0.007,0.008,0.009000000000000001,0.01]",0.001,"[65000.68,65000.58,65000.479999999996,65000.38,65000.28,65000.18,65000.08,64999.979999999996,64999.88,64999.78]",65000.68,"[0.001,0.002,0.003,0.004,0.005,0.006,0.007,0.008,0.009000000000000001,0.01]",0.001,3178,mock,InstrumentType.Spot,614586704,mock,BTC-USDT
2199944884,0,0,1783610796885729564,101,depth,"[65000.89,65000.99,65001.090000000004,65001.19,65001.29,65001.39,65001.49,65001.590000000004,65001.69,65001.79]",65000.89,"[0.001,0.002,0.003,0.004,0.005,0.006,0.007,0.008,0.009000000000000001,0.01]",0.001,"[65000.69,65000.590000000004,65000.49,65000.39,65000.29,65000.19,65000.090000000004,64999.99,64999.89,64999.79]",65000.69,"[0.001,0.002,0.003,0.004,0.005,0.006,0.007,0.008,0.009000000000000001,0.01]",0.001,3179,mock,InstrumentType.Spot,614587264,mock,BTC-USDT
2199944884,0,0,1783610796886038996,101,depth,"[65000.9,65001.0,65001.100000000006,65001.200000000004,65001.3,65001.4,65001.5,65001.600000000006,65001.700000000004,65001.8]",65000.9,"[0.001,0.002,0.003,0.004,0.005,0.006,0.007,0.008,0.009000000000000001,0.01]",0.001,"[65000.700000000004,65000.600000000006,65000.5,65000.4,65000.3,65000.200000000004,65000.100000000006,65000.0,64999.9,64999.8]",65000.700000000004,"[0.001,0.002,0.003,0.004,0.005,0.006,0.007,0.008,0.009000000000000001,0.01]",0.001,3180,mock,InstrumentType.Spot,614587824,mock,BTC-USDT
2199944884,0,0,1783610796886327899,101,depth,"[65000.909999999996,65001.009999999995,65001.11,65001.21,65001.31,65001.409999999996,65001.509999999995,65001.61,65001.71,65001.81]",65000.909999999996,"[0.001,0.002,0.003,0.004,0.005,0.006,0.007,0.008,0.009000000000000001,0.01]",0.001,"[65000.71,65000.61,65000.509999999995,65000.409999999996,65000.31,65000.21,65000.11,65000.009999999995,64999.909999999996,64999.81]",65000.71,"[0.001,0.002,0.003,0.004,0.005,0.006,0.007,0.008,0.009000000000000001,0.01]",0.001,3181,mock,InstrumentType.Spot,614588384,mock,BTC-USDT
2199944884,0,0,1783610796886627842,101,depth,"[65000.92,65001.02,65001.12,65001.22,65001.32,65001.42,65001.52,65001.62,65001.72,65001.82]",65000.92,"[0.001,0.002,0.003,0.004,0.005,0.006,0.007,0.008,0.009000000000000001,0.01]",0.001,"[65000.72,65000.62,65000.52,65000.42,65000.32,65000.22,65000.12,65000.02,64999.92,64999.82]",65000.72,"[0.001,0.002,0.003,0.004,0.005,0.006,0.007,0.008,0.009000000000000001,0.01]",0.001,3182,mock,InstrumentType.Spot,614588944,mock,BTC-USDT
2199944884,0,0,1783610796886927923,101,depth,"[65000.93,65001.03,65001.130000000005,65001.23,65001.33,65001.43,65001.53,65001.630000000005,65001.73,65001.83]",65000.93,"[0.001,0.002,0.003,0.004,0.005,0.006,0.007,0.008,0.009000000000000001,0.01]",0.001,"[65000.73,65000.630000000005,65000.53,65000.43,65000.33,65000.23,65000.130000000005,65000.03,64999.93,64999.83]",65000.73,"[0.001,0.002,0.003,0.004,0.005,0.006,0.007,0.008,0.009000000000000001,0.01]",0.001,3183,mock,InstrumentType.Spot,614589504,mock,BTC-USDT
2199944884,0,0,1783610796887227920,101,depth,"[65000.939999999995,65001.03999999999,65001.14,65001.24,65001.34,65001.439999999995,65001.53999999999,65001.64,65001.74,65001.84]",65000.939999999995,"[0.001,0.002,0.003,0.004,0.005,0.006,0.007,0.008,0.009000000000000001,0.01]",0.001,"[65000.74,65000.64,65000.53999999999,65000.439999999995,65000.34,65000.24,65000.14,65000.03999999999,64999.939999999995,64999.84]",65000.74,"[0.001,0.002,0.003,0.004,0.005,0.006,0.007,0.008,0.009000000000000001,0.01]",0.001,3184,mock,InstrumentType.Spot,614590064,mock,BTC-USDT
2199944884,0,0,1783610796887527800,101,depth,"[65000.95,65001.049999999996,65001.15,65001.25,65001.35,65001.45,65001.549999999996,65001.65,65001.75,65001.85]",65000.95,"[0.001,0.002,0.003,0.004,0.005,0.006,0.007,0.008,0.009000000000000001,0.01]",0.001,"[65000.75,65000.65,65000.549999999996,65000.45,65000.35,65000.25,65000.15,65000.049999999996,64999.95,64999.85]",65000.75,"[0.001,0.002,0.003,0.004,0.005,0.006,0.007,0.008,0.009000000000000001,0.01]",0.001,3185,mock,InstrumentType.Spot,614590624,mock,BTC-USDT
2199944884,0,0,1783610796887827887,101,depth,"[65000.96,65001.06,65001.16,65001.26,65001.36,65001.46,65001.56,65001.66,65001.76,65001.86]",65000.96,"[0.001,0.002,0.003,0.004,0.005,0.006,0.007,0.008,0.009000000000000001,0.01]",0.001,"[65000.76,65000.66,65000.56,65000.46,65000.36,65000.26,65000.16,65000.06,64999.96,64999.86]",65000.76,"[0.001,0.002,0.003,0.004,0.005,0.006,0.007,0.008,0.009000000000000001,0.01]",0.001,3186,mock,InstrumentType.Spot,614591184,mock,BTC-USDT
2199944884,0,0,1783610796888128031,101,depth,"[65000.97,65001.07,65001.170000000006,65001.270000000004,65001.37,65001.47,65001.57,65001.670000000006,65001.770000000004,65001.87]",65000.97,"[0.001,0.002,0.003,0.004,0.005,0.006,0.007,0.008,0.009000000000000001,0.01]",0.001,"[65000.770000000004,65000.670000000006,65000.57,65000.47,65000.37,65000.270000000004,65000.170000000006,65000.07,64999.97,64999.87]",65000.770000000004,"[0.001,0.002,0.003,0.004,0.005,0.006,0.007,0.008,0.009000000000000001,0.01]",0.001,3187,mock,InstrumentType.Spot,614591744,mock,BTC-USDT
2199944884,0,0,1783610796888427907,101,depth,"[65000.979999999996,65001.079999999994,65001.18,65001.28,65001.38,65001.479999999996,65001.579999999994,65001.68,65001.78,65001.88]",65000.979999999996,"[0.001,0.002,0.003,0.004,0.005,0.006,0.007,0.008,0.009000000000000001,0.01]",0.001,"[65000.78,65000.68,65000.579999999994,65000.479999999996,65000.38,65000.28,65000.18,65000.079999999994,64999.979999999996,64999.88]",65000.78,"[0.001,0.002,0.003,0.004,0.005,0.006,0.007,0.008,0.009000000000000001,0.01]",0.001,3188,mock,InstrumentType.Spot,614592304,mock,BTC-USDT
2199944884,0,0,1783610796888733237,101,depth,"[65000.99,65001.09,65001.19,65001.29,65001.39,65001.49,65001.59,65001.69,65001.79,65001.89]",65000.99,"[0.001,0.002,0.003,0.004,0.005,0.006,0.007,0.008,0.009000000000000001,0.01]",0.001,"[65000.79,65000.69,65000.59,65000.49,65000.39,65000.29,65000.19,65000.09,64999.99,64999.89]",65000.79,"[0.001,0.002,0.003,0.004,0.005,0.006,0.007,0.008,0.009000000000000001,0.01]",0.001,3189,mock,InstrumentType.Spot,614592864,mock,BTC-USDT
2199944884,0,0,1783610796889027943,101,depth,"[65001.0,65001.1,65001.200000000004,65001.3,65001.4,65001.5,65001.6,65001.700000000004,65001.8,65001.9]",65001.0,"[0.001,0.002,0.003,0.004,0.005,0.006,0.007,0.008,0.009000000000000001,0.01]",0.001,"[65000.8,65000.700000000004,65000.6,65000.5,65000.4,65000.3,65000.200000000004,65000.1,65000.0,64999.9]",65000.8,"[0.001,0.002,0.003,0.004,0.005,0.006,0.007,0.008,0.009000000000000001,0.01]",0.001,3190,mock,InstrumentType.Spot,614593424,mock,BTC-USDT
2199944884,0,0,1783610796889328447,101,depth,"[65001.01,65001.11,65001.21000000001,65001.310000000005,65001.41,65001.51,65001.61,65001.71000000001,65001.810000000005,65001.91]",65001.01,"[0.001,0.002,0.003,0.004,0.005,0.006,0.007,0.008,0.009000000000000001,0.01]",0.001,"[65000.810000000005,65000.71000000001,65000.61,65000.51,65000.41,65000.310000000005,65000.21000000001,65000.11,65000.01,64999.91]",65000.810000000005,"[0.001,0.002,0.003,0.004,0.005,0.006,0.007,0.008,0.009000000000000001,0.01]",0.001,3191,mock,InstrumentType.Spot,614593984,mock,BTC-USDT
2199944884,0,0,1783610796889628109,101,depth,"[65001.02,65001.119999999995,65001.22,65001.32,65001.42,65001.52,65001.619999999995,65001.72,65001.82,65001.92]",65001.02,"[0.001,0.002,0.003,0.004,0.005,0.006,0.007,0.008,0.009000000000000001,0.01]",0.001,"[65000.82,65000.72,65000.619999999995,65000.52,65000.42,65000.32,65000.22,65000.119999999995,65000.02,64999.92]",65000.82,"[0.001,0.002,0.003,0.004,0.005,0.006,0.007,0.008,0.009000000000000001,0.01]",0.001,3192,mock,InstrumentType.Spot,614594544,mock,BTC-USDT
2199944884,0,0,1783610796889927909,101,depth,"[65001.03,65001.13,65001.23,65001.33,65001.43,65001.53,65001.63,65001.73,65001.83,65001.93]",65001.03,"[0.001,0.002,0.003,0.004,0.005,0.006,0.007,0.008,0.009000000000000001,0.01]",0.001,"[65000.83,65000.73,65000.63,65000.53,65000.43,65000.33,65000.23,65000.13,65000.03,64999.93]",65000.83,"[0.001,0.002,0.003,0.004,0.005,0.006,0.007,0.008,0.009000000000000001,0.01]",0.001,3193,mock,InstrumentType.Spot,614595104,mock,BTC-USDT
2199944884,0,0,1783610796890227917,101,depth,"[65001.04,65001.14,65001.240000000005,65001.340000000004,65001.44,65001.54,65001.64,65001.740000000005,65001.840000000004,65001.94]",65001.04,"[0.001,0.002,0.003,0.004,0.005,0.006,0.007,0.008,0.009000000000000001,0.01]",0.001,"[65000.840000000004,65000.740000000005,65000.64,65000.54,65000.44,65000.340000000004,65000.240000000005,65000.14,65000.04,64999.94]",65000.840000000004,"[0.001,0.002,0.003,0.004,0.005,0.006,0.007,0.008,0.009000000000000001,0.01]",0.001,3194,mock,InstrumentType.Spot,614595664,mock,BTC-USDT
2199944884,0,0,1783610796890527847,101,depth,"[65001.049999999996,65001.149999999994,65001.25,65001.35,65001.45,65001.549999999996,65001.649999999994,65001.75,65001.85,65001.95]",65001.049999999996,"[0.001,0.002,0.003,0.004,0.005,0.006,0.007,0.008,0.009000000000000001,0.01]",0.001,"[65000.85,65000.75,65000.649999999994,65000.549999999996,65000.45,65000.35,65000.25,65000.149999999994,65000.049999999996,64999.95]",65000.85,"[0.001,0.002,0.003,0.004,0.005,0.006,0.007,0.008,0.009000000000000001,0.01]",0.001,3195,mock,InstrumentType.Spot,614596224,mock,BTC-USDT
2199944884,0,0,1783610796890827752,101,depth,"[65001.06,65001.159999999996,65001.26,65001.36,65001.46,65001.56,65001.659999999996,65001.76,65001.86,65001.96]",65001.06,"[0.001,0.002,0.003,0.004,0.005,0.006,0.007,0.008,0.009000000000000001,0.01]",0.001,"[65000.86,65000.76,65000.659999999996,65000.56,65000.46,65000.36,65000.26,65000.159999999996,65000.06,64999.96]",65000.86,"[0.001,0.002,0.003,0.004,0.005,0.006,0.007,0.008,0.009000000000000001,0.01]",0.001,3196,mock,InstrumentType.Spot,614596784,mock,BTC-USDT
2199944884,0,0,1783610796891128005,101,depth,"[65001.07,65001.17,65001.270000000004,65001.37,65001.47,65001.57,65001.67,65001.770000000004,65001.87,65001.97]",65001.07,"[0.001,0.002,0.003,0.004,0.005,0.006,0.007,0.008,0.009000000000000001,0.01]",0.001,"[65000.87,65000.770000000004,65000.67,65000.57,65000.47,65000.37,65000.270000000004,65000.17,65000.07,64999.97]",65000.87,"[0.001,0.002,0.003,0.004,0.005,0.006,0.007,0.008,0.009000000000000001,0.01]",0.001,3197,mock,InstrumentType.Spot,614597344,mock,BTC-USDT
2199944884,0,0,1783610796891427874,101,depth,"[65001.08,65001.18,65001.280000000006,65001.380000000005,65001.48,65001.58,65001.68,65001.780000000006,65001.880000000005,65001.98]",65001.08,"[0.001,0.002,0.003,0.004,0.005,0.006,0.007,0.008,0.009000000000000001,0.01]",0.001,"[65000.880000000005,65000.780000000006,65000.68,65000.58,65000.48,65000.380000000005,65000.280000000006,65000.18,65000.08,64999.98]",65000.880000000005,"[0.001,0.002,0.003,0.004,0.005,0.006,0.007,0.008,0.009000000000000001,0.01]",0.001,3198,mock,InstrumentType.Spot,614597904,mock,BTC-USDT
2199944884,0,0,1783610796891736513,101,depth,"[65001.09,65001.189999999995,65001.29,65001.39,65001.49,65001.59,65001.689999999995,65001.79,65001.89,65001.99]",65001.09,"[0.001,0.002,0.003,0.004,0.005,0.006,0.007,0.008,0.009000000000000001,0.01]",0.001,"[65000.89,65000.79,65000.689999999995,65000.59,65000.49,65000.39,65000.29,65000.189999999995,65000.09,64999.99]",65000.89,"[0.001,0.002,0.003,0.004,0.005,0.006,0.007,0.008,0.009000000000000001,0.01]",0.001,3199,mock,InstrumentType.Spot,614598464,mock,BTC-USDT
2199944884,0,0,1783610796892027971,101,depth,"[65000.1,65000.2,65000.3,65000.4,65000.5,65000.6,65000.7,65000.8,65000.9,65001.0]",65000.1,"[0.001,0.002,0.003,0.004,0.005,0.006,0.007,0.008,0.009000000000000001,0.01]",0.001,"[64999.9,64999.8,64999.7,64999.6,64999.5,64999.4,64999.3,64999.2,64999.1,64999.0]",64999.9,"[0.001,0.002,0.003,0.004,0.005,0.006,0.007,0.008,0.009000000000000001,0.01]",0.001,3200,mock,InstrumentType.Spot,614599024,mock,BTC-USDT
2199944884,0,0,1783610796892327749,101,depth,"[65000.11,65000.21,65000.310000000005,65000.41,65000.51,65000.61,65000.71,65000.810000000005,65000.91,65001.01]",65000.11,"[0.001,0.002,0.003,0.004,0.005,0.006,0.007,0.008,0.009000000000000001,0.01]",0.001,"[64999.91,64999.810000000005,64999.71,64999.61,64999.51,64999.41,64999.310000000005,64999.21,64999.11,64999.01]",64999.91,"[0.001,0.002,0.003,0.004,0.005,0.006,0.007,0.008,0.009000000000000001,0.01]",0.001,3201,mock,InstrumentType.Spot,614599584,mock,BTC-USDT
2199944884,0,0,1783610796892627877,101,depth,"[65000.119999999995,65000.219999999994,65000.32,65000.42,65000.52,65000.619999999995,65000.719999999994,65000.82,65000.92,65001.02]",65000.119999999995,"[0.001,0.002,0.003,0.004,0.005,0.006,0.007,0.008,0.009000000000000001,0.01]",0.001,"[64999.92,64999.82,64999.719999999994,64999.619999999995,64999.52,64999.42,64999.32,64999.219999999994,64999.119999999995,64999.02]",64999.92,"[0.001,0.002,0.003,0.004,0.005,0.006,0.007,0.008,0.009000000000000001,0.01]",0.001,3202,mock,InstrumentType.Spot,614600144,mock,BTC-USDT
2199944884,0,0,1783610796892927817,101,depth,"[65000.13,65000.229999999996,65000.33,65000.43,65000.53,65000.63,65000.729999999996,65000.83,65000.93,65001.03]",65000.13,"[0.001,0.002,0.003,0.004,0.005,0.006,0.007,0.008,0.009000000000000001,0.01]",0.001,"[64999.93,64999.83,64999.729999999996,64999.63,64999.53,64999.43,64999.33,64999.229999999996,64999.13,64999.03]",64999.93,"[0.001,0.002,0.003,0.004,0.005,0.006,0.007,0.008,0.009000000000000001,0.01]",0.001,3203,mock,InstrumentType.Spot,614600704,mock,BTC-USDT
2199944884,0,0,1783610796893227910,101,depth,"[65000.14,65000.24,65000.340000000004,65000.44,65000.54,65000.64,65000.74,65000.840000000004,65000.94,65001.04]",65000.14,"[0.001,0.002,0.003,0.004,0.005,0.006,0.007,0.008,0.009000000000000001,0.01]",0.001,"[64999.94,64999.840000000004,64999.74,64999.64,64999.54,64999.44,64999.340000000004,64999.24,64999.14,64999.04]",64999.94,"[0.001,0.002,0.003,0.004,0.005,0.006,0.007,0.008,0.009000000000000001,0.01]",0.001,3204,mock,InstrumentType.Spot,614601264,mock,BTC-USDT
2199944884,0,0,1783610796893527864,101,depth,"[65000.15,65000.25,65000.350000000006,65000.450000000004,65000.55,65000.65,65000.75,65000.850000000006,65000.950000000004,65001.05]",65000.15,"[0.001,0.002,0.003,0.004,0.005,0.006,0.007,0.008,0.009000000000000001,0.01]",0.001,"[64999.950000000004,64999.850000000006,64999.75,64999.65,64999.55,64999.450000000004,64999.350000000006,64999.25,64999.15,64999.05]",64999.950000000004,"[0.001,0.002,0.003,0.004,0.005,0.006,0.007,0.008,0.009000000000000001,0.01]",0.001,3205,mock,InstrumentType.Spot,614601824,mock,BTC-USDT
2199944884,0,0,1783610796893827838,101,depth,"[65000.159999999996,65000.259999999995,65000.36,65000.46,65000.56,65000.659999999996,65000.759999999995,65000.86,65000.96,65001.06]",65000.159999999996,"[0.001,0.002,0.003,0.004,0.005,0.006,0.007,0.008,0.009000000000000001,0.01]",0.001,"[64999.96,64999.86,64999.759999999995,64999.659999999996,64999.56,64999.46,64999.36,64999.259999999995,64999.159999999996,64999.06]",64999.96,"[0.001,0.002,0.003,0.004,0.005,0.006,0.007,0.008,0.009000000000000001,0.01]",0.001,3206,mock,InstrumentType.Spot,614602384,mock,BTC-USDT
2199944884,0,0,1783610796894127853,101,depth,"[65000.17,65000.27,65000.37,65000.47,65000.57,65000.67,65000.77,65000.87,65000.97,65001.07]",65000.17,"[0.001,0.002,0.003,0.004,0.005,0.006,0.007,0.008,0.009000000000000001,0.01]",0.001,"[64999.97,64999.87,64999.77,64999.67,64999.57,64999.47,64999.37,64999.27,64999.17,64999.07]",64999.97,"[0.001,0.002,0.003,0.004,0.005,0.006,0.007,0.008,0.009000000000000001,0.01]",0.001,3207,mock,InstrumentType.Spot,614602944,mock,BTC-USDT
2199944884,0,0,1783610796894433667,101,depth,"[65000.18,65000.28,65000.380000000005,65000.48,65000.58,65000.68,65000.78,65000.880000000005,65000.98,65001.08]",65000.18,"[0.001,0.002,0.003,0.004,0.005,0.006,0.007,0.008,0.009000000000000001,0.01]",0.001,"[64999.98,64999.880000000005,64999.78,64999.68,64999.58,64999.48,64999.380000000005,64999.28,64999.18,64999.08]",64999.98,"[0.001,0.002,0.003,0.004,0.005,0.006,0.007,0.008,0.009000000000000001,0.01]",0.001,3208,mock,InstrumentType.Spot,614603504,mock,BTC-USDT
2199944884,0,0,1783610796894727991,101,depth,"[65000.189999999995,65000.28999999999,65000.39,65000.49,65000.59,65000.689999999995,65000.78999999999,65000.89,65000.99,65001.09]",65000.189999999995,"[0.001,0.002,0.003,0.004,0.005,0.006,0.007,0.008,0.009000000000000001,0.01]",0.001,"[64999.99,64999.89,64999.78999999999,64999.689999999995,64999.59,64999.49,64999.39,64999.28999999999,64999.189999999995,64999.09]",64999.99,"[0.001,0.002,0.003,0.004,0.005,0.006,0.007,0.008,0.009000000000000001,0.01]",0.001,3209,mock,InstrumentType.Spot,614604064,mock,BTC-USDT
2199944884,0,0,1783610796895027898,101,depth,"[65000.2,65000.299999999996,65000.4,65000.5,65000.6,65000.7,65000.799999999996,65000.9,65001.0,65001.1]",65000.2,"[0.001,0.002,0.003,0.004,0.005,0.006,0.007,0.008,0.009000000000000001,0.01]",0.001,"[65000.0,64999.9,64999.799999999996,64999.7,64999.6,64999.5,64999.4,64999.299999999996,64999.2,64999.1]",65000.0,"[0.001,0.002,0.003,0.004,0.005,0.006,0.007,0.008,0.009000000000000001,0.01]",0.001,3210,mock,InstrumentType.Spot,614604624,mock,BTC-USDT
2199944884,0,0,1783610796895327880,101,depth,"[65000.21,65000.31,65000.41,65000.51,65000.61,65000.71,65000.81,65000.91,65001.01,65001.11]",65000.21,"[0.001,0.002,0.003,0.004,0.005,0.006,0.007,0.008,0.009000000000000001,0.01]",0.001,"[65000.01,64999.91,64999.81,64999.71,64999.61,64999.51,64999.41,64999.31,64999.21,64999.11]",65000.01,"[0.001,0.002,0.003,0.004,0.005,0.006,0.007,0.008,0.009000000000000001,0.01]",0.001,3211,mock,InstrumentType.Spot,614605184,mock,BTC-USDT
2199944884,0,0,1783610796895627900,101,depth,"[65000.22,65000.32,65000.420000000006,65000.520000000004,65000.62,65000.72,65000.82,65000.920000000006,65001.020000000004,65001.12]",65000.22,"[0.001,0.002,0.003,0.004,0.005,0.006,0.007,0.008,0.009000000000000001,0.01]",0.001,"[65000.020000000004,64999.920000000006,64999.82,64999.72,64999.62,64999.520000000004,64999.420000000006,64999.32,64999.22,64999.12]",65000.020000000004,"[0.001,0.002,0.003,0.004,0.005,0.006,0.007,0.008,0.009000000000000001,0.01]",0.001,3212,mock,InstrumentType.Spot,614605744,mock,BTC-USDT
2199944884,0,0,1783610796895927889,101,depth,"[65000.229999999996,65000.329999999994,65000.43,65000.53,65000.63,65000.729999999996,65000.829999999994,65000.93,65001.03,65001.13]",65000.229999999996,"[0.001,0.002,0.003,0.004,0.005,0.006,0.007,0.008,0.009000000000000001,0.01]",0.001,"[65000.03,64999.93,64999.829999999994,64999.729999999996,64999.63,64999.53,64999.43,64999.329999999994,64999.229999999996,64999.13]",65000.03,"[0.001,0.002,0.003,0.004,0.005,0.006,0.007,0.008,0.009000000000000001,0.01]",0.001,3213,mock,InstrumentType.Spot,614606304,mock,BTC-USDT
2199944884,0,0,1783610796896227942,101,depth,"[65000.24,65000.34,65000.44,65000.54,65000.64,65000.74,65000.84,65000.94,65001.04,65001.14]",65000.24,"[0.001,0.002,0.003,0.004,0.005,0.006,0.007,0.008,0.009000000000000001,0.01]",0.001,"[65000.04,64999.94,64999.84,64999.74,64999.64,64999.54,64999.44,64999.34,64999.24,64999.14]",65000.04,"[0.001,0.002,0.003,0.004,0.005,0.006,0.007,0.008,0.009000000000000001,0.01]",0.001,3214,mock,InstrumentType.Spot,614606864,mock,BTC-USDT
2199944884,0,0,1783610796896528299,101,depth,"[65000.25,65000.35,65000.450000000004,65000.55,65000.65,65000.75,65000.85,65000.950000000004,65001.05,65001.15]",65000.25,"[0.001,0.002,0.003,0.004,0.005,0.006,0.007,0.008,0.009000000000000001,0.01]",0.001,"[65000.05,64999.950000000004,64999.85,64999.75,64999.65,64999.55,64999.450000000004,64999.35,64999.25,64999.15]",65000.05,"[0.001,0.002,0.003,0.004,0.005,0.006,0.007,0.008,0.009000000000000001,0.01]",0.001,3215,mock,InstrumentType.Spot,614607424,mock,BTC-USDT
2199944884,0,0,1783610796896828196,101,depth,"[65000.26,65000.36,65000.46000000001,65000.560000000005,65000.66,65000.76,65000.86,65000.96000000001,65001.060000000005,65001.16]",65000.26,"[0.001,0.002,0.003,0.004,0.005,0.006,0.007,0.008,0.009000000000000001,0.01]",0.001,"[65000.060000000005,64999.96000000001,64999.86,64999.76,64999.66,64999.560000000005,64999.46000000001,64999.36,64999.26,64999.16]",65000.060000000005,"[0.001,0.002,0.003,0.004,0.005,0.006,0.007,0.008,0.009000000000000001,0.01]",0.001,3216,mock,InstrumentType.Spot,614607984,mock,BTC-USDT
2199944884,0,0,1783610796897127959,101,depth,"[65000.27,65000.369999999995,65000.47,65000.57,65000.67,65000.77,65000.869999999995,65000.97,65001.07,65001.17]",65000.27,"[0.001,0.002,0.003,0.004,0.005,0.006,0.007,0.008,0.009000000000000001,0.01]",0.001,"[65000.07,64999.97,64999.869999999995,64999.77,64999.67,64999.57,64999.47,64999.369999999995,64999.27,64999.17]",65000.07,"[0.001,0.002,0.003,0.004,0.005,0.006,0.007,0.008,0.009000000000000001,0.01]",0.001,3217,mock,InstrumentType.Spot,614608544,mock,BTC-USDT
2199944884,0,0,1783610796897434560,101,depth,"[65000.28,65000.38,65000.48,65000.58,65000.68,65000.78,65000.88,65000.98,65001.08,65001.18]",65000.28,"[0.001,0.002,0.003,0.004,0.005,0.006,0.007,0.008,0.009000000000000001,0.01]",0.001,"[65000.08,64999.98,64999.88,64999.78,64999.68,64999.58,64999.48,64999.38,64999.28,64999.18]",65000.08,"[0.001,0.002,0.003,0.004,0.005,0.006,0.007,0.008,0.009000000000000001,0.01]",0.001,3218,mock,InstrumentType.Spot,614609104,mock,BTC-USDT
2199944884,0,0,1783610796897735577,101,depth,"[65000.29,65000.39,65000.490000000005,65000.590000000004,65000.69,65000.79,65000.89,65000.990000000005,65001.090000000004,65001.19]",65000.29,"[0.001,0.002,0.003,0.004,0.005,0.006,0.007,0.008,0.009000000000000001,0.01]",0.001,"[65000.090000000004,64999.990000000005,64999.89,64999.79,64999.69,64999.590000000004,64999.490000000005,64999.39,64999.29,64999.19]",65000.090000000004,"[0.001,0.002,0.003,0.004,0.005,0.006,0.007,0.008,0.009000000000000001,0.01]",0.001,3219,mock,InstrumentType.Spot,614609664,mock,BTC-USDT
2199944884,0,0,1783610796898028981,101,depth,"[65000.299999999996,65000.399999999994,65000.5,65000.6,65000.7,65000.799999999996,65000.899999999994,65001.0,65001.1,65001.2]",65000.299999999996,"[0.001,0.002,0.003,0.004,0.005,0.006,0.007,0.008,0.009000000000000001,0.01]",0.001,"[65000.1,65000.0,64999.899999999994,64999.799999999996,64999.7,64999.6,64999.5,64999.399999999994,64999.299999999996,64999.2]",65000.1,"[0.001,0.002,0.003,0.004,0.005,0.006,0.007,0.008,0.009000000000000001,0.01]",0.001,3220,mock,InstrumentType.Spot,614610224,mock,BTC-USDT
2199944884,0,0,1783610796898329430,101,depth,"[65000.31,65000.409999999996,65000.51,65000.61,65000.71,65000.81,65000.909999999996,65001.01,65001.11,65001.21]",65000.31,"[0.001,0.002,0.003,0.004,0.005,0.006,0.007,0.008,0.009000000000000001,0.01]",0.001,"[65000.11,65000.01,64999.909999999996,64999.81,64999.71,64999.61,64999.51,64999.409999999996,64999.31,64999.21]",65000.11,"[0.001,0.002,0.003,0.004,0.005,0.006,0.007,0.008,0.009000000000000001,0.01]",0.001,3221,mock,InstrumentType.Spot,614610784,mock,BTC-USDT
2199944884,0,0,1783610796898628047,101,depth,"[65000.32,65000.42,65000.520000000004,65000.62,65000.72,65000.82,65000.92,65001.020000000004,65001.12,65001.22]",65000.32,"[0.001,0.002,0.003,0.004,0.005,0.006,0.007,0.008,0.009000000000000001,0.01]",0.001,"[65000.12,65000.020000000004,64999.92,64999.82,64999.72,64999.62,64999.520000000004,64999.42,64999.32,64999.22]",65000.12,"[0.001,0.002,0.003,0.004,0.005,0.006,0.007,0.008,0.009000000000000001,0.01]",0.001,3222,mock,InstrumentType.Spot,614611344,mock,BTC-USDT
2199944884,0,0,1783610796898928109,101,depth,"[65000.33,65000.43,65000.530000000006,65000.630000000005,65000.73,65000.83,65000.93,65001.030000000006,65001.130000000005,65001.23]",65000.33,"[0.001,0.002,0.003,0.004,0.005,0.006,0.007,0.008,0.009000000000000001,0.01]",0.001,"[65000.130000000005,65000.030000000006,64999.93,64999.83,64999.73,64999.630000000005,64999.530000000006,64999.43,64999.33,64999.23]",65000.130000000005,"[0.001,0.002,0.003,0.004,0.005,0.006,0.007,0.008,0.009000000000000001,0.01]",0.001,3223,mock,InstrumentType.Spot,614611904,mock,BTC-USDT
2199944884,0,0,1783610796899227913,101,depth,"[65000.34,65000.439999999995,65000.54,65000.64,65000.74,65000.84,65000.939999999995,65001.04,65001.14,65001.24]",65000.34,"[0.001,0.002,0.003,0.004,0.005,0.006,0.007,0.008,0.009000000000000001,0.01]",0.001,"[65000.14,65000.04,64999.939999999995,64999.84,64999.74,64999.64,64999.54,64999.439999999995,64999.34,64999.24]",65000.14,"[0.001,0.002,0.003,0.004,0.005,0.006,0.007,0.008,0.009000000000000001,0.01]",0.001,3224,mock,InstrumentType.Spot,614612464,mock,BTC-USDT
2199944884,0,0,1783610796899527820,101,depth,"[65000.35,65000.45,65000.55,65000.65,65000.75,65000.85,65000.95,65001.05,65001.15,65001.25]",65000.35,"[0.001,0.002,0.003,0.004,0.005,0.006,0.007,0.008,0.009000000000000001,0.01]",0.001,"[65000.15,65000.05,64999.95,64999.85,64999.75,64999.65,64999.55,64999.45,64999.35,64999.25]",65000.15,"[0.001,0.002,0.003,0.004,0.005,0.006,0.007,0.008,0.009000000000000001,0.01]",0.001,3225,mock,InstrumentType.Spot,614613024,mock,BTC-USDT
2199944884,0,0,1783610796899828049,101,depth,"[65000.36,65000.46,65000.560000000005,65000.66,65000.76,65000.86,65000.96,65001.060000000005,65001.16,65001.26]",65000.36,"[0.001,0.002,0.003,0.004,0.005,0.006,0.007,0.008,0.009000000000000001,0.01]",0.001,"[65000.16,65000.060000000005,64999.96,64999.86,64999.76,64999.66,64999.560000000005,64999.46,64999.36,64999.26]",65000.16,"[0.001,0.002,0.003,0.004,0.005,0.006,0.007,0.008,0.009000000000000001,0.01]",0.001,3226,mock,InstrumentType.Spot,614613584,mock,BTC-USDT
2199944884,0,0,1783610796900145911,101,depth,"[65000.369999999995,65000.469999999994,65000.57,65000.67,65000.77,65000.869999999995,65000.969999999994,65001.07,65001.17,65001.27]",65000.369999999995,"[0.001,0.002,0.003,0.004,0.005,0.006,0.007,0.008,0.009000000000000001,0.01]",0.001,"[65000.17,65000.07,64999.969999999994,64999.869999999995,64999.77,64999.67,64999.57,64999.469999999994,64999.369999999995,64999.27]",65000.17,"[0.001,0.002,0.003,0.004,0.005,0.006,0.007,0.008,0.009000000000000001,0.01]",0.001,3227,mock,InstrumentType.Spot,614614144,mock,BTC-USDT
2199944884,0,0,1783610796900427978,101,depth,"[65000.38,65000.479999999996,65000.58,65000.68,65000.78,65000.88,65000.979999999996,65001.08,65001.18,65001.28]",65000.38,"[0.001,0.002,0.003,0.004,0.005,0.006,0.007,0.008,0.009000000000000001,0.01]",0.001,"[65000.18,65000.08,64999.979999999996,64999.88,64999.78,64999.68,64999.58,64999.479999999996,64999.38,64999.28]",65000.18,"[0.001,0.002,0.003,0.004,0.005,0.006,0.007,0.008,0.009000000000000001,0.01]",0.001,3228,mock,InstrumentType.Spot,614614704,mock,BTC-USDT
2199944884,0,0,1783610796900727849,101,depth,"[65000.39,65000.49,65000.590000000004,65000.69,65000.79,65000.89,65000.99,65001.090000000004,65001.19,65001.29]",65000.39,"[0.001,0.002,0.003,0.004,0.005,0.006,0.007,0.008,0.009000000000000001,0.01]",0.001,"[65000.19,65000.090000000004,64999.99,64999.89,64999.79,64999.69,64999.590000000004,64999.49,64999.39,64999.29]",65000.19,"[0.001,0.002,0.003,0.004,0.005,0.006,0.007,0.008,0.009000000000000001,0.01]",0.001,3229,mock,InstrumentType.Spot,614615264,mock,BTC-USDT
2199944884,0,0,1783610796901027973,101,depth,"[65000.4,65000.5,65000.600000000006,65000.700000000004,65000.8,65000.9,65001.0,65001.100000000006,65001.200000000004,65001.3]",65000.4,"[0.001,0.002,0.003,0.004,0.005,0.006,0.007,0.008,0.009000000000000001,0.01]",0.001,"[65000.200000000004,65000.100000000006,65000.0,64999.9,64999.8,64999.700000000004,64999.600000000006,64999.5,64999.4,64999.3]",65000.200000000004,"[0.001,0.002,0.003,0.004,0.005,0.006,0.007,0.008,0.009000000000000001,0.01]",0.001,3230,mock,InstrumentType.Spot,614615824,mock,BTC-USDT
2199944884,0,0,1783610796901328012,101,depth,"[65000.409999999996,65000.509999999995,65000.61,65000.71,65000.81,65000.909999999996,65001.009999999995,65001.11,65001.21,65001.31]",65000.409999999996,"[0.001,0.002,0.003,0.004,0.005,0.006,0.007,0.008,0.009000000000000001,0.01]",0.001,"[65000.21,65000.11,65000.009999999995,64999.909999999996,64999.81,64999.71,64999.61,64999.509999999995,64999.409999999996,64999.31]",65000.21,"[0.001,0.002,0.003,0.004,0.005,0.006,0.007,0.008,0.009000000000000001,0.01]",0.001,3231,mock,InstrumentType.Spot,614616384,mock,BTC-USDT
2199944884,0,0,1783610796901627913,101,depth,"[65000.42,65000.52,65000.62,65000.72,65000.82,65000.92,65001.02,65001.12,65001.22,65001.32]",65000.42,"[0.001,0.002,0.003,0.004,0.005,0.006,0.007,0.008,0.009000000000000001,0.01]",0.001,"[65000.22,65000.12,65000.02,64999.92,64999.82,64999.72,64999.62,64999.52,64999.42,64999.32]",65000.22,"[0.001,0.002,0.003,0.004,0.005,0.006,0.007,0.008,0.009000000000000001,0.01]",0.001,3232,mock,InstrumentType.Spot,614616944,mock,BTC-USDT
2199944884,0,0,1783610796901927858,101,depth,"[65000.43,65000.53,65000.630000000005,65000.73,65000.83,65000.93,65001.03,65001.130000000005,65001.23,65001.33]",65000.43,"[0.001,0.002,0.003,0.004,0.005,0.006,0.007,0.008,0.009000000000000001,0.01]",0.001,"[65000.23,65000.130000000005,65000.03,64999.93,64999.83,64999.73,64999.630000000005,64999.53,64999.43,64999.33]",65000.23,"[0.001,0.002,0.003,0.004,0.005,0.006,0.007,0.008,0.009000000000000001,0.01]",0.001,3233,mock,InstrumentType.Spot,614617504,mock,BTC-USDT
2199944884,0,0,1783610796902227996,101,depth,"[65000.439999999995,65000.53999999999,65000.64,65000.74,65000.84,65000.939999999995,65001.03999999999,65001.14,65001.24,65001.34]",65000.439999999995,"[0.001,0.002,0.003,0.004,0.005,0.006,0.007,0.008,0.009000000000000001,0.01]",0.001,"[65000.24,65000.14,65000.03999999999,64999.939999999995,64999.84,64999.74,64999.64,64999.53999999999,64999.439999999995,64999.34]",65000.24,"[0.001,0.002,0.003,0.004,0.005,0.006,0.007,0.008,0.009000000000000001,0.01]",0.001,3234,mock,InstrumentType.Spot,614618064,mock,BTC-USDT
2199944884,0,0,1783610796902528243,101,depth,"[65000.45,65000.549999999996,65000.65,65000.75,65000.85,65000.95,65001.049999999996,65001.15,65001.25,65001.35]",65000.45,"[0.001,0.002,0.003,0.004,0.005,0.006,0.007,0.008,0.009000000000000001,0.01]",0.001,"[65000.25,65000.15,65000.049999999996,64999.95,64999.85,64999.75,64999.65,64999.549999999996,64999.45,64999.35]",65000.25,"[0.001,0.002,0.003,0.004,0.005,0.006,0.007,0.008,0.009000000000000001,0.01]",0.001,3235,mock,InstrumentType.Spot,614618624,mock,BTC-USDT
2199944884,0,0,1783610796902828212,101,depth,"[65000.46,65000.56,65000.66,65000.76,65000.86,65000.96,65001.06,65001.16,65001.26,65001.36]",65000.46,"[0.001,0.002,0.003,0.004,0.005,0.006,0.007,0.008,0.009000000000000001,0.01]",0.001,"[65000.26,65000.16,65000.06,64999.96,64999.86,64999.76,64999.66,64999.56,64999.46,64999.36]",65000.26,"[0.001,0.002,0.003,0.004,0.005,0.006,0.007,0.008,0.009000000000000001,0.01]",0.001,3236,mock,InstrumentType.Spot,614619184,mock,BTC-USDT
2199944884,0,0,1783610796903135511,101,depth,"[65000.47,65000.57,65000.670000000006,65000.770000000004,65000.87,65000.97,65001.07,65001.170000000006,65001.270000000004,65001.37]",65000.47,"[0.001,0.002,0.003,0.004,0.005,0.006,0.007,0.008,0.009000000000000001,0.01]",0.001,"[65000.270000000004,65000.170000000006,65000.07,64999.97,64999.87,64999.770000000004,64999.670000000006,64999.57,64999.47,64999.37]",65000.270000000004,"[0.001,0.002,0.003,0.004,0.005,0.006,0.007,0.008,0.009000000000000001,0.01]",0.001,3237,mock,InstrumentType.Spot,614619744,mock,BTC-USDT
2199944884,0,0,1783610796903428210,101,depth,"[65000.479999999996,65000.579999999994,65000.68,65000.78,65000.88,65000.979999999996,65001.079999999994,65001.18,65001.28,65001.38]",65000.479999999996,"[0.001,0.002,0.003,0.004,0.005,0.006,0.007,0.008,0.009000000000000001,0.01]",0.001,"[65000.28,65000.18,65000.079999999994,64999.979999999996,64999.88,64999.78,64999.68,64999.579999999994,64999.479999999996,64999.38]",65000.28,"[0.001,0.002,0.003,0.004,0.005,0.006,0.007,0.008,0.009000000000000001,0.01]",0.001,3238,mock,InstrumentType.Spot,614620304,mock,BTC-USDT
2199944884,0,0,1783610796903727883,101,depth,"[65000.49,65000.59,65000.69,65000.79,65000.89,65000.99,65001.09,65001.19,65001.29,65001.39]",65000.49,"[0.001,0.002,0.003,0.004,0.005,0.006,0.007,0.008,0.009000000000000001,0.01]",0.001,"[65000.29,65000.19,65000.09,64999.99,64999.89,64999.79,64999.69,64999.59,64999.49,64999.39]",65000.29,"[0.001,0.002,0.003,0.004,0.005,0.006,0.007,0.008,0.009000000000000001,0.01]",0.001,3239,mock,InstrumentType.Spot,614620864,mock,BTC-USDT
2199944884,0,0,1783610796904027992,101,depth,"[65000.5,65000.6,65000.700000000004,65000.8,65000.9,65001.0,65001.1,65001.200000000004,65001.3,65001.4]",65000.5,"[0.001,0.002,0.003,0.004,0.005,0.006,0.007,0.008,0.009000000000000001,0.01]",0.001,"[65000.3,65000.200000000004,65000.1,65000.0,64999.9,64999.8,64999.700000000004,64999.6,64999.5,64999.4]",65000.3,"[0.001,0.002,0.003,0.004,0.005,0.006,0.007,0.008,0.009000000000000001,0.01]",0.001,3240,mock,InstrumentType.Spot,614621424,mock,BTC-USDT
2199944884,0,0,1783610796904327896,101,depth,"[65000.51,65000.61,65000.71000000001,65000.810000000005,65000.91,65001.01,65001.11,65001.21000000001,65001.310000000005,65001.41]",65000.51,"[0.001,0.002,0.003,0.004,0.005,0.006,0.007,0.008,0.009000000000000001,0.01]",0.001,"[65000.310000000005,65000.21000000001,65000.11,65000.01,64999.91,64999.810000000005,64999.71000000001,64999.61,64999.51,64999.41]",65000.310000000005,"[0.001,0.002,0.003,0.004,0.005,0.006,0.007,0.008,0.009000000000000001,0.01]",0.001,3241,mock,InstrumentType.Spot,614621984,mock,BTC-USDT
2199944884,0,0,1783610796904627809,101,depth,"[65000.52,65000.619999999995,65000.72,65000.82,65000.92,65001.02,65001.119999999995,65001.22,65001.32,65001.42]",65000.52,"[0.001,0.002,0.003,0.004,0.005,0.006,0.007,0.008,0.009000000000000001,0.01]",0.001,"[65000.32,65000.22,65000.119999999995,65000.02,64999.92,64999.82,64999.72,64999.619999999995,64999.52,64999.42]",65000.32,"[0.001,0.002,0.003,0.004,0.005,0.006,0.007,0.008,0.009000000000000001,0.01]",0.001,3242,mock,InstrumentType.Spot,614622544,mock,BTC-USDT
2199944884,0,0,1783610796904927866,101,depth,"[65000.53,65000.63,65000.73,65000.83,65000.93,65001.03,65001.13,65001.23,65001.33,65001.43]",65000.53,"[0.001,0.002,0.003,0.004,0.005,0.006,0.007,0.008,0.009000000000000001,0.01]",0.001,"[65000.33,65000.23,65000.13,65000.03,64999.93,64999.83,64999.73,64999.63,64999.53,64999.43]",65000.33,"[0.001,0.002,0.003,0.004,0.005,0.006,0.007,0.008,0.009000000000000001,0.01]",0.001,3243,mock,InstrumentType.Spot,614623104,mock,BTC-USDT
2199944884,0,0,1783610796905227957,101,depth,"[65000.54,65000.64,65000.740000000005,65000.840000000004,65000.94,65001.04,65001.14,65001.240000000005,65001.340000000004,65001.44]",65000.54,"[0.001,0.002,0.003,0.004,0.005,0.006,0.007,0.008,0.009000000000000001,0.01]",0.001,"[65000.340000000004,65000.240000000005,65000.14,65000.04,64999.94,64999.840000000004,64999.740000000005,64999.64,64999.54,64999.44]",65000.340000000004,"[0.001,0.002,0.003,0.004,0.005,0.006,0.007,0.008,0.009000000000000001,0.01]",0.001,3244,mock,InstrumentType.Spot,614623664,mock,BTC-USDT
2199944884,0,0,1783610796905527836,101,depth,"[65000.549999999996,65000.649999999994,65000.75,65000.85,65000.95,65001.049999999996,65001.149999999994,65001.25,65001.35,65001.45]",65000.549999999996,"[0.001,0.002,0.003,0.004,0.005,0.006,0.007,0.008,0.009000000000000001,0.01]",0.001,"[65000.35,65000.25,65000.149999999994,65000.049999999996,64999.95,64999.85,64999.75,64999.649999999994,64999.549999999996,64999.45]",65000.35,"[0.001,0.002,0.003,0.004,0.005,0.006,0.007,0.008,0.009000000000000001,0.01]",0.001,3245,mock,InstrumentType.Spot,614624224,mock,BTC-USDT
2199944884,0,0,1783610796905827970,101,depth,"[65000.56,65000.659999999996,65000.76,65000.86,65000.96,65001.06,65001.159999999996,65001.26,65001.36,65001.46]",65000.56,"[0.001,0.002,0.003,0.004,0.005,0.006,0.007,0.008,0.009000000000000001,0.01]",0.001,"[65000.36,65000.26,65000.159999999996,65000.06,64999.96,64999.86,64999.76,64999.659999999996,64999.56,64999.46]",65000.36,"[0.001,0.002,0.003,0.004,0.005,0.006,0.007,0.008,0.009000000000000001,0.01]",0.001,3246,mock,InstrumentType.Spot,614624784,mock,BTC-USDT
2199944884,0,0,1783610796906152290,101,depth,"[65000.57,65000.67,65000.770000000004,65000.87,65000.97,65001.07,65001.17,65001.270000000004,65001.37,65001.47]",65000.57,"[0.001,0.002,0.003,0.004,0.005,0.006,0.007,0.008,0.009000000000000001,0.01]",0.001,"[65000.37,65000.270000000004,65000.17,65000.07,64999.97,64999.87,64999.770000000004,64999.67,64999.57,64999.47]",65000.37,"[0.001,0.002,0.003,0.004,0.005,0.006,0.007,0.008,0.009000000000000001,0.01]",0.001,3247,mock,InstrumentType.Spot,614625344,mock,BTC-USDT
2199944884,0,0,1783610796906428272,101,depth,"[65000.58,65000.68,65000.780000000006,65000.880000000005,65000.98,65001.08,65001.18,65001.280000000006,65001.380000000005,65001.48]",65000.58,"[0.001,0.002,0.003,0.004,0.005,0.006,0.007,0.008,0.009000000000000001,0.01]",0.001,"[65000.380000000005,65000.280000000006,65000.18,65000.08,64999.98,64999.880000000005,64999.780000000006,64999.68,64999.58,64999.48]",65000.380000000005,"[0.001,0.002,0.003,0.004,0.005,0.006,0.007,0.008,0.009000000000000001,0.01]",0.001,3248,mock,InstrumentType.Spot,614625904,mock,BTC-USDT
2199944884,0,0,1783610796906727768,101,depth,"[65000.59,65000.689999999995,65000.79,65000.89,65000.99,65001.09,65001.189999999995,65001.29,65001.39,65001.49]",65000.59,"[0.001,0.002,0.003,0.004,0.005,0.006,0.007,0.008,0.009000000000000001,0.01]",0.001,"[65000.39,65000.29,65000.189999999995,65000.09,64999.99,64999.89,64999.79,64999.689999999995,64999.59,64999.49]",65000.39,"[0.001,0.002,0.003,0.004,0.005,0.006,0.007,0.008,0.009000000000000001,0.01]",0.001,3249,mock,InstrumentType.Spot,614626464,mock,BTC-USDT
2199944884,0,0,1783610796907027725,101,depth,"[65000.6,65000.7,65000.8,65000.9,65001.0,65001.1,65001.2,65001.3,65001.4,65001.5]",65000.6,"[0.001,0.002,0.003,0.004,0.005,0.006,0.007,0.008,0.009000000000000001,0.01]",0.001,"[65000.4,65000.3,65000.2,65000.1,65000.0,64999.9,64999.8,64999.7,64999.6,64999.5]",65000.4,"[0.001,0.002,0.003,0.004,0.005,0.006,0.007,0.008,0.009000000000000001,0.01]",0.001,3250,mock,InstrumentType.Spot,614420256,mock,BTC-USDT
2199944884,0,0,1783610796907327934,101,depth,"[65000.61,65000.71,65000.810000000005,65000.91,65001.01,65001.11,65001.21,65001.310000000005,65001.41,65001.51]",65000.61,"[0.001,0.002,0.003,0.004,0.005,0.006,0.007,0.008,0.009000000000000001,0.01]",0.001,"[65000.41,65000.310000000005,65000.21,65000.11,65000.01,64999.91,64999.810000000005,64999.71,64999.61,64999.51]",65000.41,"[0.001,0.002,0.003,0.004,0.005,0.006,0.007,0.008,0.009000000000000001,0.01]",0.001,3251,mock,InstrumentType.Spot,614420816,mock,BTC-USDT
2199944884,0,0,1783610796907628207,101,depth,"[65000.619999999995,65000.719999999994,65000.82,65000.92,65001.02,65001.119999999995,65001.219999999994,65001.32,65001.42,65001.52]",65000.619999999995,"[0.001,0.002,0.003,0.004,0.005,0.006,0.007,0.008,0.009000000000000001,0.01]",0.001,"[65000.42,65000.32,65000.219999999994,65000.119999999995,65000.02,64999.92,64999.82,64999.719999999994,64999.619999999995,64999.52]",65000.42,"[0.001,0.002,0.003,0.004,0.005,0.006,0.007,0.008,0.009000000000000001,0.01]",0.001,3252,mock,InstrumentType.Spot,614421376,mock,BTC-USDT
2199944884,0,0,1783610796907928483,101,depth,"[65000.63,65000.729999999996,65000.83,65000.93,65001.03,65001.13,65001.229999999996,65001.33,65001.43,65001.53]",65000.63,"[0.001,0.002,0.003,0.004,0.005,0.006,0.007,0.008,0.009000000000000001,0.01]",0.001,"[65000.43,65000.33,65000.229999999996,65000.13,65000.03,64999.93,64999.83,64999.729999999996,64999.63,64999.53]",65000.43,"[0.001,0.002,0.003,0.004,0.005,0.006,0.007,0.008,0.009000000000000001,0.01]",0.001,3253,mock,InstrumentType.Spot,614421936,mock,BTC-USDT
2199944884,0,0,1783610796908227872,101,depth,"[65000.64,65000.74,65000.840000000004,65000.94,65001.04,65001.14,65001.24,65001.340000000004,65001.44,65001.54]",65000.64,"[0.001,0.002,0.003,0.004,0.005,0.006,0.007,0.008,0.009000000000000001,0.01]",0.001,"[65000.44,65000.340000000004,65000.24,65000.14,65000.04,64999.94,64999.840000000004,64999.74,64999.64,64999.54]",65000.44,"[0.001,0.002,0.003,0.004,0.005,0.006,0.007,0.008,0.009000000000000001,0.01]",0.001,3254,mock,InstrumentType.Spot,614422496,mock,BTC-USDT
2199944884,0,0,1783610796908529360,101,depth,"[65000.65,65000.75,65000.850000000006,65000.950000000004,65001.05,65001.15,65001.25,65001.350000000006,65001.450000000004,65001.55]",65000.65,"[0.001,0.002,0.003,0.004,0.005,0.006,0.007,0.008,0.009000000000000001,0.01]",0.001,"[65000.450000000004,65000.350000000006,65000.25,65000.15,65000.05,64999.950000000004,64999.850000000006,64999.75,64999.65,64999.55]",65000.450000000004,"[0.001,0.002,0.003,0.004,0.005,0.006,0.007,0.008,0.009000000000000001,0.01]",0.001,3255,mock,InstrumentType.Spot,614423056,mock,BTC-USDT
2199944884,0,0,1783610796908841193,101,depth,"[65000.659999999996,65000.759999999995,65000.86,65000.96,65001.06,65001.159999999996,65001.259999999995,65001.36,65001.46,65001.56]",65000.659999999996,"[0.001,0.002,0.003,0.004,0.005,0.006,0.007,0.008,0.009000000000000001,0.01]",0.001,"[65000.46,65000.36,65000.259999999995,65000.159999999996,65000.06,64999.96,64999.86,64999.759999999995,64999.659999999996,64999.56]",65000.46,"[0.001,0.002,0.003,0.004,0.005,0.006,0.007,0.008,0.009000000000000001,0.01]",0.001,3256,mock,InstrumentType.Spot,614423616,mock,BTC-USDT
2199944884,0,0,1783610796909128939,101,depth,"[65000.67,65000.77,65000.87,65000.97,65001.07,65001.17,65001.27,65001.37,65001.47,65001.57]",65000.67,"[0.001,0.002,0.003,0.004,0.005,0.006,0.007,0.008,0.009000000000000001,0.01]",0.001,"[65000.47,65000.37,65000.27,65000.17,65000.07,64999.97,64999.87,64999.77,64999.67,64999.57]",65000.47,"[0.001,0.002,0.003,0.004,0.005,0.006,0.007,0.008,0.009000000000000001,0.01]",0.001,3257,mock,InstrumentType.Spot,614424176,mock,BTC-USDT
2199944884,0,0,1783610796909429030,101,depth,"[65000.68,65000.78,65000.880000000005,65000.98,65001.08,65001.18,65001.28,65001.380000000005,65001.48,65001.58]",65000.68,"[0.001,0.002,0.003,0.004,0.005,0.006,0.007,0.008,0.009000000000000001,0.01]",0.001,"[65000.48,65000.380000000005,65000.28,65000.18,65000.08,64999.98,64999.880000000005,64999.78,64999.68,64999.58]",65000.48,"[0.001,0.002,0.003,0.004,0.005,0.006,0.007,0.008,0.009000000000000001,0.01]",0.001,3258,mock,InstrumentType.Spot,614424736,mock,BTC-USDT
2199944884,0,0,1783610796909728573,101,depth,"[65000.689999999995,65000.78999999999,65000.89,65000.99,65001.09,65001.189999999995,65001.28999999999,65001.39,65001.49,65001.59]",65000.689999999995,"[0.001,0.002,0.003,0.004,0.005,0.006,0.007,0.008,0.009000000000000001,0.01]",0.001,"[65000.49,65000.39,65000.28999999999,65000.189999999995,65000.09,64999.99,64999.89,64999.78999999999,64999.689999999995,64999.59]",65000.49,"[0.001,0.002,0.003,0.004,0.005,0.006,0.007,0.008,0.009000000000000001,0.01]",0.001,3259,mock,InstrumentType.Spot,614425296,mock,BTC-USDT
2199944884,0,0,1783610796910028406,101,depth,"[65000.7,65000.799999999996,65000.9,65001.0,65001.1,65001.2,65001.299999999996,65001.4,65001.5,65001.6]",65000.7,"[0.001,0.002,0.003,0.004,0.005,0.006,0.007,0.008,0.009000000000000001,0.01]",0.001,"[65000.5,65000.4,65000.299999999996,65000.2,65000.1,65000.0,64999.9,64999.799999999996,64999.7,64999.6]",65000.5,"[0.001,0.002,0.003,0.004,0.005,0.006,0.007,0.008,0.009000000000000001,0.01]",0.001,3260,mock,InstrumentType.Spot,614425856,mock,BTC-USDT
2199944884,0,0,1783610796910328222,101,depth,"[65000.71,65000.81,65000.91,65001.01,65001.11,65001.21,65001.31,65001.41,65001.51,65001.61]",65000.71,"[0.001,0.002,0.003,0.004,0.005,0.006,0.007,0.008,0.009000000000000001,0.01]",0.001,"[65000.51,65000.41,65000.31,65000.21,65000.11,65000.01,64999.91,64999.81,64999.71,64999.61]",65000.51,"[0.001,0.002,0.003,0.004,0.005,0.006,0.007,0.008,0.009000000000000001,0.01]",0.001,3261,mock,InstrumentType.Spot,614426416,mock,BTC-USDT
2199944884,0,0,1783610796910628476,101,depth,"[65000.72,65000.82,65000.920000000006,65001.020000000004,65001.12,65001.22,65001.32,65001.420000000006,65001.520000000004,65001.62]",65000.72,"[0.001,0.002,0.003,0.004,0.005,0.006,0.007,0.008,0.009000000000000001,0.01]",0.001,"[65000.520000000004,65000.420000000006,65000.32,65000.22,65000.12,65000.020000000004,64999.920000000006,64999.82,64999.72,64999.62]",65000.520000000004,"[0.001,0.002,0.003,0.004,0.005,0.006,0.007,0.008,0.009000000000000001,0.01]",0.001,3262,mock,InstrumentType.Spot,614426976,mock,BTC-USDT
2199944884,0,0,1783610796910928411,101,depth,"[65000.729999999996,65000.829999999994,65000.93,65001.03,65001.13,65001.229999999996,65001.329999999994,65001.43,65001.53,65001.63]",65000.729999999996,"[0.001,0.002,0.003,0.004,0.005,0.006,0.007,0.008,0.009000000000000001,0.01]",0.001,"[65000.53,65000.43,65000.329999999994,65000.229999999996,65000.13,65000.03,64999.93,64999.829999999994,64999.729999999996,64999.63]",65000.53,"[0.001,0.002,0.003,0.004,0.005,0.006,0.007,0.008,0.009000000000000001,0.01]",0.001,3263,mock,InstrumentType.Spot,614427536,mock,BTC-USDT
2199944884,0,0,1783610796911228455,101,depth,"[65000.74,65000.84,65000.94,65001.04,65001.14,65001.24,65001.34,65001.44,65001.54,65001.64]",65000.74,"[0.001,0.002,0.003,0.004,0.005,0.006,0.007,0.008,0.009000000000000001,0.01]",0.001,"[65000.54,65000.44,65000.34,65000.24,65000.14,65000.04,64999.94,64999.84,64999.74,64999.64]",65000.54,"[0.001,0.002,0.003,0.004,0.005,0.006,0.007,0.008,0.009000000000000001,0.01]",0.001,3264,mock,InstrumentType.Spot,614428096,mock,BTC-USDT
2199944884,0,0,1783610796911528109,101,depth,"[65000.75,65000.85,65000.950000000004,65001.05,65001.15,65001.25,65001.35,65001.450000000004,65001.55,65001.65]",65000.75,"[0.001,0.002,0.003,0.004,0.005,0.006,0.007,0.008,0.009000000000000001,0.01]",0.001,"[65000.55,65000.450000000004,65000.35,65000.25,65000.15,65000.05,64999.950000000004,64999.85,64999.75,64999.65]",65000.55,"[0.001,0.002,0.003,0.004,0.005,0.006,0.007,0.008,0.009000000000000001,0.01]",0.001,3265,mock,InstrumentType.Spot,614428656,mock,BTC-USDT
2199944884,0,0,1783610796911839740,101,depth,"[65000.76,65000.86,65000.96000000001,65001.060000000005,65001.16,65001.26,65001.36,65001.46000000001,65001.560000000005,65001.66]",65000.76,"[0.001,0.002,0.003,0.004,0.005,0.006,0.007,0.008,0.009000000000000001,0.01]",0.001,"[65000.560000000005,65000.46000000001,65000.36,65000.26,65000.16,65000.060000000005,64999.96000000001,64999.86,64999.76,64999.66]",65000.560000000005,"[0.001,0.002,0.003,0.004,0.005,0.006,0.007,0.008,0.009000000000000001,0.01]",0.001,3266,mock,InstrumentType.Spot,614429216,mock,BTC-USDT
2199944884,0,0,1783610796912128169,101,depth,"[65000.77,65000.869999999995,65000.97,65001.07,65001.17,65001.27,65001.369999999995,65001.47,65001.57,65001.67]",65000.77,"[0.001,0.002,0.003,0.004,0.005,0.006,0.007,0.008,0.009000000000000001,0.01]",0.001,"[65000.57,65000.47,65000.369999999995,65000.27,65000.17,65000.07,64999.97,64999.869999999995,64999.77,64999.67]",65000.57,"[0.001,0.002,0.003,0.004,0.005,0.006,0.007,0.008,0.009000000000000001,0.01]",0.001,3267,mock,InstrumentType.Spot,614429776,mock,BTC-USDT
2199944884,0,0,1783610796912428218,101,depth,"[65000.78,65000.88,65000.98,65001.08,65001.18,65001.28,65001.38,65001.48,65001.58,65001.68]",65000.78,"[0.001,0.002,0.003,0.004,0.005,0.006,0.007,0.008,0.009000000000000001,0.01]",0.001,"[65000.58,65000.48,65000.38,65000.28,65000.18,65000.08,64999.98,64999.88,64999.78,64999.68]",65000.58,"[0.001,0.002,0.003,0.004,0.005,0.006,0.007,0.008,0.009000000000000001,0.01]",0.001,3268,mock,InstrumentType.Spot,614430336,mock,BTC-USDT
2199944884,0,0,1783610796912727980,101,depth,"[65000.79,65000.89,65000.990000000005,65001.090000000004,65001.19,65001.29,65001.39,65001.490000000005,65001.590000000004,65001.69]",65000.79,"[0.001,0.002,0.003,0.004,0.005,0.006,0.007,0.008,0.009000000000000001,0.01]",0.001,"[65000.590000000004,65000.490000000005,65000.39,65000.29,65000.19,65000.090000000004,64999.990000000005,64999.89,64999.79,64999.69]",65000.590000000004,"[0.001,0.002,0.003,0.004,0.005,0.006,0.007,0.008,0.009000000000000001,0.01]",0.001,3269,mock,InstrumentType.Spot,614430896,mock,BTC-USDT
2199944884,0,0,1783610796913027956,101,depth,"[65000.799999999996,65000.899999999994,65001.0,65001.1,65001.2,65001.299999999996,65001.399999999994,65001.5,65001.6,65001.7]",65000.799999999996,"[0.001,0.002,0.003,0.004,0.005,0.006,0.007,0.008,0.009000000000000001,0.01]",0.001,"[65000.6,65000.5,65000.399999999994,65000.299999999996,65000.2,65000.1,65000.0,64999.899999999994,64999.799999999996,64999.7]",65000.6,"[0.001,0.002,0.003,0.004,0.005,0.006,0.007,0.008,0.009000000000000001,0.01]",0.001,3270,mock,InstrumentType.Spot,614431456,mock,BTC-USDT
2199944884,0,0,1783610796913327931,101,depth,"[65000.81,65000.909999999996,65001.01,65001.11,65001.21,65001.31,65001.409999999996,65001.51,65001.61,65001.71]",65000.81,"[0.001,0.002,0.003,0.004,0.005,0.006,0.007,0.008,0.009000000000000001,0.01]",0.001,"[65000.61,65000.51,65000.409999999996,65000.31,65000.21,65000.11,65000.01,64999.909999999996,64999.81,64999.71]",65000.61,"[0.001,0.002,0.003,0.004,0.005,0.006,0.007,0.008,0.009000000000000001,0.01]",0.001,3271,mock,InstrumentType.Spot,614432016,mock,BTC-USDT
2199944884,0,0,1783610796913627917,101,depth,"[65000.82,65000.92,65001.020000000004,65001.12,65001.22,65001.32,65001.42,65001.520000000004,65001.62,65001.72]",65000.82,"[0.001,0.002,0.003,0.004,0.005,0.006,0.007,0.008,0.009000000000000001,0.01]",0.001,"[65000.62,65000.520000000004,65000.42,65000.32,65000.22,65000.12,65000.020000000004,64999.92,64999.82,64999.72]",65000.62,"[0.001,0.002,0.003,0.004,0.005,0.006,0.007,0.008,0.009000000000000001,0.01]",0.001,3272,mock,InstrumentType.Spot,614432576,mock,BTC-USDT
2199944884,0,0,1783610796913928303,101,depth,"[65000.83,65000.93,65001.030000000006,65001.130000000005,65001.23,65001.33,65001.43,65001.530000000006,65001.630000000005,65001.73]",65000.83,"[0.001,0.002,0.003,0.004,0.005,0.006,0.007,0.008,0.009000000000000001,0.01]",0.001,"[65000.630000000005,65000.530000000006,65000.43,65000.33,65000.23,65000.130000000005,65000.030000000006,64999.93,64999.83,64999.73]",65000.630000000005,"[0.001,0.002,0.003,0.004,0.005,0.006,0.007,0.008,0.009000000000000001,0.01]",0.001,3273,mock,InstrumentType.Spot,614433136,mock,BTC-USDT
2199944884,0,0,1783610796914228118,101,depth,"[65000.84,65000.939999999995,65001.04,65001.14,65001.24,65001.34,65001.439999999995,65001.54,65001.64,65001.74]",65000.84,"[0.001,0.002,0.003,0.004,0.005,0.006,0.007,0.008,0.009000000000000001,0.01]",0.001,"[65000.64,65000.54,65000.439999999995,65000.34,65000.24,65000.14,65000.04,64999.939999999995,64999.84,64999.74]",65000.64,"[0.001,0.002,0.003,0.004,0.005,0.006,0.007,0.008,0.009000000000000001,0.01]",0.001,3274,mock,InstrumentType.Spot,614433696,mock,BTC-USDT
2199944884,0,0,1783610796914534838,101,depth,"[65000.85,65000.95,65001.05,65001.15,65001.25,65001.35,65001.45,65001.55,65001.65,65001.75]",65000.85,"[0.001,0.002,0.003,0.004,0.005,0.006,0.007,0.008,0.009000000000000001,0.01]",0.001,"[65000.65,65000.55,65000.45,65000.35,65000.25,65000.15,65000.05,64999.95,64999.85,64999.75]",65000.65,"[0.001,0.002,0.003,0.004,0.005,0.006,0.007,0.008,0.009000000000000001,0.01]",0.001,3275,mock,InstrumentType.Spot,614434256,mock,BTC-USDT
2199944884,0,0,1783610796914827929,101,depth,"[65000.86,65000.96,65001.060000000005,65001.16,65001.26,65001.36,65001.46,65001.560000000005,65001.66,65001.76]",65000.86,"[0.001,0.002,0.003,0.004,0.005,0.006,0.007,0.008,0.009000000000000001,0.01]",0.001,"[65000.66,65000.560000000005,65000.46,65000.36,65000.26,65000.16,65000.060000000005,64999.96,64999.86,64999.76]",65000.66,"[0.001,0.002,0.003,0.004,0.005,0.006,0.007,0.008,0.009000000000000001,0.01]",0.001,3276,mock,InstrumentType.Spot,614434816,mock,BTC-USDT
2199944884,0,0,1783610796915127954,101,depth,"[65000.869999999995,65000.969999999994,65001.07,65001.17,65001.27,65001.369999999995,65001.469999999994,65001.57,65001.67,65001.77]",65000.869999999995,"[0.001,0.002,0.003,0.004,0.005,0.006,0.007,0.008,0.009000000000000001,0.01]",0.001,"[65000.67,65000.57,65000.469999999994,65000.369999999995,65000.27,65000.17,65000.07,64999.969999999994,64999.869999999995,64999.77]",65000.67,"[0.001,0.002,0.003,0.004,0.005,0.006,0.007,0.008,0.009000000000000001,0.01]",0.001,3277,mock,InstrumentType.Spot,614435376,mock,BTC-USDT
2199944884,0,0,1783610796915427823,101,depth,"[65000.88,65000.979999999996,65001.08,65001.18,65001.28,65001.38,65001.479999999996,65001.58,65001.68,65001.78]",65000.88,"[0.001,0.002,0.003,0.004,0.005,0.006,0.007,0.008,0.009000000000000001,0.01]",0.001,"[65000.68,65000.58,65000.479999999996,65000.38,65000.28,65000.18,65000.08,64999.979999999996,64999.88,64999.78]",65000.68,"[0.001,0.002,0.003,0.004,0.005,0.006,0.007,0.008,0.009000000000000001,0.01]",0.001,3278,mock,InstrumentType.Spot,614435936,mock,BTC-USDT
2199944884,0,0,1783610796915727897,101,depth,"[65000.89,65000.99,65001.090000000004,65001.19,65001.29,65001.39,65001.49,65001.590000000004,65001.69,65001.79]",65000.89,"[0.001,0.002,0.003,0.004,0.005,0.006,0.007,0.008,0.009000000000000001,0.01]",0.001,"[65000.69,65000.590000000004,65000.49,65000.39,65000.29,65000.19,65000.090000000004,64999.99,64999.89,64999.79]",65000.69,"[0.001,0.002,0.003,0.004,0.005,0.006,0.007,0.008,0.009000000000000001,0.01]",0.001,3279,mock,InstrumentType.Spot,614436496,mock,BTC-USDT
2199944884,0,0,1783610796916027991,101,depth,"[65000.9,65001.0,65001.100000000006,65001.200000000004,65001.3,65001.4,65001.5,65001.600000000006,65001.700000000004,65001.8]",65000.9,"[0.001,0.002,0.003,0.004,0.005,0.006,0.007,0.008,0.009000000000000001,0.01]",0.001,"[65000.700000000004,65000.600000000006,65000.5,65000.4,65000.3,65000.200000000004,65000.100000000006,65000.0,64999.9,64999.8]",65000.700000000004,"[0.001,0.002,0.003,0.004,0.005,0.006,0.007,0.008,0.009000000000000001,0.01]",0.001,3280,mock,InstrumentType.Spot,614437056,mock,BTC-USDT
2199944884,0,0,1783610796916327937,101,depth,"[65000.909999999996,65001.009999999995,65001.11,65001.21,65001.31,65001.409999999996,65001.509999999995,65001.61,65001.71,65001.81]",65000.909999999996,"[0.001,0.002,0.003,0.004,0.005,0.006,0.007,0.008,0.009000000000000001,0.01]",0.001,"[65000.71,65000.61,65000.509999999995,65000.409999999996,65000.31,65000.21,65000.11,65000.009999999995,64999.909999999996,64999.81]",65000.71,"[0.001,0.002,0.003,0.004,0.005,0.006,0.007,0.008,0.009000000000000001,0.01]",0.001,3281,mock,InstrumentType.Spot,614437616,mock,BTC-USDT
2199944884,0,0,1783610796916627920,101,depth,"[65000.92,65001.02,65001.12,65001.22,65001.32,65001.42,65001.52,65001.62,65001.72,65001.82]",65000.92,"[0.001,0.002,0.003,0.004,0.005,0.006,0.007,0.008,0.009000000000000001,0.01]",0.001,"[65000.72,65000.62,65000.52,65000.42,65000.32,65000.22,65000.12,65000.02,64999.92,64999.82]",65000.72,"[0.001,0.002,0.003,0.004,0.005,0.006,0.007,0.008,0.009000000000000001,0.01]",0.001,3282,mock,InstrumentType.Spot,614438176,mock,BTC-USDT
2199944884,0,0,1783610796916927878,101,depth,"[65000.93,65001.03,65001.130000000005,65001.23,65001.33,65001.43,65001.53,65001.630000000005,65001.73,65001.83]",65000.93,"[0.001,0.002,0.003,0.004,0.005,0.006,0.007,0.008,0.009000000000000001,0.01]",0.001,"[65000.73,65000.630000000005,65000.53,65000.43,65000.33,65000.23,65000.130000000005,65000.03,64999.93,64999.83]",65000.73,"[0.001,0.002,0.003,0.004,0.005,0.006,0.007,0.008,0.009000000000000001,0.01]",0.001,3283,mock,InstrumentType.Spot,614438736,mock,BTC-USDT
2199944884,0,0,1783610796917227895,101,depth,"[65000.939999999995,65001.03999999999,65001.14,65001.24,65001.34,65001.439999999995,65001.53999999999,65001.64,65001.74,65001.84]",65000.939999999995,"[0.001,0.002,0.003,0.004,0.005,0.006,0.007,0.008,0.009000000000000001,0.01]",0.001,"[65000.74,65000.64,65000.53999999999,65000.439999999995,65000.34,65000.24,65000.14,65000.03999999999,64999.939999999995,64999.84]",65000.74,"[0.001,0.002,0.003,0.004,0.005,0.006,0.007,0.008,0.009000000000000001,0.01]",0.001,3284,mock,InstrumentType.Spot,614439296,mock,BTC-USDT
2199944884,0,0,1783610796917533779,101,depth,"[65000.95,65001.049999999996,65001.15,65001.25,65001.35,65001.45,65001.549999999996,65001.65,65001.75,65001.85]",65000.95,"[0.001,0.002,0.003,0.004,0.005,0.006,0.007,0.008,0.009000000000000001,0.01]",0.001,"[65000.75,65000.65,65000.549999999996,65000.45,65000.35,65000.25,65000.15,65000.049999999996,64999.95,64999.85]",65000.75,"[0.001,0.002,0.003,0.004,0.005,0.006,0.007,0.008,0.009000000000000001,0.01]",0.001,3285,mock,InstrumentType.Spot,614439856,mock,BTC-USDT
2199944884,0,0,1783610796917905886,101,depth,"[65000.96,65001.06,65001.16,65001.26,65001.36,65001.46,65001.56,65001.66,65001.76,65001.86]",65000.96,"[0.001,0.002,0.003,0.004,0.005,0.006,0.007,0.008,0.009000000000000001,0.01]",0.001,"[65000.76,65000.66,65000.56,65000.46,65000.36,65000.26,65000.16,65000.06,64999.96,64999.86]",65000.76,"[0.001,0.002,0.003,0.004,0.005,0.006,0.007,0.008,0.009000000000000001,0.01]",0.001,3286,mock,InstrumentType.Spot,614440416,mock,BTC-USDT
2199944884,0,0,1783610796918132833,101,depth,"[65000.97,65001.07,65001.170000000006,65001.270000000004,65001.37,65001.47,65001.57,65001.670000000006,65001.770000000004,65001.87]",65000.97,"[0.001,0.002,0.003,0.004,0.005,0.006,0.007,0.008,0.009000000000000001,0.01]",0.001,"[65000.770000000004,65000.670000000006,65000.57,65000.47,65000.37,65000.270000000004,65000.170000000006,65000.07,64999.97,64999.87]",65000.770000000004,"[0.001,0.002,0.003,0.004,0.005,0.006,0.007,0.008,0.009000000000000001,0.01]",0.001,3287,mock,InstrumentType.Spot,614440976,mock,BTC-USDT
2199944884,0,0,1783610796918429037,101,depth,"[65000.979999999996,65001.079999999994,65001.18,65001.28,65001.38,65001.479999999996,65001.579999999994,65001.68,65001.78,65001.88]",65000.979999999996,"[0.001,0.002,0.003,0.004,0.005,0.006,0.007,0.008,0.009000000000000001,0.01]",0.001,"[65000.78,65000.68,65000.579999999994,65000.479999999996,65000.38,65000.28,65000.18,65000.079999999994,64999.979999999996,64999.88]",65000.78,"[0.001,0.002,0.003,0.004,0.005,0.006,0.007,0.008,0.009000000000000001,0.01]",0.001,3288,mock,InstrumentType.Spot,614441536,mock,BTC-USDT
2199944884,0,0,1783610796918728607,101,depth,"[65000.99,65001.09,65001.19,65001.29,65001.39,65001.49,65001.59,65001.69,65001.79,65001.89]",65000.99,"[0.001,0.002,0.003,0.004,0.005,0.006,0.007,0.008,0.009000000000000001,0.01]",0.001,"[65000.79,65000.69,65000.59,65000.49,65000.39,65000.29,65000.19,65000.09,64999.99,64999.89]",65000.79,"[0.001,0.002,0.003,0.004,0.005,0.006,0.007,0.008,0.009000000000000001,0.01]",0.001,3289,mock,InstrumentType.Spot,614442096,mock,BTC-USDT
2199944884,0,0,1783610796919028235,101,depth,"[65001.0,65001.1,65001.200000000004,65001.3,65001.4,65001.5,65001.6,65001.700000000004,65001.8,65001.9]",65001.0,"[0.001,0.002,0.003,0.004,0.005,0.006,0.007,0.008,0.009000000000000001,0.01]",0.001,"[65000.8,65000.700000000004,65000.6,65000.5,65000.4,65000.3,65000.200000000004,65000.1,65000.0,64999.9]",65000.8,"[0.001,0.002,0.003,0.004,0.005,0.006,0.007,0.008,0.009000000000000001,0.01]",0.001,3290,mock,InstrumentType.Spot,614442656,mock,BTC-USDT
2199944884,0,0,1783610796919327898,101,depth,"[65001.01,65001.11,65001.21000000001,65001.310000000005,65001.41,65001.51,65001.61,65001.71000000001,65001.810000000005,65001.91]",65001.01,"[0.001,0.002,0.003,0.004,0.005,0.006,0.007,0.008,0.009000000000000001,0.01]",0.001,"[65000.810000000005,65000.71000000001,65000.61,65000.51,65000.41,65000.310000000005,65000.21000000001,65000.11,65000.01,64999.91]",65000.810000000005,"[0.001,0.002,0.003,0.004,0.005,0.006,0.007,0.008,0.009000000000000001,0.01]",0.001,3291,mock,InstrumentType.Spot,614443216,mock,BTC-USDT
2199944884,0,0,1783610796919628194,101,depth,"[65001.02,65001.119999999995,65001.22,65001.32,65001.42,65001.52,65001.619999999995,65001.72,65001.82,65001.92]",65001.02,"[0.001,0.002,0.003,0.004,0.005,0.006,0.007,0.008,0.009000000000000001,0.01]",0.001,"[65000.82,65000.72,65000.619999999995,65000.52,65000.42,65000.32,65000.22,65000.119999999995,65000.02,64999.92]",65000.82,"[0.001,0.002,0.003,0.004,0.005,0.006,0.007,0.008,0.009000000000000001,0.01]",0.001,3292,mock,InstrumentType.Spot,614443776,mock,BTC-USDT
2199944884,0,0,1783610796919927927,101,depth,"[65001.03,65001.13,65001.23,65001.33,65001.43,65001.53,65001.63,65001.73,65001.83,65001.93]",65001.03,"[0.001,0.002,0.003,0.004,0.005,0.006,0.007,0.008,0.009000000000000001,0.01]",0.001,"[65000.83,65000.73,65000.63,65000.53,65000.43,65000.33,65000.23,65000.13,65000.03,64999.93]",65000.83,"[0.001,0.002,0.003,0.004,0.005,0.006,0.007,0.008,0.009000000000000001,0.01]",0.001,3293,mock,InstrumentType.Spot,614444336,mock,BTC-USDT
2199944884,0,0,1783610796920245368,101,depth,"[65001.04,65001.14,65001.240000000005,65001.340000000004,65001.44,65001.54,65001.64,65001.740000000005,65001.840000000004,65001.94]",65001.04,"[0.001,0.002,0.003,0.004,0.005,0.006,0.007,0.008,0.009000000000000001,0.01]",0.001,"[65000.840000000004,65000.740000000005,65000.64,65000.54,65000.44,65000.340000000004,65000.240000000005,65000.14,65000.04,64999.94]",65000.840000000004,"[0.001,0.002,0.003,0.004,0.005,0.006,0.007,0.008,0.009000000000000001,0.01]",0.001,3294,mock,InstrumentType.Spot,614444896,mock,BTC-USDT
2199944884,0,0,1783610796920528068,101,depth,"[65001.049999999996,65001.149999999994,65001.25,65001.35,65001.45,65001.549999999996,65001.649999999994,65001.75,65001.85,65001.95]",65001.049999999996,"[0.001,0.002,0.003,0.004,0.005,0.006,0.007,0.008,0.009000000000000001,0.01]",0.001,"[65000.85,65000.75,65000.649999999994,65000.549999999996,65000.45,65000.35,65000.25,65000.149999999994,65000.049999999996,64999.95]",65000.85,"[0.001,0.002,0.003,0.004,0.005,0.006,0.007,0.008,0.009000000000000001,0.01]",0.001,3295,mock,InstrumentType.Spot,614445456,mock,BTC-USDT
2199944884,0,0,1783610796920827894,101,depth,"[65001.06,65001.159999999996,65001.26,65001.36,65001.46,65001.56,65001.659999999996,65001.76,65001.86,65001.96]",65001.06,"[0.001,0.002,0.003,0.004,0.005,0.006,0.007,0.008,0.009000000000000001,0.01]",0.001,"[65000.86,65000.76,65000.659999999996,65000.56,65000.46,65000.36,65000.26,65000.159999999996,65000.06,64999.96]",65000.86,"[0.001,0.002,0.003,0.004,0.005,0.006,0.007,0.008,0.009000000000000001,0.01]",0.001,3296,mock,InstrumentType.Spot,614656320,mock,BTC-USDT
2199944884,0,0,1783610796921127818,101,depth,"[65001.07,65001.17,65001.270000000004,65001.37,65001.47,65001.57,65001.67,65001.770000000004,65001.87,65001.97]",65001.07,"[0.001,0.002,0.003,0.004,0.005,0.006,0.007,0.008,0.009000000000000001,0.01]",0.001,"[65000.87,65000.770000000004,65000.67,65000.57,65000.47,65000.37,65000.270000000004,65000.17,65000.07,64999.97]",65000.87,"[0.001,0.002,0.003,0.004,0.005,0.006,0.007,0.008,0.009000000000000001,0.01]",0.001,3297,mock,InstrumentType.Spot,614656736,mock,BTC-USDT
2199944884,0,0,1783610796921431001,101,depth,"[65001.08,65001.18,65001.280000000006,65001.380000000005,65001.48,65001.58,65001.68,65001.780000000006,65001.880000000005,65001.98]",65001.08,"[0.001,0.002,0.003,0.004,0.005,0.006,0.007,0.008,0.009000000000000001,0.01]",0.001,"[65000.880000000005,65000.780000000006,65000.68,65000.58,65000.48,65000.380000000005,65000.280000000006,65000.18,65000.08,64999.98]",65000.880000000005,"[0.001,0.002,0.003,0.004,0.005,0.006,0.007,0.008,0.009000000000000001,0.01]",0.001,3298,mock,InstrumentType.Spot,614657200,mock,BTC-USDT
2199944884,0,0,1783610796921731130,101,depth,"[65001.09,65001.189999999995,65001.29,65001.39,65001.49,65001.59,65001.689999999995,65001.79,65001.89,65001.99]",65001.09,"[0.001,0.002,0.003,0.004,0.005,0.006,0.007,0.008,0.009000000000000001,0.01]",0.001,"[65000.89,65000.79,65000.689999999995,65000.59,65000.49,65000.39,65000.29,65000.189999999995,65000.09,64999.99]",65000.89,"[0.001,0.002,0.003,0.004,0.005,0.006,0.007,0.008,0.009000000000000001,0.01]",0.001,3299,mock,InstrumentType.Spot,614657760,mock,BTC-USDT
2199944884,0,0,1783610796922028403,101,depth,"[65000.1,65000.2,65000.3,65000.4,65000.5,65000.6,65000.7,65000.8,65000.9,65001.0]",65000.1,"[0.001,0.002,0.003,0.004,0.005,0.006,0.007,0.008,0.009000000000000001,0.01]",0.001,"[64999.9,64999.8,64999.7,64999.6,64999.5,64999.4,64999.3,64999.2,64999.1,64999.0]",64999.9,"[0.001,0.002,0.003,0.004,0.005,0.006,0.007,0.008,0.009000000000000001,0.01]",0.001,3300,mock,InstrumentType.Spot,614658320,mock,BTC-USDT
2199944884,0,0,1783610796922328033,101,depth,"[65000.11,65000.21,65000.310000000005,65000.41,65000.51,65000.61,65000.71,65000.810000000005,65000.91,65001.01]",65000.11,"[0.001,0.002,0.003,0.004,0.005,0.006,0.007,0.008,0.009000000000000001,0.01]",0.001,"[64999.91,64999.810000000005,64999.71,64999.61,64999.51,64999.41,64999.310000000005,64999.21,64999.11,64999.01]",64999.91,"[0.001,0.002,0.003,0.004,0.005,0.006,0.007,0.008,0.009000000000000001,0.01]",0.001,3301,mock,InstrumentType.Spot,614658880,mock,BTC-USDT
2199944884,0,0,1783610796922627871,101,depth,"[65000.119999999995,65000.219999999994,65000.32,65000.42,65000.52,65000.619999999995,65000.719999999994,65000.82,65000.92,65001.02]",65000.119999999995,"[0.001,0.002,0.003,0.004,0.005,0.006,0.007,0.008,0.009000000000000001,0.01]",0.001,"[64999.92,64999.82,64999.719999999994,64999.619999999995,64999.52,64999.42,64999.32,64999.219999999994,64999.119999999995,64999.02]",64999.92,"[0.001,0.002,0.003,0.004,0.005,0.006,0.007,0.008,0.009000000000000001,0.01]",0.001,3302,mock,InstrumentType.Spot,614659440,mock,BTC-USDT
2199944884,0,0,1783610796922927838,101,depth,"[65000.13,65000.229999999996,65000.33,65000.43,65000.53,65000.63,65000.729999999996,65000.83,65000.93,65001.03]",65000.13,"[0.001,0.002,0.003,0.004,0.005,0.006,0.007,0.008,0.009000000000000001,0.01]",0.001,"[64999.93,64999.83,64999.729999999996,64999.63,64999.53,64999.43,64999.33,64999.229999999996,64999.13,64999.03]",64999.93,"[0.001,0.002,0.003,0.004,0.005,0.006,0.007,0.008,0.009000000000000001,0.01]",0.001,3303,mock,InstrumentType.Spot,614660000,mock,BTC-USDT
2199944884,0,0,1783610796923243067,101,depth,"[65000.14,65000.24,65000.340000000004,65000.44,65000.54,65000.64,65000.74,65000.840000000004,65000.94,65001.04]",65000.14,"[0.001,0.002,0.003,0.004,0.005,0.006,0.007,0.008,0.009000000000000001,0.01]",0.001,"[64999.94,64999.840000000004,64999.74,64999.64,64999.54,64999.44,64999.340000000004,64999.24,64999.14,64999.04]",64999.94,"[0.001,0.002,0.003,0.004,0.005,0.006,0.007,0.008,0.009000000000000001,0.01]",0.001,3304,mock,InstrumentType.Spot,614660560,mock,BTC-USDT
2199944884,0,0,1783610796923528104,101,depth,"[65000.15,65000.25,65000.350000000006,65000.450000000004,65000.55,65000.65,65000.75,65000.850000000006,65000.950000000004,65001.05]",65000.15,"[0.001,0.002,0.003,0.004,0.005,0.006,0.007,0.008,0.009000000000000001,0.01]",0.001,"[64999.950000000004,64999.850000000006,64999.75,64999.65,64999.55,64999.450000000004,64999.350000000006,64999.25,64999.15,64999.05]",64999.950000000004,"[0.001,0.002,0.003,0.004,0.005,0.006,0.007,0.008,0.009000000000000001,0.01]",0.001,3305,mock,InstrumentType.Spot,614661120,mock,BTC-USDT
2199944884,0,0,1783610796923827895,101,depth,"[65000.159999999996,65000.259999999995,65000.36,65000.46,65000.56,65000.659999999996,65000.759999999995,65000.86,65000.96,65001.06]",65000.159999999996,"[0.001,0.002,0.003,0.004,0.005,0.006,0.007,0.008,0.009000000000000001,0.01]",0.001,"[64999.96,64999.86,64999.759999999995,64999.659999999996,64999.56,64999.46,64999.36,64999.259999999995,64999.159999999996,64999.06]",64999.96,"[0.001,0.002,0.003,0.004,0.005,0.006,0.007,0.008,0.009000000000000001,0.01]",0.001,3306,mock,InstrumentType.Spot,614661680,mock,BTC-USDT
2199944884,0,0,1783610796924127873,101,depth,"[65000.17,65000.27,65000.37,65000.47,65000.57,65000.67,65000.77,65000.87,65000.97,65001.07]",65000.17,"[0.001,0.002,0.003,0.004,0.005,0.006,0.007,0.008,0.009000000000000001,0.01]",0.001,"[64999.97,64999.87,64999.77,64999.67,64999.57,64999.47,64999.37,64999.27,64999.17,64999.07]",64999.97,"[0.001,0.002,0.003,0.004,0.005,0.006,0.007,0.008,0.009000000000000001,0.01]",0.001,3307,mock,InstrumentType.Spot,614662240,mock,BTC-USDT
2199944884,0,0,1783610796924427897,101,depth,"[65000.18,65000.28,65000.380000000005,65000.48,65000.58,65000.68,65000.78,65000.880000000005,65000.98,65001.08]",65000.18,"[0.001,0.002,0.003,0.004,0.005,0.006,0.007,0.008,0.009000000000000001,0.01]",0.001,"[64999.98,64999.880000000005,64999.78,64999.68,64999.58,64999.48,64999.380000000005,64999.28,64999.18,64999.08]",64999.98,"[0.001,0.002,0.003,0.004,0.005,0.006,0.007,0.008,0.009000000000000001,0.01]",0.001,3308,mock,InstrumentType.Spot,614662800,mock,BTC-USDT
2199944884,0,0,1783610796924727963,101,depth,"[65000.189999999995,65000.28999999999,65000.39,65000.49,65000.59,65000.689999999995,65000.78999999999,65000.89,65000.99,65001.09]",65000.189999999995,"[0.001,0.002,0.003,0.004,0.005,0.006,0.007,0.008,0.009000000000000001,0.01]",0.001,"[64999.99,64999.89,64999.78999999999,64999.689999999995,64999.59,64999.49,64999.39,64999.28999999999,64999.189999999995,64999.09]",64999.99,"[0.001,0.002,0.003,0.004,0.005,0.006,0.007,0.008,0.009000000000000001,0.01]",0.001,3309,mock,InstrumentType.Spot,614663360,mock,BTC-USDT
2199944884,0,0,1783610796925028194,101,depth,"[65000.2,65000.299999999996,65000.4,65000.5,65000.6,65000.7,65000.799999999996,65000.9,65001.0,65001.1]",65000.2,"[0.001,0.002,0.003,0.004,0.005,0.006,0.007,0.008,0.009000000000000001,0.01]",0.001,"[65000.0,64999.9,64999.799999999996,64999.7,64999.6,64999.5,64999.4,64999.299999999996,64999.2,64999.1]",65000.0,"[0.001,0.002,0.003,0.004,0.005,0.006,0.007,0.008,0.009000000000000001,0.01]",0.001,3310,mock,InstrumentType.Spot,614663920,mock,BTC-USDT
2199944884,0,0,1783610796925327990,101,depth,"[65000.21,65000.31,65000.41,65000.51,65000.61,65000.71,65000.81,65000.91,65001.01,65001.11]",65000.21,"[0.001,0.002,0.003,0.004,0.005,0.006,0.007,0.008,0.009000000000000001,0.01]",0.001,"[65000.01,64999.91,64999.81,64999.71,64999.61,64999.51,64999.41,64999.31,64999.21,64999.11]",65000.01,"[0.001,0.002,0.003,0.004,0.005,0.006,0.007,0.008,0.009000000000000001,0.01]",0.001,3311,mock,InstrumentType.Spot,614664480,mock,BTC-USDT
2199944884,0,0,1783610796925628375,101,depth,"[65000.22,65000.32,65000.420000000006,65000.520000000004,65000.62,65000.72,65000.82,65000.920000000006,65001.020000000004,65001.12]",65000.22,"[0.001,0.002,0.003,0.004,0.005,0.006,0.007,0.008,0.009000000000000001,0.01]",0.001,"[65000.020000000004,64999.920000000006,64999.82,64999.72,64999.62,64999.520000000004,64999.420000000006,64999.32,64999.22,64999.12]",65000.020000000004,"[0.001,0.002,0.003,0.004,0.005,0.006,0.007,0.008,0.009000000000000001,0.01]",0.001,3312,mock,InstrumentType.Spot,614665040,mock,BTC-USDT
2199944884,0,0,1783610796925935897,101,depth,"[65000.229999999996,65000.329999999994,65000.43,65000.53,65000.63,65000.729999999996,65000.829999999994,65000.93,65001.03,65001.13]",65000.229999999996,"[0.001,0.002,0.003,0.004,0.005,0.006,0.007,0.008,0.009000000000000001,0.01]",0.001,"[65000.03,64999.93,64999.829999999994,64999.729999999996,64999.63,64999.53,64999.43,64999.329999999994,64999.229999999996,64999.13]",65000.03,"[0.001,0.002,0.003,0.004,0.005,0.006,0.007,0.008,0.009000000000000001,0.01]",0.001,3313,mock,InstrumentType.Spot,614665600,mock,BTC-USDT
2199944884,0,0,1783610796926228586,101,depth,"[65000.24,65000.34,65000.44,65000.54,65000.64,65000.74,65000.84,65000.94,65001.04,65001.14]",65000.24,"[0.001,0.002,0.003,0.004,0.005,0.006,0.007,0.008,0.009000000000000001,0.01]",0.001,"[65000.04,64999.94,64999.84,64999.74,64999.64,64999.54,64999.44,64999.34,64999.24,64999.14]",65000.04,"[0.001,0.002,0.003,0.004,0.005,0.006,0.007,0.008,0.009000000000000001,0.01]",0.001,3314,mock,InstrumentType.Spot,614666160,mock,BTC-USDT
2199944884,0,0,1783610796926528544,101,depth,"[65000.25,65000.35,65000.450000000004,65000.55,65000.65,65000.75,65000.85,65000.950000000004,65001.05,65001.15]",65000.25,"[0.001,0.002,0.003,0.004,0.005,0.006,0.007,0.008,0.009000000000000001,0.01]",0.001,"[65000.05,64999.950000000004,64999.85,64999.75,64999.65,64999.55,64999.450000000004,64999.35,64999.25,64999.15]",65000.05,"[0.001,0.002,0.003,0.004,0.005,0.006,0.007,0.008,0.009000000000000001,0.01]",0.001,3315,mock,InstrumentType.Spot,614666720,mock,BTC-USDT
2199944884,0,0,1783610796926828670,101,depth,"[65000.26,65000.36,65000.46000000001,65000.560000000005,65000.66,65000.76,65000.86,65000.96000000001,65001.060000000005,65001.16]",65000.26,"[0.001,0.002,0.003,0.004,0.005,0.006,0.007,0.008,0.009000000000000001,0.01]",0.001,"[65000.060000000005,64999.96000000001,64999.86,64999.76,64999.66,64999.560000000005,64999.46000000001,64999.36,64999.26,64999.16]",65000.060000000005,"[0.001,0.002,0.003,0.004,0.005,0.006,0.007,0.008,0.009000000000000001,0.01]",0.001,3316,mock,InstrumentType.Spot,614667280,mock,BTC-USDT
2199944884,0,0,1783610796927128772,101,depth,"[65000.27,65000.369999999995,65000.47,65000.57,65000.67,65000.77,65000.869999999995,65000.97,65001.07,65001.17]",65000.27,"[0.001,0.002,0.003,0.004,0.005,0.006,0.007,0.008,0.009000000000000001,0.01]",0.001,"[65000.07,64999.97,64999.869999999995,64999.77,64999.67,64999.57,64999.47,64999.369999999995,64999.27,64999.17]",65000.07,"[0.001,0.002,0.003,0.004,0.005,0.006,0.007,0.008,0.009000000000000001,0.01]",0.001,3317,mock,InstrumentType.Spot,614667840,mock,BTC-USDT
2199944884,0,0,1783610796927428901,101,depth,"[65000.28,65000.38,65000.48,65000.58,65000.68,65000.78,65000.88,65000.98,65001.08,65001.18]",65000.28,"[0.001,0.002,0.003,0.004,0.005,0.006,0.007,0.008,0.009000000000000001,0.01]",0.001,"[65000.08,64999.98,64999.88,64999.78,64999.68,64999.58,64999.48,64999.38,64999.28,64999.18]",65000.08,"[0.001,0.002,0.003,0.004,0.005,0.006,0.007,0.008,0.009000000000000001,0.01]",0.001,3318,mock,InstrumentType.Spot,614668400,mock,BTC-USDT
2199944884,0,0,1783610796927729112,101,depth,"[65000.29,65000.39,65000.490000000005,65000.590000000004,65000.69,65000.79,65000.89,65000.990000000005,65001.090000000004,65001.19]",65000.29,"[0.001,0.002,0.003,0.004,0.005,0.006,0.007,0.008,0.009000000000000001,0.01]",0.001,"[65000.090000000004,64999.990000000005,64999.89,64999.79,64999.69,64999.590000000004,64999.490000000005,64999.39,64999.29,64999.19]",65000.090000000004,"[0.001,0.002,0.003,0.004,0.005,0.006,0.007,0.008,0.009000000000000001,0.01]",0.001,3319,mock,InstrumentType.Spot,614668960,mock,BTC-USDT
2199944884,0,0,1783610796928029320,101,depth,"[65000.299999999996,65000.399999999994,65000.5,65000.6,65000.7,65000.799999999996,65000.899999999994,65001.0,65001.1,65001.2]",65000.299999999996,"[0.001,0.002,0.003,0.004,0.005,0.006,0.007,0.008,0.009000000000000001,0.01]",0.001,"[65000.1,65000.0,64999.899999999994,64999.799999999996,64999.7,64999.6,64999.5,64999.399999999994,64999.299999999996,64999.2]",65000.1,"[0.001,0.002,0.003,0.004,0.005,0.006,0.007,0.008,0.009000000000000001,0.01]",0.001,3320,mock,InstrumentType.Spot,614669520,mock,BTC-USDT
2199944884,0,0,1783610796928329325,101,depth,"[65000.31,65000.409999999996,65000.51,65000.61,65000.71,65000.81,65000.909999999996,65001.01,65001.11,65001.21]",65000.31,"[0.001,0.002,0.003,0.004,0.005,0.006,0.007,0.008,0.009000000000000001,0.01]",0.001,"[65000.11,65000.01,64999.909999999996,64999.81,64999.71,64999.61,64999.51,64999.409999999996,64999.31,64999.21]",65000.11,"[0.001,0.002,0.003,0.004,0.005,0.006,0.007,0.008,0.009000000000000001,0.01]",0.001,3321,mock,InstrumentType.Spot,614670080,mock,BTC-USDT
2199944884,0,0,1783610796928628667,101,depth,"[65000.32,65000.42,65000.520000000004,65000.62,65000.72,65000.82,65000.92,65001.020000000004,65001.12,65001.22]",65000.32,"[0.001,0.002,0.003,0.004,0.005,0.006,0.007,0.008,0.009000000000000001,0.01]",0.001,"[65000.12,65000.020000000004,64999.92,64999.82,64999.72,64999.62,64999.520000000004,64999.42,64999.32,64999.22]",65000.12,"[0.001,0.002,0.003,0.004,0.005,0.006,0.007,0.008,0.009000000000000001,0.01]",0.001,3322,mock,InstrumentType.Spot,614670640,mock,BTC-USDT
2199944884,0,0,1783610796928936165,101,depth,"[65000.33,65000.43,65000.530000000006,65000.630000000005,65000.73,65000.83,65000.93,65001.030000000006,65001.130000000005,65001.23]",65000.33,"[0.001,0.002,0.003,0.004,0.005,0.006,0.007,0.008,0.009000000000000001,0.01]",0.001,"[65000.130000000005,65000.030000000006,64999.93,64999.83,64999.73,64999.630000000005,64999.530000000006,64999.43,64999.33,64999.23]",65000.130000000005,"[0.001,0.002,0.003,0.004,0.005,0.006,0.007,0.008,0.009000000000000001,0.01]",0.001,3323,mock,InstrumentType.Spot,614671200,mock,BTC-USDT
2199944884,0,0,1783610796929229122,101,depth,"[65000.34,65000.439999999995,65000.54,65000.64,65000.74,65000.84,65000.939999999995,65001.04,65001.14,65001.24]",65000.34,"[0.001,0.002,0.003,0.004,0.005,0.006,0.007,0.008,0.009000000000000001,0.01]",0.001,"[65000.14,65000.04,64999.939999999995,64999.84,64999.74,64999.64,64999.54,64999.439999999995,64999.34,64999.24]",65000.14,"[0.001,0.002,0.003,0.004,0.005,0.006,0.007,0.008,0.009000000000000001,0.01]",0.001,3324,mock,InstrumentType.Spot,614671760,mock,BTC-USDT
2199944884,0,0,1783610796929528720,101,depth,"[65000.35,65000.45,65000.55,65000.65,65000.75,65000.85,65000.95,65001.05,65001.15,65001.25]",65000.35,"[0.001,0.002,0.003,0.004,0.005,0.006,0.007,0.008,0.009000000000000001,0.01]",0.001,"[65000.15,65000.05,64999.95,64999.85,64999.75,64999.65,64999.55,64999.45,64999.35,64999.25]",65000.15,"[0.001,0.002,0.003,0.004,0.005,0.006,0.007,0.008,0.009000000000000001,0.01]",0.001,3325,mock,InstrumentType.Spot,614672320,mock,BTC-USDT
2199944884,0,0,1783610796929829218,101,depth,"[65000.36,65000.46,65000.560000000005,65000.66,65000.76,65000.86,65000.96,65001.060000000005,65001.16,65001.26]",65000.36,"[0.001,0.002,0.003,0.004,0.005,0.006,0.007,0.008,0.009000000000000001,0.01]",0.001,"[65000.16,65000.060000000005,64999.96,64999.86,64999.76,64999.66,64999.560000000005,64999.46,64999.36,64999.26]",65000.16,"[0.001,0.002,0.003,0.004,0.005,0.006,0.007,0.008,0.009000000000000001,0.01]",0.001,3326,mock,InstrumentType.Spot,614672880,mock,BTC-USDT
2199944884,0,0,1783610796930128717,101,depth,"[65000.369999999995,65000.469999999994,65000.57,65000.67,65000.77,65000.869999999995,65000.969999999994,65001.07,65001.17,65001.27]",65000.369999999995,"[0.001,0.002,0.003,0.004,0.005,0.006,0.007,0.008,0.009000000000000001,0.01]",0.001,"[65000.17,65000.07,64999.969999999994,64999.869999999995,64999.77,64999.67,64999.57,64999.469999999994,64999.369999999995,64999.27]",65000.17,"[0.001,0.002,0.003,0.004,0.005,0.006,0.007,0.008,0.009000000000000001,0.01]",0.001,3327,mock,InstrumentType.Spot,614673440,mock,BTC-USDT
2199944884,0,0,1783610796930428543,101,depth,"[65000.38,65000.479999999996,65000.58,65000.68,65000.78,65000.88,65000.979999999996,65001.08,65001.18,65001.28]",65000.38,"[0.001,0.002,0.003,0.004,0.005,0.006,0.007,0.008,0.009000000000000001,0.01]",0.001,"[65000.18,65000.08,64999.979999999996,64999.88,64999.78,64999.68,64999.58,64999.479999999996,64999.38,64999.28]",65000.18,"[0.001,0.002,0.003,0.004,0.005,0.006,0.007,0.008,0.009000000000000001,0.01]",0.001,3328,mock,InstrumentType.Spot,614674000,mock,BTC-USDT
2199944884,0,0,1783610796930728374,101,depth,"[65000.39,65000.49,65000.590000000004,65000.69,65000.79,65000.89,65000.99,65001.090000000004,65001.19,65001.29]",65000.39,"[0.001,0.002,0.003,0.004,0.005,0.006,0.007,0.008,0.009000000000000001,0.01]",0.001,"[65000.19,65000.090000000004,64999.99,64999.89,64999.79,64999.69,64999.590000000004,64999.49,64999.39,64999.29]",65000.19,"[0.001,0.002,0.003,0.004,0.005,0.006,0.007,0.008,0.009000000000000001,0.01]",0.001,3329,mock,InstrumentType.Spot,614674560,mock,BTC-USDT
2199944884,0,0,1783610796931028119,101,depth,"[65000.4,65000.5,65000.600000000006,65000.700000000004,65000.8,65000.9,65001.0,65001.100000000006,65001.200000000004,65001.3]",65000.4,"[0.001,0.002,0.003,0.004,0.005,0.006,0.007,0.008,0.009000000000000001,0.01]",0.001,"[65000.200000000004,65000.100000000006,65000.0,64999.9,64999.8,64999.700000000004,64999.600000000006,64999.5,64999.4,64999.3]",65000.200000000004,"[0.001,0.002,0.003,0.004,0.005,0.006,0.007,0.008,0.009000000000000001,0.01]",0.001,3330,mock,InstrumentType.Spot,614675120,mock,BTC-USDT
2199944884,0,0,1783610796931328143,101,depth,"[65000.409999999996,65000.509999999995,65000.61,65000.71,65000.81,65000.909999999996,65001.009999999995,65001.11,65001.21,65001.31]",65000.409999999996,"[0.001,0.002,0.003,0.004,0.005,0.006,0.007,0.008,0.009000000000000001,0.01]",0.001,"[65000.21,65000.11,65000.009999999995,64999.909999999996,64999.81,64999.71,64999.61,64999.509999999995,64999.409999999996,64999.31]",65000.21,"[0.001,0.002,0.003,0.004,0.005,0.006,0.007,0.008,0.009000000000000001,0.01]",0.001,3331,mock,InstrumentType.Spot,614675680,mock,BTC-USDT
2199944884,0,0,1783610796931637539,101,depth,"[65000.42,65000.52,65000.62,65000.72,65000.82,65000.92,65001.02,65001.12,65001.22,65001.32]",65000.42,"[0.001,0.002,0.003,0.004,0.005,0.006,0.007,0.008,0.009000000000000001,0.01]",0.001,"[65000.22,65000.12,65000.02,64999.92,64999.82,64999.72,64999.62,64999.52,64999.42,64999.32]",65000.22,"[0.001,0.002,0.003,0.004,0.005,0.006,0.007,0.008,0.009000000000000001,0.01]",0.001,3332,mock,InstrumentType.Spot,614676240,mock,BTC-USDT
2199944884,0,0,1783610796931928054,101,depth,"[65000.43,65000.53,65000.630000000005,65000.73,65000.83,65000.93,65001.03,65001.130000000005,65001.23,65001.33]",65000.43,"[0.001,0.002,0.003,0.004,0.005,0.006,0.007,0.008,0.009000000000000001,0.01]",0.001,"[65000.23,65000.130000000005,65000.03,64999.93,64999.83,64999.73,64999.630000000005,64999.53,64999.43,64999.33]",65000.23,"[0.001,0.002,0.003,0.004,0.005,0.006,0.007,0.008,0.009000000000000001,0.01]",0.001,3333,mock,InstrumentType.Spot,614676800,mock,BTC-USDT
2199944884,0,0,1783610796932227889,101,depth,"[65000.439999999995,65000.53999999999,65000.64,65000.74,65000.84,65000.939999999995,65001.03999999999,65001.14,65001.24,65001.34]",65000.439999999995,"[0.001,0.002,0.003,0.004,0.005,0.006,0.007,0.008,0.009000000000000001,0.01]",0.001,"[65000.24,65000.14,65000.03999999999,64999.939999999995,64999.84,64999.74,64999.64,64999.53999999999,64999.439999999995,64999.34]",65000.24,"[0.001,0.002,0.003,0.004,0.005,0.006,0.007,0.008,0.009000000000000001,0.01]",0.001,3334,mock,InstrumentType.Spot,614677360,mock,BTC-USDT
2199944884,0,0,1783610796932528032,101,depth,"[65000.45,65000.549999999996,65000.65,65000.75,65000.85,65000.95,65001.049999999996,65001.15,65001.25,65001.35]",65000.45,"[0.001,0.002,0.003,0.004,0.005,0.006,0.007,0.008,0.009000000000000001,0.01]",0.001,"[65000.25,65000.15,65000.049999999996,64999.95,64999.85,64999.75,64999.65,64999.549999999996,64999.45,64999.35]",65000.25,"[0.001,0.002,0.003,0.004,0.005,0.006,0.007,0.008,0.009000000000000001,0.01]",0.001,3335,mock,InstrumentType.Spot,614677920,mock,BTC-USDT
2199944884,0,0,1783610796932828050,101,depth,"[65000.46,65000.56,65000.66,65000.76,65000.86,65000.96,65001.06,65001.16,65001.26,65001.36]",65000.46,"[0.001,0.002,0.003,0.004,0.005,0.006,0.007,0.008,0.009000000000000001,0.01]",0.001,"[65000.26,65000.16,65000.06,64999.96,64999.86,64999.76,64999.66,64999.56,64999.46,64999.36]",65000.26,"[0.001,0.002,0.003,0.004,0.005,0.006,0.007,0.008,0.009000000000000001,0.01]",0.001,3336,mock,InstrumentType.Spot,614678480,mock,BTC-USDT
2199944884,0,0,1783610796933130043,101,depth,"[65000.47,65000.57,65000.670000000006,65000.770000000004,65000.87,65000.97,65001.07,65001.170000000006,65001.270000000004,65001.37]",65000.47,"[0.001,0.002,0.003,0.004,0.005,0.006,0.007,0.008,0.009000000000000001,0.01]",0.001,"[65000.270000000004,65000.170000000006,65000.07,64999.97,64999.87,64999.770000000004,64999.670000000006,64999.57,64999.47,64999.37]",65000.270000000004,"[0.001,0.002,0.003,0.004,0.005,0.006,0.007,0.008,0.009000000000000001,0.01]",0.001,3337,mock,InstrumentType.Spot,614679040,mock,BTC-USDT
2199944884,0,0,1783610796933428054,101,depth,"[65000.479999999996,65000.579999999994,65000.68,65000.78,65000.88,65000.979999999996,65001.079999999994,65001.18,65001.28,65001.38]",65000.479999999996,"[0.001,0.002,0.003,0.004,0.005,0.006,0.007,0.008,0.009000000000000001,0.01]",0.001,"[65000.28,65000.18,65000.079999999994,64999.979999999996,64999.88,64999.78,64999.68,64999.579999999994,64999.479999999996,64999.38]",65000.28,"[0.001,0.002,0.003,0.004,0.005,0.006,0.007,0.008,0.009000000000000001,0.01]",0.001,3338,mock,InstrumentType.Spot,614679600,mock,BTC-USDT
2199944884,0,0,1783610796933727842,101,depth,"[65000.49,65000.59,65000.69,65000.79,65000.89,65000.99,65001.09,65001.19,65001.29,65001.39]",65000.49,"[0.001,0.002,0.003,0.004,0.005,0.006,0.007,0.008,0.009000000000000001,0.01]",0.001,"[65000.29,65000.19,65000.09,64999.99,64999.89,64999.79,64999.69,64999.59,64999.49,64999.39]",65000.29,"[0.001,0.002,0.003,0.004,0.005,0.006,0.007,0.008,0.009000000000000001,0.01]",0.001,3339,mock,InstrumentType.Spot,614680160,mock,BTC-USDT
2199944884,0,0,1783610796934027974,101,depth,"[65000.5,65000.6,65000.700000000004,65000.8,65000.9,65001.0,65001.1,65001.200000000004,65001.3,65001.4]",65000.5,"[0.001,0.002,0.003,0.004,0.005,0.006,0.007,0.008,0.009000000000000001,0.01]",0.001,"[65000.3,65000.200000000004,65000.1,65000.0,64999.9,64999.8,64999.700000000004,64999.6,64999.5,64999.4]",65000.3,"[0.001,0.002,0.003,0.004,0.005,0.006,0.007,0.008,0.009000000000000001,0.01]",0.001,3340,mock,InstrumentType.Spot,614680720,mock,BTC-USDT
2199944884,0,0,1783610796934327957,101,depth,"[65000.51,65000.61,65000.71000000001,65000.810000000005,65000.91,65001.01,65001.11,65001.21000000001,65001.310000000005,65001.41]",65000.51,"[0.001,0.002,0.003,0.004,0.005,0.006,0.007,0.008,0.009000000000000001,0.01]",0.001,"[65000.310000000005,65000.21000000001,65000.11,65000.01,64999.91,64999.810000000005,64999.71000000001,64999.61,64999.51,64999.41]",65000.310000000005,"[0.001,0.002,0.003,0.004,0.005,0.006,0.007,0.008,0.009000000000000001,0.01]",0.001,3341,mock,InstrumentType.Spot,614681280,mock,BTC-USDT
2199944884,0,0,1783610796934635862,101,depth,"[65000.52,65000.619999999995,65000.72,65000.82,65000.92,65001.02,65001.119999999995,65001.22,65001.32,65001.42]",65000.52,"[0.001,0.002,0.003,0.004,0.005,0.006,0.007,0.008,0.009000000000000001,0.01]",0.001,"[65000.32,65000.22,65000.119999999995,65000.02,64999.92,64999.82,64999.72,64999.619999999995,64999.52,64999.42]",65000.32,"[0.001,0.002,0.003,0.004,0.005,0.006,0.007,0.008,0.009000000000000001,0.01]",0.001,3342,mock,InstrumentType.Spot,614681840,mock,BTC-USDT
2199944884,0,0,1783610796934928061,101,depth,"[65000.53,65000.63,65000.73,65000.83,65000.93,65001.03,65001.13,65001.23,65001.33,65001.43]",65000.53,"[0.001,0.002,0.003,0.004,0.005,0.006,0.007,0.008,0.009000000000000001,0.01]",0.001,"[65000.33,65000.23,65000.13,65000.03,64999.93,64999.83,64999.73,64999.63,64999.53,64999.43]",65000.33,"[0.001,0.002,0.003,0.004,0.005,0.006,0.007,0.008,0.009000000000000001,0.01]",0.001,3343,mock,InstrumentType.Spot,614682400,mock,BTC-USDT
2199944884,0,0,1783610796935228589,101,depth,"[65000.54,65000.64,65000.740000000005,65000.840000000004,65000.94,65001.04,65001.14,65001.240000000005,65001.340000000004,65001.44]",65000.54,"[0.001,0.002,0.003,0.004,0.005,0.006,0.007,0.008,0.009000000000000001,0.01]",0.001,"[65000.340000000004,65000.240000000005,65000.14,65000.04,64999.94,64999.840000000004,64999.740000000005,64999.64,64999.54,64999.44]",65000.340000000004,"[0.001,0.002,0.003,0.004,0.005,0.006,0.007,0.008,0.009000000000000001,0.01]",0.001,3344,mock,InstrumentType.Spot,614682960,mock,BTC-USDT
2199944884,0,0,1783610796935529655,101,depth,"[65000.549999999996,65000.649999999994,65000.75,65000.85,65000.95,65001.049999999996,65001.149999999994,65001.25,65001.35,65001.45]",65000.549999999996,"[0.001,0.002,0.003,0.004,0.005,0.006,0.007,0.008,0.009000000000000001,0.01]",0.001,"[65000.35,65000.25,65000.149999999994,65000.049999999996,64999.95,64999.85,64999.75,64999.649999999994,64999.549999999996,64999.45]",65000.35,"[0.001,0.002,0.003,0.004,0.005,0.006,0.007,0.008,0.009000000000000001,0.01]",0.001,3345,mock,InstrumentType.Spot,614683520,mock,BTC-USDT
2199944884,0,0,1783610796935828341,101,depth,"[65000.56,65000.659999999996,65000.76,65000.86,65000.96,65001.06,65001.159999999996,65001.26,65001.36,65001.46]",65000.56,"[0.001,0.002,0.003,0.004,0.005,0.006,0.007,0.008,0.009000000000000001,0.01]",0.001,"[65000.36,65000.26,65000.159999999996,65000.06,64999.96,64999.86,64999.76,64999.659999999996,64999.56,64999.46]",65000.36,"[0.001,0.002,0.003,0.004,0.005,0.006,0.007,0.008,0.009000000000000001,0.01]",0.001,3346,mock,InstrumentType.Spot,614684080,mock,BTC-USDT
2199944884,0,0,1783610796936128120,101,depth,"[65000.57,65000.67,65000.770000000004,65000.87,65000.97,65001.07,65001.17,65001.270000000004,65001.37,65001.47]",65000.57,"[0.001,0.002,0.003,0.004,0.005,0.006,0.007,0.008,0.009000000000000001,0.01]",0.001,"[65000.37,65000.270000000004,65000.17,65000.07,64999.97,64999.87,64999.770000000004,64999.67,64999.57,64999.47]",65000.37,"[0.001,0.002,0.003,0.004,0.005,0.006,0.007,0.008,0.009000000000000001,0.01]",0.001,3347,mock,InstrumentType.Spot,614684640,mock,BTC-USDT
2199944884,0,0,1783610796936427899,101,depth,"[65000.58,65000.68,65000.780000000006,65000.880000000005,65000.98,65001.08,65001.18,65001.280000000006,65001.380000000005,65001.48]",65000.58,"[0.001,0.002,0.003,0.004,0.005,0.006,0.007,0.008,0.009000000000000001,0.01]",0.001,"[65000.380000000005,65000.280000000006,65000.18,65000.08,64999.98,64999.880000000005,64999.780000000006,64999.68,64999.58,64999.48]",65000.380000000005,"[0.001,0.002,0.003,0.004,0.005,0.006,0.007,0.008,0.009000000000000001,0.01]",0.001,3348,mock,InstrumentType.Spot,614685200,mock,BTC-USDT
2199944884,0,0,1783610796936727827,101,depth,"[65000.59,65000.689999999995,65000.79,65000.89,65000.99,65001.09,65001.189999999995,65001.29,65001.39,65001.49]",65000.59,"[0.001,0.002,0.003,0.004,0.005,0.006,0.007,0.008,0.009000000000000001,0.01]",0.001,"[65000.39,65000.29,65000.189999999995,65000.09,64999.99,64999.89,64999.79,64999.689999999995,64999.59,64999.49]",65000.39,"[0.001,0.002,0.003,0.004,0.005,0.006,0.007,0.008,0.009000000000000001,0.01]",0.001,3349,mock,InstrumentType.Spot,614685760,mock,BTC-USDT
2199944884,0,0,1783610796937027935,101,depth,"[65000.6,65000.7,65000.8,65000.9,65001.0,65001.1,65001.2,65001.3,65001.4,65001.5]",65000.6,"[0.001,0.002,0.003,0.004,0.005,0.006,0.007,0.008,0.009000000000000001,0.01]",0.001,"[65000.4,65000.3,65000.2,65000.1,65000.0,64999.9,64999.8,64999.7,64999.6,64999.5]",65000.4,"[0.001,0.002,0.003,0.004,0.005,0.006,0.007,0.008,0.009000000000000001,0.01]",0.001,3350,mock,InstrumentType.Spot,614686320,mock,BTC-USDT
2199944884,0,0,1783610796937327940,101,depth,"[65000.61,65000.71,65000.810000000005,65000.91,65001.01,65001.11,65001.21,65001.310000000005,65001.41,65001.51]",65000.61,"[0.001,0.002,0.003,0.004,0.005,0.006,0.007,0.008,0.009000000000000001,0.01]",0.001,"[65000.41,65000.310000000005,65000.21,65000.11,65000.01,64999.91,64999.810000000005,64999.71,64999.61,64999.51]",65000.41,"[0.001,0.002,0.003,0.004,0.005,0.006,0.007,0.008,0.009000000000000001,0.01]",0.001,3351,mock,InstrumentType.Spot,614686880,mock,BTC-USDT
2199944884,0,0,1783610796937650465,101,depth,"[65000.619999999995,65000.719999999994,65000.82,65000.92,65001.02,65001.119999999995,65001.219999999994,65001.32,65001.42,65001.52]",65000.619999999995,"[0.001,0.002,0.003,0.004,0.005,0.006,0.007,0.008,0.009000000000000001,0.01]",0.001,"[65000.42,65000.32,65000.219999999994,65000.119999999995,65000.02,64999.92,64999.82,64999.719999999994,64999.619999999995,64999.52]",65000.42,"[0.001,0.002,0.003,0.004,0.005,0.006,0.007,0.008,0.009000000000000001,0.01]",0.001,3352,mock,InstrumentType.Spot,614687440,mock,BTC-USDT
2199944884,0,0,1783610796937930076,101,depth,"[65000.63,65000.729999999996,65000.83,65000.93,65001.03,65001.13,65001.229999999996,65001.33,65001.43,65001.53]",65000.63,"[0.001,0.002,0.003,0.004,0.005,0.006,0.007,0.008,0.009000000000000001,0.01]",0.001,"[65000.43,65000.33,65000.229999999996,65000.13,65000.03,64999.93,64999.83,64999.729999999996,64999.63,64999.53]",65000.43,"[0.001,0.002,0.003,0.004,0.005,0.006,0.007,0.008,0.009000000000000001,0.01]",0.001,3353,mock,InstrumentType.Spot,614688000,mock,BTC-USDT
2199944884,0,0,1783610796938228274,101,depth,"[65000.64,65000.74,65000.840000000004,65000.94,65001.04,65001.14,65001.24,65001.340000000004,65001.44,65001.54]",65000.64,"[0.001,0.002,0.003,0.004,0.005,0.006,0.007,0.008,0.009000000000000001,0.01]",0.001,"[65000.44,65000.340000000004,65000.24,65000.14,65000.04,64999.94,64999.840000000004,64999.74,64999.64,64999.54]",65000.44,"[0.001,0.002,0.003,0.004,0.005,0.006,0.007,0.008,0.009000000000000001,0.01]",0.001,3354,mock,InstrumentType.Spot,614688560,mock,BTC-USDT
2199944884,0,0,1783610796938528158,101,depth,"[65000.65,65000.75,65000.850000000006,65000.950000000004,65001.05,65001.15,65001.25,65001.350000000006,65001.450000000004,65001.55]",65000.65,"[0.001,0.002,0.003,0.004,0.005,0.006,0.007,0.008,0.009000000000000001,0.01]",0.001,"[65000.450000000004,65000.350000000006,65000.25,65000.15,65000.05,64999.950000000004,64999.850000000006,64999.75,64999.65,64999.55]",65000.450000000004,"[0.001,0.002,0.003,0.004,0.005,0.006,0.007,0.008,0.009000000000000001,0.01]",0.001,3355,mock,InstrumentType.Spot,614689120,mock,BTC-USDT
2199944884,0,0,1783610796938828084,101,depth,"[65000.659999999996,65000.759999999995,65000.86,65000.96,65001.06,65001.159999999996,65001.259999999995,65001.36,65001.46,65001.56]",65000.659999999996,"[0.001,0.002,0.003,0.004,0.005,0.006,0.007,0.008,0.009000000000000001,0.01]",0.001,"[65000.46,65000.36,65000.259999999995,65000.159999999996,65000.06,64999.96,64999.86,64999.759999999995,64999.659999999996,64999.56]",65000.46,"[0.001,0.002,0.003,0.004,0.005,0.006,0.007,0.008,0.009000000000000001,0.01]",0.001,3356,mock,InstrumentType.Spot,614689680,mock,BTC-USDT
2199944884,0,0,1783610796939127967,101,depth,"[65000.67,65000.77,65000.87,65000.97,65001.07,65001.17,65001.27,65001.37,65001.47,65001.57]",65000.67,"[0.001,0.002,0.003,0.004,0.005,0.006,0.007,0.008,0.009000000000000001,0.01]",0.001,"[65000.47,65000.37,65000.27,65000.17,65000.07,64999.97,64999.87,64999.77,64999.67,64999.57]",65000.47,"[0.001,0.002,0.003,0.004,0.005,0.006,0.007,0.008,0.009000000000000001,0.01]",0.001,3357,mock,InstrumentType.Spot,614690240,mock,BTC-USDT
2199944884,0,0,1783610796939427880,101,depth,"[65000.68,65000.78,65000.880000000005,65000.98,65001.08,65001.18,65001.28,65001.380000000005,65001.48,65001.58]",65000.68,"[0.001,0.002,0.003,0.004,0.005,0.006,0.007,0.008,0.009000000000000001,0.01]",0.001,"[65000.48,65000.380000000005,65000.28,65000.18,65000.08,64999.98,64999.880000000005,64999.78,64999.68,64999.58]",65000.48,"[0.001,0.002,0.003,0.004,0.005,0.006,0.007,0.008,0.009000000000000001,0.01]",0.001,3358,mock,InstrumentType.Spot,614690800,mock,BTC-USDT
2199944884,0,0,1783610796939728219,101,depth,"[65000.689999999995,65000.78999999999,65000.89,65000.99,65001.09,65001.189999999995,65001.28999999999,65001.39,65001.49,65001.59]",65000.689999999995,"[0.001,0.002,0.003,0.004,0.005,0.006,0.007,0.008,0.009000000000000001,0.01]",0.001,"[65000.49,65000.39,65000.28999999999,65000.189999999995,65000.09,64999.99,64999.89,64999.78999999999,64999.689999999995,64999.59]",65000.49,"[0.001,0.002,0.003,0.004,0.005,0.006,0.007,0.008,0.009000000000000001,0.01]",0.001,3359,mock,InstrumentType.Spot,614691360,mock,BTC-USDT
2199944884,0,0,1783610796940028155,101,depth,"[65000.7,65000.799999999996,65000.9,65001.0,65001.1,65001.2,65001.299999999996,65001.4,65001.5,65001.6]",65000.7,"[0.001,0.002,0.003,0.004,0.005,0.006,0.007,0.008,0.009000000000000001,0.01]",0.001,"[65000.5,65000.4,65000.299999999996,65000.2,65000.1,65000.0,64999.9,64999.799999999996,64999.7,64999.6]",65000.5,"[0.001,0.002,0.003,0.004,0.005,0.006,0.007,0.008,0.009000000000000001,0.01]",0.001,3360,mock,InstrumentType.Spot,614691920,mock,BTC-USDT
2199944884,0,0,1783610796940406292,101,depth,"[65000.71,65000.81,65000.91,65001.01,65001.11,65001.21,65001.31,65001.41,65001.51,65001.61]",65000.71,"[0.001,0.002,0.003,0.004,0.005,0.006,0.007,0.008,0.009000000000000001,0.01]",0.001,"[65000.51,65000.41,65000.31,65000.21,65000.11,65000.01,64999.91,64999.81,64999.71,64999.61]",65000.51,"[0.001,0.002,0.003,0.004,0.005,0.006,0.007,0.008,0.009000000000000001,0.01]",0.001,3361,mock,InstrumentType.Spot,614692480,mock,BTC-USDT
2199944884,0,0,1783610796940628713,101,depth,"[65000.72,65000.82,65000.920000000006,65001.020000000004,65001.12,65001.22,65001.32,65001.420000000006,65001.520000000004,65001.62]",65000.72,"[0.001,0.002,0.003,0.004,0.005,0.006,0.007,0.008,0.009000000000000001,0.01]",0.001,"[65000.520000000004,65000.420000000006,65000.32,65000.22,65000.12,65000.020000000004,64999.920000000006,64999.82,64999.72,64999.62]",65000.520000000004,"[0.001,0.002,0.003,0.004,0.005,0.006,0.007,0.008,0.009000000000000001,0.01]",0.001,3362,mock,InstrumentType.Spot,614693040,mock,BTC-USDT
2199944884,0,0,1783610796940930096,101,depth,"[65000.729999999996,65000.829999999994,65000.93,65001.03,65001.13,65001.229999999996,65001.329999999994,65001.43,65001.53,65001.63]",65000.729999999996,"[0.001,0.002,0.003,0.004,0.005,0.006,0.007,0.008,0.009000000000000001,0.01]",0.001,"[65000.53,65000.43,65000.329999999994,65000.229999999996,65000.13,65000.03,64999.93,64999.829999999994,64999.729999999996,64999.63]",65000.53,"[0.001,0.002,0.003,0.004,0.005,0.006,0.007,0.008,0.009000000000000001,0.01]",0.001,3363,mock,InstrumentType.Spot,614693600,mock,BTC-USDT
2199944884,0,0,1783610796941228963,101,depth,"[65000.74,65000.84,65000.94,65001.04,65001.14,65001.24,65001.34,65001.44,65001.54,65001.64]",65000.74,"[0.001,0.002,0.003,0.004,0.005,0.006,0.007,0.008,0.009000000000000001,0.01]",0.001,"[65000.54,65000.44,65000.34,65000.24,65000.14,65000.04,64999.94,64999.84,64999.74,64999.64]",65000.54,"[0.001,0.002,0.003,0.004,0.005,0.006,0.007,0.008,0.009000000000000001,0.01]",0.001,3364,mock,InstrumentType.Spot,614694160,mock,BTC-USDT
2199944884,0,0,1783610796941528612,101,depth,"[65000.75,65000.85,65000.950000000004,65001.05,65001.15,65001.25,65001.35,65001.450000000004,65001.55,65001.65]",65000.75,"[0.001,0.002,0.003,0.004,0.005,0.006,0.007,0.008,0.009000000000000001,0.01]",0.001,"[65000.55,65000.450000000004,65000.35,65000.25,65000.15,65000.05,64999.950000000004,64999.85,64999.75,64999.65]",65000.55,"[0.001,0.002,0.003,0.004,0.005,0.006,0.007,0.008,0.009000000000000001,0.01]",0.001,3365,mock,InstrumentType.Spot,614694720,mock,BTC-USDT
2199944884,0,0,1783610796941828496,101,depth,"[65000.76,65000.86,65000.96000000001,65001.060000000005,65001.16,65001.26,65001.36,65001.46000000001,65001.560000000005,65001.66]",65000.76,"[0.001,0.002,0.003,0.004,0.005,0.006,0.007,0.008,0.009000000000000001,0.01]",0.001,"[65000.560000000005,65000.46000000001,65000.36,65000.26,65000.16,65000.060000000005,64999.96000000001,64999.86,64999.76,64999.66]",65000.560000000005,"[0.001,0.002,0.003,0.004,0.005,0.006,0.007,0.008,0.009000000000000001,0.01]",0.001,3366,mock,InstrumentType.Spot,614695280,mock,BTC-USDT
2199944884,0,0,1783610796942128181,101,depth,"[65000.77,65000.869999999995,65000.97,65001.07,65001.17,65001.27,65001.369999999995,65001.47,65001.57,65001.67]",65000.77,"[0.001,0.002,0.003,0.004,0.005,0.006,0.007,0.008,0.009000000000000001,0.01]",0.001,"[65000.57,65000.47,65000.369999999995,65000.27,65000.17,65000.07,64999.97,64999.869999999995,64999.77,64999.67]",65000.57,"[0.001,0.002,0.003,0.004,0.005,0.006,0.007,0.008,0.009000000000000001,0.01]",0.001,3367,mock,InstrumentType.Spot,614695840,mock,BTC-USDT
2199944884,0,0,1783610796942428119,101,depth,"[65000.78,65000.88,65000.98,65001.08,65001.18,65001.28,65001.38,65001.48,65001.58,65001.68]",65000.78,"[0.001,0.002,0.003,0.004,0.005,0.006,0.007,0.008,0.009000000000000001,0.01]",0.001,"[65000.58,65000.48,65000.38,65000.28,65000.18,65000.08,64999.98,64999.88,64999.78,64999.68]",65000.58,"[0.001,0.002,0.003,0.004,0.005,0.006,0.007,0.008,0.009000000000000001,0.01]",0.001,3368,mock,InstrumentType.Spot,614696400,mock,BTC-USDT
2199944884,0,0,1783610796942729975,101,depth,"[65000.79,65000.89,65000.990000000005,65001.090000000004,65001.19,65001.29,65001.39,65001.490000000005,65001.590000000004,65001.69]",65000.79,"[0.001,0.002,0.003,0.004,0.005,0.006,0.007,0.008,0.009000000000000001,0.01]",0.001,"[65000.590000000004,65000.490000000005,65000.39,65000.29,65000.19,65000.090000000004,64999.990000000005,64999.89,64999.79,64999.69]",65000.590000000004,"[0.001,0.002,0.003,0.004,0.005,0.006,0.007,0.008,0.009000000000000001,0.01]",0.001,3369,mock,InstrumentType.Spot,614696960,mock,BTC-USDT
2199944884,0,0,1783610796943029156,101,depth,"[65000.799999999996,65000.899999999994,65001.0,65001.1,65001.2,65001.299999999996,65001.399999999994,65001.5,65001.6,65001.7]",65000.799999999996,"[0.001,0.002,0.003,0.004,0.005,0.006,0.007,0.008,0.009000000000000001,0.01]",0.001,"[65000.6,65000.5,65000.399999999994,65000.299999999996,65000.2,65000.1,65000.0,64999.899999999994,64999.799999999996,64999.7]",65000.6,"[0.001,0.002,0.003,0.004,0.005,0.006,0.007,0.008,0.009000000000000001,0.01]",0.001,3370,mock,InstrumentType.Spot,614697520,mock,BTC-USDT
2199944884,0,0,1783610796943341641,101,depth,"[65000.81,65000.909999999996,65001.01,65001.11,65001.21,65001.31,65001.409999999996,65001.51,65001.61,65001.71]",65000.81,"[0.001,0.002,0.003,0.004,0.005,0.006,0.007,0.008,0.009000000000000001,0.01]",0.001,"[65000.61,65000.51,65000.409999999996,65000.31,65000.21,65000.11,65000.01,64999.909999999996,64999.81,64999.71]",65000.61,"[0.001,0.002,0.003,0.004,0.005,0.006,0.007,0.008,0.009000000000000001,0.01]",0.001,3371,mock,InstrumentType.Spot,614698080,mock,BTC-USDT
2199944884,0,0,1783610796943628708,101,depth,"[65000.82,65000.92,65001.020000000004,65001.12,65001.22,65001.32,65001.42,65001.520000000004,65001.62,65001.72]",65000.82,"[0.001,0.002,0.003,0.004,0.005,0.006,0.007,0.008,0.009000000000000001,0.01]",0.001,"[65000.62,65000.520000000004,65000.42,65000.32,65000.22,65000.12,65000.020000000004,64999.92,64999.82,64999.72]",65000.62,"[0.001,0.002,0.003,0.004,0.005,0.006,0.007,0.008,0.009000000000000001,0.01]",0.001,3372,mock,InstrumentType.Spot,614698640,mock,BTC-USDT
2199944884,0,0,1783610796943928899,101,depth,"[65000.83,65000.93,65001.030000000006,65001.130000000005,65001.23,65001.33,65001.43,65001.530000000006,65001.630000000005,65001.73]",65000.83,"[0.001,0.002,0.003,0.004,0.005,0.006,0.007,0.008,0.009000000000000001,0.01]",0.001,"[65000.630000000005,65000.530000000006,65000.43,65000.33,65000.23,65000.130000000005,65000.030000000006,64999.93,64999.83,64999.73]",65000.630000000005,"[0.001,0.002,0.003,0.004,0.005,0.006,0.007,0.008,0.009000000000000001,0.01]",0.001,3373,mock,InstrumentType.Spot,614699200,mock,BTC-USDT
2199944884,0,0,1783610796944228937,101,depth,"[65000.84,65000.939999999995,65001.04,65001.14,65001.24,65001.34,65001.439999999995,65001.54,65001.64,65001.74]",65000.84,"[0.001,0.002,0.003,0.004,0.005,0.006,0.007,0.008,0.009000000000000001,0.01]",0.001,"[65000.64,65000.54,65000.439999999995,65000.34,65000.24,65000.14,65000.04,64999.939999999995,64999.84,64999.74]",65000.64,"[0.001,0.002,0.003,0.004,0.005,0.006,0.007,0.008,0.009000000000000001,0.01]",0.001,3374,mock,InstrumentType.Spot,614699760,mock,BTC-USDT
2199944884,0,0,1783610796944528993,101,depth,"[65000.85,65000.95,65001.05,65001.15,65001.25,65001.35,65001.45,65001.55,65001.65,65001.75]",65000.85,"[0.001,0.002,0.003,0.004,0.005,0.006,0.007,0.008,0.009000000000000001,0.01]",0.001,"[65000.65,65000.55,65000.45,65000.35,65000.25,65000.15,65000.05,64999.95,64999.85,64999.75]",65000.65,"[0.001,0.002,0.003,0.004,0.005,0.006,0.007,0.008,0.009000000000000001,0.01]",0.001,3375,mock,InstrumentType.Spot,614700320,mock,BTC-USDT
2199944884,0,0,1783610796944829301,101,depth,"[65000.86,65000.96,65001.060000000005,65001.16,65001.26,65001.36,65001.46,65001.560000000005,65001.66,65001.76]",65000.86,"[0.001,0.002,0.003,0.004,0.005,0.006,0.007,0.008,0.009000000000000001,0.01]",0.001,"[65000.66,65000.560000000005,65000.46,65000.36,65000.26,65000.16,65000.060000000005,64999.96,64999.86,64999.76]",65000.66,"[0.001,0.002,0.003,0.004,0.005,0.006,0.007,0.008,0.009000000000000001,0.01]",0.001,3376,mock,InstrumentType.Spot,614700880,mock,BTC-USDT
2199944884,0,0,1783610796945129180,101,depth,"[65000.869999999995,65000.969999999994,65001.07,65001.17,65001.27,65001.369999999995,65001.469999999994,65001.57,65001.67,65001.77]",65000.869999999995,"[0.001,0.002,0.003,0.004,0.005,0.006,0.007,0.008,0.009000000000000001,0.01]",0.001,"[65000.67,65000.57,65000.469999999994,65000.369999999995,65000.27,65000.17,65000.07,64999.969999999994,64999.869999999995,64999.77]",65000.67,"[0.001,0.002,0.003,0.004,0.005,0.006,0.007,0.008,0.009000000000000001,0.01]",0.001,3377,mock,InstrumentType.Spot,614701440,mock,BTC-USDT
2199944884,0,0,1783610796945430574,101,depth,"[65000.88,65000.979999999996,65001.08,65001.18,65001.28,65001.38,65001.479999999996,65001.58,65001.68,65001.78]",65000.88,"[0.001,0.002,0.003,0.004,0.005,0.006,0.007,0.008,0.009000000000000001,0.01]",0.001,"[65000.68,65000.58,65000.479999999996,65000.38,65000.28,65000.18,65000.08,64999.979999999996,64999.88,64999.78]",65000.68,"[0.001,0.002,0.003,0.004,0.005,0.006,0.007,0.008,0.009000000000000001,0.01]",0.001,3378,mock,InstrumentType.Spot,614702000,mock,BTC-USDT
2199944884,0,0,1783610796945729908,101,depth,"[65000.89,65000.99,65001.090000000004,65001.19,65001.29,65001.39,65001.49,65001.590000000004,65001.69,65001.79]",65000.89,"[0.001,0.002,0.003,0.004,0.005,0.006,0.007,0.008,0.009000000000000001,0.01]",0.001,"[65000.69,65000.590000000004,65000.49,65000.39,65000.29,65000.19,65000.090000000004,64999.99,64999.89,64999.79]",65000.69,"[0.001,0.002,0.003,0.004,0.005,0.006,0.007,0.008,0.009000000000000001,0.01]",0.001,3379,mock,InstrumentType.Spot,614702560,mock,BTC-USDT
2199944884,0,0,1783610796946049136,101,depth,"[65000.9,65001.0,65001.100000000006,65001.200000000004,65001.3,65001.4,65001.5,65001.600000000006,65001.700000000004,65001.8]",65000.9,"[0.001,0.002,0.003,0.004,0.005,0.006,0.007,0.008,0.009000000000000001,0.01]",0.001,"[65000.700000000004,65000.600000000006,65000.5,65000.4,65000.3,65000.200000000004,65000.100000000006,65000.0,64999.9,64999.8]",65000.700000000004,"[0.001,0.002,0.003,0.004,0.005,0.006,0.007,0.008,0.009000000000000001,0.01]",0.001,3380,mock,InstrumentType.Spot,614703120,mock,BTC-USDT
2199944884,0,0,1783610796946330914,101,depth,"[65000.909999999996,65001.009999999995,65001.11,65001.21,65001.31,65001.409999999996,65001.509999999995,65001.61,65001.71,65001.81]",65000.909999999996,"[0.001,0.002,0.003,0.004,0.005,0.006,0.007,0.008,0.009000000000000001,0.01]",0.001,"[65000.71,65000.61,65000.509999999995,65000.409999999996,65000.31,65000.21,65000.11,65000.009999999995,64999.909999999996,64999.81]",65000.71,"[0.001,0.002,0.003,0.004,0.005,0.006,0.007,0.008,0.009000000000000001,0.01]",0.001,3381,mock,InstrumentType.Spot,614703680,mock,BTC-USDT
2199944884,0,0,1783610796946629009,101,depth,"[65000.92,65001.02,65001.12,65001.22,65001.32,65001.42,65001.52,65001.62,65001.72,65001.82]",65000.92,"[0.001,0.002,0.003,0.004,0.005,0.006,0.007,0.008,0.009000000000000001,0.01]",0.001,"[65000.72,65000.62,65000.52,65000.42,65000.32,65000.22,65000.12,65000.02,64999.92,64999.82]",65000.72,"[0.001,0.002,0.003,0.004,0.005,0.006,0.007,0.008,0.009000000000000001,0.01]",0.001,3382,mock,InstrumentType.Spot,614704240,mock,BTC-USDT
2199944884,0,0,1783610796946928953,101,depth,"[65000.93,65001.03,65001.130000000005,65001.23,65001.33,65001.43,65001.53,65001.630000000005,65001.73,65001.83]",65000.93,"[0.001,0.002,0.003,0.004,0.005,0.006,0.007,0.008,0.009000000000000001,0.01]",0.001,"[65000.73,65000.630000000005,65000.53,65000.43,65000.33,65000.23,65000.130000000005,65000.03,64999.93,64999.83]",65000.73,"[0.001,0.002,0.003,0.004,0.005,0.006,0.007,0.008,0.009000000000000001,0.01]",0.001,3383,mock,InstrumentType.Spot,614704800,mock,BTC-USDT
2199944884,0,0,1783610796947228781,101,depth,"[65000.939999999995,65001.03999999999,65001.14,65001.24,65001.34,65001.439999999995,65001.53999999999,65001.64,65001.74,65001.84]",65000.939999999995,"[0.001,0.002,0.003,0.004,0.005,0.006,0.007,0.008,0.009000000000000001,0.01]",0.001,"[65000.74,65000.64,65000.53999999999,65000.439999999995,65000.34,65000.24,65000.14,65000.03999999999,64999.939999999995,64999.84]",65000.74,"[0.001,0.002,0.003,0.004,0.005,0.006,0.007,0.008,0.009000000000000001,0.01]",0.001,3384,mock,InstrumentType.Spot,614705360,mock,BTC-USDT
2199944884,0,0,1783610796947528651,101,depth,"[65000.95,65001.049999999996,65001.15,65001.25,65001.35,65001.45,65001.549999999996,65001.65,65001.75,65001.85]",65000.95,"[0.001,0.002,0.003,0.004,0.005,0.006,0.007,0.008,0.009000000000000001,0.01]",0.001,"[65000.75,65000.65,65000.549999999996,65000.45,65000.35,65000.25,65000.15,65000.049999999996,64999.95,64999.85]",65000.75,"[0.001,0.002,0.003,0.004,0.005,0.006,0.007,0.008,0.009000000000000001,0.01]",0.001,3385,mock,InstrumentType.Spot,614705920,mock,BTC-USDT
2199944884,0,0,1783610796947828278,101,depth,"[65000.96,65001.06,65001.16,65001.26,65001.36,65001.46,65001.56,65001.66,65001.76,65001.86]",65000.96,"[0.001,0.002,0.003,0.004,0.005,0.006,0.007,0.008,0.009000000000000001,0.01]",0.001,"[65000.76,65000.66,65000.56,65000.46,65000.36,65000.26,65000.16,65000.06,64999.96,64999.86]",65000.76,"[0.001,0.002,0.003,0.004,0.005,0.006,0.007,0.008,0.009000000000000001,0.01]",0.001,3386,mock,InstrumentType.Spot,614706480,mock,BTC-USDT
2199944884,0,0,1783610796948128427,101,depth,"[65000.97,65001.07,65001.170000000006,65001.270000000004,65001.37,65001.47,65001.57,65001.670000000006,65001.770000000004,65001.87]",65000.97,"[0.001,0.002,0.003,0.004,0.005,0.006,0.007,0.008,0.009000000000000001,0.01]",0.001,"[65000.770000000004,65000.670000000006,65000.57,65000.47,65000.37,65000.270000000004,65000.170000000006,65000.07,64999.97,64999.87]",65000.770000000004,"[0.001,0.002,0.003,0.004,0.005,0.006,0.007,0.008,0.009000000000000001,0.01]",0.001,3387,mock,InstrumentType.Spot,614707040,mock,BTC-USDT
2199944884,0,0,1783610796948428344,101,depth,"[65000.979999999996,65001.079999999994,65001.18,65001.28,65001.38,65001.479999999996,65001.579999999994,65001.68,65001.78,65001.88]",65000.979999999996,"[0.001,0.002,0.003,0.004,0.005,0.006,0.007,0.008,0.009000000000000001,0.01]",0.001,"[65000.78,65000.68,65000.579999999994,65000.479999999996,65000.38,65000.28,65000.18,65000.079999999994,64999.979999999996,64999.88]",65000.78,"[0.001,0.002,0.003,0.004,0.005,0.006,0.007,0.008,0.009000000000000001,0.01]",0.001,3388,mock,InstrumentType.Spot,614707600,mock,BTC-USDT
2199944884,0,0,1783610796948728376,101,depth,"[65000.99,65001.09,65001.19,65001.29,65001.39,65001.49,65001.59,65001.69,65001.79,65001.89]",65000.99,"[0.001,0.002,0.003,0.004,0.005,0.006,0.007,0.008,0.009000000000000001,0.01]",0.001,"[65000.79,65000.69,65000.59,65000.49,65000.39,65000.29,65000.19,65000.09,64999.99,64999.89]",65000.79,"[0.001,0.002,0.003,0.004,0.005,0.006,0.007,0.008,0.009000000000000001,0.01]",0.001,3389,mock,InstrumentType.Spot,614708160,mock,BTC-USDT
2199944884,0,0,1783610796949039251,101,depth,"[65001.0,65001.1,65001.200000000004,65001.3,65001.4,65001.5,65001.6,65001.700000000004,65001.8,65001.9]",65001.0,"[0.001,0.002,0.003,0.004,0.005,0.006,0.007,0.008,0.009000000000000001,0.01]",0.001,"[65000.8,65000.700000000004,65000.6,65000.5,65000.4,65000.3,65000.200000000004,65000.1,65000.0,64999.9]",65000.8,"[0.001,0.002,0.003,0.004,0.005,0.006,0.007,0.008,0.009000000000000001,0.01]",0.001,3390,mock,InstrumentType.Spot,614708720,mock,BTC-USDT
2199944884,0,0,1783610796949328324,101,depth,"[65001.01,65001.11,65001.21000000001,65001.310000000005,65001.41,65001.51,65001.61,65001.71000000001,65001.810000000005,65001.91]",65001.01,"[0.001,0.002,0.003,0.004,0.005,0.006,0.007,0.008,0.009000000000000001,0.01]",0.001,"[65000.810000000005,65000.71000000001,65000.61,65000.51,65000.41,65000.310000000005,65000.21000000001,65000.11,65000.01,64999.91]",65000.810000000005,"[0.001,0.002,0.003,0.004,0.005,0.006,0.007,0.008,0.009000000000000001,0.01]",0.001,3391,mock,InstrumentType.Spot,614709280,mock,BTC-USDT
2199944884,0,0,1783610796949628445,101,depth,"[65001.02,65001.119999999995,65001.22,65001.32,65001.42,65001.52,65001.619999999995,65001.72,65001.82,65001.92]",65001.02,"[0.001,0.002,0.003,0.004,0.005,0.006,0.007,0.008,0.009000000000000001,0.01]",0.001,"[65000.82,65000.72,65000.619999999995,65000.52,65000.42,65000.32,65000.22,65000.119999999995,65000.02,64999.92]",65000.82,"[0.001,0.002,0.003,0.004,0.005,0.006,0.007,0.008,0.009000000000000001,0.01]",0.001,3392,mock,InstrumentType.Spot,614709840,mock,BTC-USDT
2199944884,0,0,1783610796949928486,101,depth,"[65001.03,65001.13,65001.23,65001.33,65001.43,65001.53,65001.63,65001.73,65001.83,65001.93]",65001.03,"[0.001,0.002,0.003,0.004,0.005,0.006,0.007,0.008,0.009000000000000001,0.01]",0.001,"[65000.83,65000.73,65000.63,65000.53,65000.43,65000.33,65000.23,65000.13,65000.03,64999.93]",65000.83,"[0.001,0.002,0.003,0.004,0.005,0.006,0.007,0.008,0.009000000000000001,0.01]",0.001,3393,mock,InstrumentType.Spot,614710400,mock,BTC-USDT
2199944884,0,0,1783610796950228382,101,depth,"[65001.04,65001.14,65001.240000000005,65001.340000000004,65001.44,65001.54,65001.64,65001.740000000005,65001.840000000004,65001.94]",65001.04,"[0.001,0.002,0.003,0.004,0.005,0.006,0.007,0.008,0.009000000000000001,0.01]",0.001,"[65000.840000000004,65000.740000000005,65000.64,65000.54,65000.44,65000.340000000004,65000.240000000005,65000.14,65000.04,64999.94]",65000.840000000004,"[0.001,0.002,0.003,0.004,0.005,0.006,0.007,0.008,0.009000000000000001,0.01]",0.001,3394,mock,InstrumentType.Spot,614710960,mock,BTC-USDT
2199944884,0,0,1783610796950528488,101,depth,"[65001.049999999996,65001.149999999994,65001.25,65001.35,65001.45,65001.549999999996,65001.649999999994,65001.75,65001.85,65001.95]",65001.049999999996,"[0.001,0.002,0.003,0.004,0.005,0.006,0.007,0.008,0.009000000000000001,0.01]",0.001,"[65000.85,65000.75,65000.649999999994,65000.549999999996,65000.45,65000.35,65000.25,65000.149999999994,65000.049999999996,64999.95]",65000.85,"[0.001,0.002,0.003,0.004,0.005,0.006,0.007,0.008,0.009000000000000001,0.01]",0.001,3395,mock,InstrumentType.Spot,614711520,mock,BTC-USDT
2199944884,0,0,1783610796950828667,101,depth,"[65001.06,65001.159999999996,65001.26,65001.36,65001.46,65001.56,65001.659999999996,65001.76,65001.86,65001.96]",65001.06,"[0.001,0.002,0.003,0.004,0.005,0.006,0.007,0.008,0.009000000000000001,0.01]",0.001,"[65000.86,65000.76,65000.659999999996,65000.56,65000.46,65000.36,65000.26,65000.159999999996,65000.06,64999.96]",65000.86,"[0.001,0.002,0.003,0.004,0.005,0.006,0.007,0.008,0.009000000000000001,0.01]",0.001,3396,mock,InstrumentType.Spot,614712080,mock,BTC-USDT
2199944884,0,0,1783610796951128790,101,depth,"[65001.07,65001.17,65001.270000000004,65001.37,65001.47,65001.57,65001.67,65001.770000000004,65001.87,65001.97]",65001.07,"[0.001,0.002,0.003,0.004,0.005,0.006,0.007,0.008,0.009000000000000001,0.01]",0.001,"[65000.87,65000.770000000004,65000.67,65000.57,65000.47,65000.37,65000.270000000004,65000.17,65000.07,64999.97]",65000.87,"[0.001,0.002,0.003,0.004,0.005,0.006,0.007,0.008,0.009000000000000001,0.01]",0.001,3397,mock,InstrumentType.Spot,614712640,mock,BTC-USDT
2199944884,0,0,1783610796951428656,101,depth,"[65001.08,65001.18,65001.280000000006,65001.380000000005,65001.48,65001.58,65001.68,65001.780000000006,65001.880000000005,65001.98]",65001.08,"[0.001,0.002,0.003,0.004,0.005,0.006,0.007,0.008,0.009000000000000001,0.01]",0.001,"[65000.880000000005,65000.780000000006,65000.68,65000.58,65000.48,65000.380000000005,65000.280000000006,65000.18,65000.08,64999.98]",65000.880000000005,"[0.001,0.002,0.003,0.004,0.005,0.006,0.007,0.008,0.009000000000000001,0.01]",0.001,3398,mock,InstrumentType.Spot,614713200,mock,BTC-USDT
2199944884,0,0,1783610796951735972,101,depth,"[65001.09,65001.189999999995,65001.29,65001.39,65001.49,65001.59,65001.689999999995,65001.79,65001.89,65001.99]",65001.09,"[0.001,0.002,0.003,0.004,0.005,0.006,0.007,0.008,0.009000000000000001,0.01]",0.001,"[65000.89,65000.79,65000.689999999995,65000.59,65000.49,65000.39,65000.29,65000.189999999995,65000.09,64999.99]",65000.89,"[0.001,0.002,0.003,0.004,0.005,0.006,0.007,0.008,0.009000000000000001,0.01]",0.001,3399,mock,InstrumentType.Spot,614713760,mock,BTC-USDT
2199944884,0,0,1783610796952029098,101,depth,"[65000.1,65000.2,65000.3,65000.4,65000.5,65000.6,65000.7,65000.8,65000.9,65001.0]",65000.1,"[0.001,0.002,0.003,0.004,0.005,0.006,0.007,0.008,0.009000000000000001,0.01]",0.001,"[64999.9,64999.8,64999.7,64999.6,64999.5,64999.4,64999.3,64999.2,64999.1,64999.0]",64999.9,"[0.001,0.002,0.003,0.004,0.005,0.006,0.007,0.008,0.009000000000000001,0.01]",0.001,3400,mock,InstrumentType.Spot,614714320,mock,BTC-USDT
2199944884,0,0,1783610796952328849,101,depth,"[65000.11,65000.21,65000.310000000005,65000.41,65000.51,65000.61,65000.71,65000.810000000005,65000.91,65001.01]",65000.11,"[0.001,0.002,0.003,0.004,0.005,0.006,0.007,0.008,0.009000000000000001,0.01]",0.001,"[64999.91,64999.810000000005,64999.71,64999.61,64999.51,64999.41,64999.310000000005,64999.21,64999.11,64999.01]",64999.91,"[0.001,0.002,0.003,0.004,0.005,0.006,0.007,0.008,0.009000000000000001,0.01]",0.001,3401,mock,InstrumentType.Spot,614714880,mock,BTC-USDT
2199944884,0,0,1783610796952628715,101,depth,"[65000.119999999995,65000.219999999994,65000.32,65000.42,65000.52,65000.619999999995,65000.719999999994,65000.82,65000.92,65001.02]",65000.119999999995,"[0.001,0.002,0.003,0.004,0.005,0.006,0.007,0.008,0.009000000000000001,0.01]",0.001,"[64999.92,64999.82,64999.719999999994,64999.619999999995,64999.52,64999.42,64999.32,64999.219999999994,64999.119999999995,64999.02]",64999.92,"[0.001,0.002,0.003,0.004,0.005,0.006,0.007,0.008,0.009000000000000001,0.01]",0.001,3402,mock,InstrumentType.Spot,614715440,mock,BTC-USDT
2199944884,0,0,1783610796952928373,101,depth,"[65000.13,65000.229999999996,65000.33,65000.43,65000.53,65000.63,65000.729999999996,65000.83,65000.93,65001.03]",65000.13,"[0.001,0.002,0.003,0.004,0.005,0.006,0.007,0.008,0.009000000000000001,0.01]",0.001,"[64999.93,64999.83,64999.729999999996,64999.63,64999.53,64999.43,64999.33,64999.229999999996,64999.13,64999.03]",64999.93,"[0.001,0.002,0.003,0.004,0.005,0.006,0.007,0.008,0.009000000000000001,0.01]",0.001,3403,mock,InstrumentType.Spot,614716000,mock,BTC-USDT
2199944884,0,0,1783610796953231153,101,depth,"[65000.14,65000.24,65000.340000000004,65000.44,65000.54,65000.64,65000.74,65000.840000000004,65000.94,65001.04]",65000.14,"[0.001,0.002,0.003,0.004,0.005,0.006,0.007,0.008,0.009000000000000001,0.01]",0.001,"[64999.94,64999.840000000004,64999.74,64999.64,64999.54,64999.44,64999.340000000004,64999.24,64999.14,64999.04]",64999.94,"[0.001,0.002,0.003,0.004,0.005,0.006,0.007,0.008,0.009000000000000001,0.01]",0.001,3404,mock,InstrumentType.Spot,614716560,mock,BTC-USDT
2199944884,0,0,1783610796953529689,101,depth,"[65000.15,65000.25,65000.350000000006,65000.450000000004,65000.55,65000.65,65000.75,65000.850000000006,65000.950000000004,65001.05]",65000.15,"[0.001,0.002,0.003,0.004,0.005,0.006,0.007,0.008,0.009000000000000001,0.01]",0.001,"[64999.950000000004,64999.850000000006,64999.75,64999.65,64999.55,64999.450000000004,64999.350000000006,64999.25,64999.15,64999.05]",64999.950000000004,"[0.001,0.002,0.003,0.004,0.005,0.006,0.007,0.008,0.009000000000000001,0.01]",0.001,3405,mock,InstrumentType.Spot,614717120,mock,BTC-USDT
2199944884,0,0,1783610796953833691,101,depth,"[65000.159999999996,65000.259999999995,65000.36,65000.46,65000.56,65000.659999999996,65000.759999999995,65000.86,65000.96,65001.06]",65000.159999999996,"[0.001,0.002,0.003,0.004,0.005,0.006,0.007,0.008,0.009000000000000001,0.01]",0.001,"[64999.96,64999.86,64999.759999999995,64999.659999999996,64999.56,64999.46,64999.36,64999.259999999995,64999.159999999996,64999.06]",64999.96,"[0.001,0.002,0.003,0.004,0.005,0.006,0.007,0.008,0.009000000000000001,0.01]",0.001,3406,mock,InstrumentType.Spot,614717680,mock,BTC-USDT
2199944884,0,0,1783610796954129203,101,depth,"[65000.17,65000.27,65000.37,65000.47,65000.57,65000.67,65000.77,65000.87,65000.97,65001.07]",65000.17,"[0.001,0.002,0.003,0.004,0.005,0.006,0.007,0.008,0.009000000000000001,0.01]",0.001,"[64999.97,64999.87,64999.77,64999.67,64999.57,64999.47,64999.37,64999.27,64999.17,64999.07]",64999.97,"[0.001,0.002,0.003,0.004,0.005,0.006,0.007,0.008,0.009000000000000001,0.01]",0.001,3407,mock,InstrumentType.Spot,614718240,mock,BTC-USDT
2199944884,0,0,1783610796954428302,101,depth,"[65000.18,65000.28,65000.380000000005,65000.48,65000.58,65000.68,65000.78,65000.880000000005,65000.98,65001.08]",65000.18,"[0.001,0.002,0.003,0.004,0.005,0.006,0.007,0.008,0.009000000000000001,0.01]",0.001,"[64999.98,64999.880000000005,64999.78,64999.68,64999.58,64999.48,64999.380000000005,64999.28,64999.18,64999.08]",64999.98,"[0.001,0.002,0.003,0.004,0.005,0.006,0.007,0.008,0.009000000000000001,0.01]",0.001,3408,mock,InstrumentType.Spot,614718800,mock,BTC-USDT
2199944884,0,0,1783610796954743411,101,depth,"[65000.189999999995,65000.28999999999,65000.39,65000.49,65000.59,65000.689999999995,65000.78999999999,65000.89,65000.99,65001.09]",65000.189999999995,"[0.001,0.002,0.003,0.004,0.005,0.006,0.007,0.008,0.009000000000000001,0.01]",0.001,"[64999.99,64999.89,64999.78999999999,64999.689999999995,64999.59,64999.49,64999.39,64999.28999999999,64999.189999999995,64999.09]",64999.99,"[0.001,0.002,0.003,0.004,0.005,0.006,0.007,0.008,0.009000000000000001,0.01]",0.001,3409,mock,InstrumentType.Spot,614719360,mock,BTC-USDT
2199944884,0,0,1783610796955028155,101,depth,"[65000.2,65000.299999999996,65000.4,65000.5,65000.6,65000.7,65000.799999999996,65000.9,65001.0,65001.1]",65000.2,"[0.001,0.002,0.003,0.004,0.005,0.006,0.007,0.008,0.009000000000000001,0.01]",0.001,"[65000.0,64999.9,64999.799999999996,64999.7,64999.6,64999.5,64999.4,64999.299999999996,64999.2,64999.1]",65000.0,"[0.001,0.002,0.003,0.004,0.005,0.006,0.007,0.008,0.009000000000000001,0.01]",0.001,3410,mock,InstrumentType.Spot,614719920,mock,BTC-USDT
2199944884,0,0,1783610796955328036,101,depth,"[65000.21,65000.31,65000.41,65000.51,65000.61,65000.71,65000.81,65000.91,65001.01,65001.11]",65000.21,"[0.001,0.002,0.003,0.004,0.005,0.006,0.007,0.008,0.009000000000000001,0.01]",0.001,"[65000.01,64999.91,64999.81,64999.71,64999.61,64999.51,64999.41,64999.31,64999.21,64999.11]",65000.01,"[0.001,0.002,0.003,0.004,0.005,0.006,0.007,0.008,0.009000000000000001,0.01]",0.001,3411,mock,InstrumentType.Spot,614720480,mock,BTC-USDT
2199944884,0,0,1783610796955627997,101,depth,"[65000.22,65000.32,65000.420000000006,65000.520000000004,65000.62,65000.72,65000.82,65000.920000000006,65001.020000000004,65001.12]",65000.22,"[0.001,0.002,0.003,0.004,0.005,0.006,0.007,0.008,0.009000000000000001,0.01]",0.001,"[65000.020000000004,64999.920000000006,64999.82,64999.72,64999.62,64999.520000000004,64999.420000000006,64999.32,64999.22,64999.12]",65000.020000000004,"[0.001,0.002,0.003,0.004,0.005,0.006,0.007,0.008,0.009000000000000001,0.01]",0.001,3412,mock,InstrumentType.Spot,614721040,mock,BTC-USDT
2199944884,0,0,1783610796955928424,101,depth,"[65000.229999999996,65000.329999999994,65000.43,65000.53,65000.63,65000.729999999996,65000.829999999994,65000.93,65001.03,65001.13]",65000.229999999996,"[0.001,0.002,0.003,0.004,0.005,0.006,0.007,0.008,0.009000000000000001,0.01]",0.001,"[65000.03,64999.93,64999.829999999994,64999.729999999996,64999.63,64999.53,64999.43,64999.329999999994,64999.229999999996,64999.13]",65000.03,"[0.001,0.002,0.003,0.004,0.005,0.006,0.007,0.008,0.009000000000000001,0.01]",0.001,3413,mock,InstrumentType.Spot,614721600,mock,BTC-USDT
2199944884,0,0,1783610796956228257,101,depth,"[65000.24,65000.34,65000.44,65000.54,65000.64,65000.74,65000.84,65000.94,65001.04,65001.14]",65000.24,"[0.001,0.002,0.003,0.004,0.005,0.006,0.007,0.008,0.009000000000000001,0.01]",0.001,"[65000.04,64999.94,64999.84,64999.74,64999.64,64999.54,64999.44,64999.34,64999.24,64999.14]",65000.04,"[0.001,0.002,0.003,0.004,0.005,0.006,0.007,0.008,0.009000000000000001,0.01]",0.001,3414,mock,InstrumentType.Spot,614722160,mock,BTC-USDT
2199944884,0,0,1783610796956528261,101,depth,"[65000.25,65000.35,65000.450000000004,65000.55,65000.65,65000.75,65000.85,65000.950000000004,65001.05,65001.15]",65000.25,"[0.001,0.002,0.003,0.004,0.005,0.006,0.007,0.008,0.009000000000000001,0.01]",0.001,"[65000.05,64999.950000000004,64999.85,64999.75,64999.65,64999.55,64999.450000000004,64999.35,64999.25,64999.15]",65000.05,"[0.001,0.002,0.003,0.004,0.005,0.006,0.007,0.008,0.009000000000000001,0.01]",0.001,3415,mock,InstrumentType.Spot,614722720,mock,BTC-USDT
2199944884,0,0,1783610796956828631,101,depth,"[65000.26,65000.36,65000.46000000001,65000.560000000005,65000.66,65000.76,65000.86,65000.96000000001,65001.060000000005,65001.16]",65000.26,"[0.001,0.002,0.003,0.004,0.005,0.006,0.007,0.008,0.009000000000000001,0.01]",0.001,"[65000.060000000005,64999.96000000001,64999.86,64999.76,64999.66,64999.560000000005,64999.46000000001,64999.36,64999.26,64999.16]",65000.060000000005,"[0.001,0.002,0.003,0.004,0.005,0.006,0.007,0.008,0.009000000000000001,0.01]",0.001,3416,mock,InstrumentType.Spot,614723280,mock,BTC-USDT
2199944884,0,0,1783610796957128635,101,depth,"[65000.27,65000.369999999995,65000.47,65000.57,65000.67,65000.77,65000.869999999995,65000.97,65001.07,65001.17]",65000.27,"[0.001,0.002,0.003,0.004,0.005,0.006,0.007,0.008,0.009000000000000001,0.01]",0.001,"[65000.07,64999.97,64999.869999999995,64999.77,64999.67,64999.57,64999.47,64999.369999999995,64999.27,64999.17]",65000.07,"[0.001,0.002,0.003,0.004,0.005,0.006,0.007,0.008,0.009000000000000001,0.01]",0.001,3417,mock,InstrumentType.Spot,614723840,mock,BTC-USDT
2199944884,0,0,1783610796957435315,101,depth,"[65000.28,65000.38,65000.48,65000.58,65000.68,65000.78,65000.88,65000.98,65001.08,65001.18]",65000.28,"[0.001,0.002,0.003,0.004,0.005,0.006,0.007,0.008,0.009000000000000001,0.01]",0.001,"[65000.08,64999.98,64999.88,64999.78,64999.68,64999.58,64999.48,64999.38,64999.28,64999.18]",65000.08,"[0.001,0.002,0.003,0.004,0.005,0.006,0.007,0.008,0.009000000000000001,0.01]",0.001,3418,mock,InstrumentType.Spot,614724400,mock,BTC-USDT
2199944884,0,0,1783610796957728891,101,depth,"[65000.29,65000.39,65000.490000000005,65000.590000000004,65000.69,65000.79,65000.89,65000.990000000005,65001.090000000004,65001.19]",65000.29,"[0.001,0.002,0.003,0.004,0.005,0.006,0.007,0.008,0.009000000000000001,0.01]",0.001,"[65000.090000000004,64999.990000000005,64999.89,64999.79,64999.69,64999.590000000004,64999.490000000005,64999.39,64999.29,64999.19]",65000.090000000004,"[0.001,0.002,0.003,0.004,0.005,0.006,0.007,0.008,0.009000000000000001,0.01]",0.001,3419,mock,InstrumentType.Spot,614724960,mock,BTC-USDT
2199944884,0,0,1783610796958029082,101,depth,"[65000.299999999996,65000.399999999994,65000.5,65000.6,65000.7,65000.799999999996,65000.899999999994,65001.0,65001.1,65001.2]",65000.299999999996,"[0.001,0.002,0.003,0.004,0.005,0.006,0.007,0.008,0.009000000000000001,0.01]",0.001,"[65000.1,65000.0,64999.899999999994,64999.799999999996,64999.7,64999.6,64999.5,64999.399999999994,64999.299999999996,64999.2]",65000.1,"[0.001,0.002,0.003,0.004,0.005,0.006,0.007,0.008,0.009000000000000001,0.01]",0.001,3420,mock,InstrumentType.Spot,614725520,mock,BTC-USDT
2199944884,0,0,1783610796958328738,101,depth,"[65000.31,65000.409999999996,65000.51,65000.61,65000.71,65000.81,65000.909999999996,65001.01,65001.11,65001.21]",65000.31,"[0.001,0.002,0.003,0.004,0.005,0.006,0.007,0.008,0.009000000000000001,0.01]",0.001,"[65000.11,65000.01,64999.909999999996,64999.81,64999.71,64999.61,64999.51,64999.409999999996,64999.31,64999.21]",65000.11,"[0.001,0.002,0.003,0.004,0.005,0.006,0.007,0.008,0.009000000000000001,0.01]",0.001,3421,mock,InstrumentType.Spot,614726080,mock,BTC-USDT
2199944884,0,0,1783610796958629423,101,depth,"[65000.32,65000.42,65000.520000000004,65000.62,65000.72,65000.82,65000.92,65001.020000000004,65001.12,65001.22]",65000.32,"[0.001,0.002,0.003,0.004,0.005,0.006,0.007,0.008,0.009000000000000001,0.01]",0.001,"[65000.12,65000.020000000004,64999.92,64999.82,64999.72,64999.62,64999.520000000004,64999.42,64999.32,64999.22]",65000.12,"[0.001,0.002,0.003,0.004,0.005,0.006,0.007,0.008,0.009000000000000001,0.01]",0.001,3422,mock,InstrumentType.Spot,614726640,mock,BTC-USDT
2199944884,0,0,1783610796958929178,101,depth,"[65000.33,65000.43,65000.530000000006,65000.630000000005,65000.73,65000.83,65000.93,65001.030000000006,65001.130000000005,65001.23]",65000.33,"[0.001,0.002,0.003,0.004,0.005,0.006,0.007,0.008,0.009000000000000001,0.01]",0.001,"[65000.130000000005,65000.030000000006,64999.93,64999.83,64999.73,64999.630000000005,64999.530000000006,64999.43,64999.33,64999.23]",65000.130000000005,"[0.001,0.002,0.003,0.004,0.005,0.006,0.007,0.008,0.009000000000000001,0.01]",0.001,3423,mock,InstrumentType.Spot,614727200,mock,BTC-USDT
2199944884,0,0,1783610796959229302,101,depth,"[65000.34,65000.439999999995,65000.54,65000.64,65000.74,65000.84,65000.939999999995,65001.04,65001.14,65001.24]",65000.34,"[0.001,0.002,0.003,0.004,0.005,0.006,0.007,0.008,0.009000000000000001,0.01]",0.001,"[65000.14,65000.04,64999.939999999995,64999.84,64999.74,64999.64,64999.54,64999.439999999995,64999.34,64999.24]",65000.14,"[0.001,0.002,0.003,0.004,0.005,0.006,0.007,0.008,0.009000000000000001,0.01]",0.001,3424,mock,InstrumentType.Spot,614727760,mock,BTC-USDT
2199944884,0,0,1783610796959531518,101,depth,"[65000.35,65000.45,65000.55,65000.65,65000.75,65000.85,65000.95,65001.05,65001.15,65001.25]",65000.35,"[0.001,0.002,0.003,0.004,0.005,0.006,0.007,0.008,0.009000000000000001,0.01]",0.001,"[65000.15,65000.05,64999.95,64999.85,64999.75,64999.65,64999.55,64999.45,64999.35,64999.25]",65000.15,"[0.001,0.002,0.003,0.004,0.005,0.006,0.007,0.008,0.009000000000000001,0.01]",0.001,3425,mock,InstrumentType.Spot,614728320,mock,BTC-USDT
2199944884,0,0,1783610796959828841,101,depth,"[65000.36,65000.46,65000.560000000005,65000.66,65000.76,65000.86,65000.96,65001.060000000005,65001.16,65001.26]",65000.36,"[0.001,0.002,0.003,0.004,0.005,0.006,0.007,0.008,0.009000000000000001,0.01]",0.001,"[65000.16,65000.060000000005,64999.96,64999.86,64999.76,64999.66,64999.560000000005,64999.46,64999.36,64999.26]",65000.16,"[0.001,0.002,0.003,0.004,0.005,0.006,0.007,0.008,0.009000000000000001,0.01]",0.001,3426,mock,InstrumentType.Spot,614728880,mock,BTC-USDT
2199944884,0,0,1783610796960128977,101,depth,"[65000.369999999995,65000.469999999994,65000.57,65000.67,65000.77,65000.869999999995,65000.969999999994,65001.07,65001.17,65001.27]",65000.369999999995,"[0.001,0.002,0.003,0.004,0.005,0.006,0.007,0.008,0.009000000000000001,0.01]",0.001,"[65000.17,65000.07,64999.969999999994,64999.869999999995,64999.77,64999.67,64999.57,64999.469999999994,64999.369999999995,64999.27]",65000.17,"[0.001,0.002,0.003,0.004,0.005,0.006,0.007,0.008,0.009000000000000001,0.01]",0.001,3427,mock,InstrumentType.Spot,614729440,mock,BTC-USDT
2199944884,0,0,1783610796960442789,101,depth,"[65000.38,65000.479999999996,65000.58,65000.68,65000.78,65000.88,65000.979999999996,65001.08,65001.18,65001.28]",65000.38,"[0.001,0.002,0.003,0.004,0.005,0.006,0.007,0.008,0.009000000000000001,0.01]",0.001,"[65000.18,65000.08,64999.979999999996,64999.88,64999.78,64999.68,64999.58,64999.479999999996,64999.38,64999.28]",65000.18,"[0.001,0.002,0.003,0.004,0.005,0.006,0.007,0.008,0.009000000000000001,0.01]",0.001,3428,mock,InstrumentType.Spot,614730000,mock,BTC-USDT
2199944884,0,0,1783610796960730332,101,depth,"[65000.39,65000.49,65000.590000000004,65000.69,65000.79,65000.89,65000.99,65001.090000000004,65001.19,65001.29]",65000.39,"[0.001,0.002,0.003,0.004,0.005,0.006,0.007,0.008,0.009000000000000001,0.01]",0.001,"[65000.19,65000.090000000004,64999.99,64999.89,64999.79,64999.69,64999.590000000004,64999.49,64999.39,64999.29]",65000.19,"[0.001,0.002,0.003,0.004,0.005,0.006,0.007,0.008,0.009000000000000001,0.01]",0.001,3429,mock,InstrumentType.Spot,614730560,mock,BTC-USDT
2199944884,0,0,1783610796961029262,101,depth,"[65000.4,65000.5,65000.600000000006,65000.700000000004,65000.8,65000.9,65001.0,65001.100000000006,65001.200000000004,65001.3]",65000.4,"[0.001,0.002,0.003,0.004,0.005,0.006,0.007,0.008,0.009000000000000001,0.01]",0.001,"[65000.200000000004,65000.100000000006,65000.0,64999.9,64999.8,64999.700000000004,64999.600000000006,64999.5,64999.4,64999.3]",65000.200000000004,"[0.001,0.002,0.003,0.004,0.005,0.006,0.007,0.008,0.009000000000000001,0.01]",0.001,3430,mock,InstrumentType.Spot,614731120,mock,BTC-USDT
2199944884,0,0,1783610796961328496,101,depth,"[65000.409999999996,65000.509999999995,65000.61,65000.71,65000.81,65000.909999999996,65001.009999999995,65001.11,65001.21,65001.31]",65000.409999999996,"[0.001,0.002,0.003,0.004,0.005,0.006,0.007,0.008,0.009000000000000001,0.01]",0.001,"[65000.21,65000.11,65000.009999999995,64999.909999999996,64999.81,64999.71,64999.61,64999.509999999995,64999.409999999996,64999.31]",65000.21,"[0.001,0.002,0.003,0.004,0.005,0.006,0.007,0.008,0.009000000000000001,0.01]",0.001,3431,mock,InstrumentType.Spot,614731680,mock,BTC-USDT
2199944884,0,0,1783610796961628576,101,depth,"[65000.42,65000.52,65000.62,65000.72,65000.82,65000.92,65001.02,65001.12,65001.22,65001.32]",65000.42,"[0.001,0.002,0.003,0.004,0.005,0.006,0.007,0.008,0.009000000000000001,0.01]",0.001,"[65000.22,65000.12,65000.02,64999.92,64999.82,64999.72,64999.62,64999.52,64999.42,64999.32]",65000.22,"[0.001,0.002,0.003,0.004,0.005,0.006,0.007,0.008,0.009000000000000001,0.01]",0.001,3432,mock,InstrumentType.Spot,614732240,mock,BTC-USDT
2199944884,0,0,1783610796961930401,101,depth,"[65000.43,65000.53,65000.630000000005,65000.73,65000.83,65000.93,65001.03,65001.130000000005,65001.23,65001.33]",65000.43,"[0.001,0.002,0.003,0.004,0.005,0.006,0.007,0.008,0.009000000000000001,0.01]",0.001,"[65000.23,65000.130000000005,65000.03,64999.93,64999.83,64999.73,64999.630000000005,64999.53,64999.43,64999.33]",65000.23,"[0.001,0.002,0.003,0.004,0.005,0.006,0.007,0.008,0.009000000000000001,0.01]",0.001,3433,mock,InstrumentType.Spot,614732800,mock,BTC-USDT
2199944884,0,0,1783610796962232095,101,depth,"[65000.439999999995,65000.53999999999,65000.64,65000.74,65000.84,65000.939999999995,65001.03999999999,65001.14,65001.24,65001.34]",65000.439999999995,"[0.001,0.002,0.003,0.004,0.005,0.006,0.007,0.008,0.009000000000000001,0.01]",0.001,"[65000.24,65000.14,65000.03999999999,64999.939999999995,64999.84,64999.74,64999.64,64999.53999999999,64999.439999999995,64999.34]",65000.24,"[0.001,0.002,0.003,0.004,0.005,0.006,0.007,0.008,0.009000000000000001,0.01]",0.001,3434,mock,InstrumentType.Spot,614733360,mock,BTC-USDT
2199944884,0,0,1783610796962528707,101,depth,"[65000.45,65000.549999999996,65000.65,65000.75,65000.85,65000.95,65001.049999999996,65001.15,65001.25,65001.35]",65000.45,"[0.001,0.002,0.003,0.004,0.005,0.006,0.007,0.008,0.009000000000000001,0.01]",0.001,"[65000.25,65000.15,65000.049999999996,64999.95,64999.85,64999.75,64999.65,64999.549999999996,64999.45,64999.35]",65000.25,"[0.001,0.002,0.003,0.004,0.005,0.006,0.007,0.008,0.009000000000000001,0.01]",0.001,3435,mock,InstrumentType.Spot,614733920,mock,BTC-USDT
2199944884,0,0,1783610796962827916,101,depth,"[65000.46,65000.56,65000.66,65000.76,65000.86,65000.96,65001.06,65001.16,65001.26,65001.36]",65000.46,"[0.001,0.002,0.003,0.004,0.005,0.006,0.007,0.008,0.009000000000000001,0.01]",0.001,"[65000.26,65000.16,65000.06,64999.96,64999.86,64999.76,64999.66,64999.56,64999.46,64999.36]",65000.26,"[0.001,0.002,0.003,0.004,0.005,0.006,0.007,0.008,0.009000000000000001,0.01]",0.001,3436,mock,InstrumentType.Spot,614734480,mock,BTC-USDT
2199944884,0,0,1783610796963145989,101,depth,"[65000.47,65000.57,65000.670000000006,65000.770000000004,65000.87,65000.97,65001.07,65001.170000000006,65001.270000000004,65001.37]",65000.47,"[0.001,0.002,0.003,0.004,0.005,0.006,0.007,0.008,0.009000000000000001,0.01]",0.001,"[65000.270000000004,65000.170000000006,65000.07,64999.97,64999.87,64999.770000000004,64999.670000000006,64999.57,64999.47,64999.37]",65000.270000000004,"[0.001,0.002,0.003,0.004,0.005,0.006,0.007,0.008,0.009000000000000001,0.01]",0.001,3437,mock,InstrumentType.Spot,614735040,mock,BTC-USDT
2199944884,0,0,1783610796963428112,101,depth,"[65000.479999999996,65000.579999999994,65000.68,65000.78,65000.88,65000.979999999996,65001.079999999994,65001.18,65001.28,65001.38]",65000.479999999996,"[0.001,0.002,0.003,0.004,0.005,0.006,0.007,0.008,0.009000000000000001,0.01]",0.001,"[65000.28,65000.18,65000.079999999994,64999.979999999996,64999.88,64999.78,64999.68,64999.579999999994,64999.479999999996,64999.38]",65000.28,"[0.001,0.002,0.003,0.004,0.005,0.006,0.007,0.008,0.009000000000000001,0.01]",0.001,3438,mock,InstrumentType.Spot,614735600,mock,BTC-USDT
2199944884,0,0,1783610796963727858,101,depth,"[65000.49,65000.59,65000.69,65000.79,65000.89,65000.99,65001.09,65001.19,65001.29,65001.39]",65000.49,"[0.001,0.002,0.003,0.004,0.005,0.006,0.007,0.008,0.009000000000000001,0.01]",0.001,"[65000.29,65000.19,65000.09,64999.99,64999.89,64999.79,64999.69,64999.59,64999.49,64999.39]",65000.29,"[0.001,0.002,0.003,0.004,0.005,0.006,0.007,0.008,0.009000000000000001,0.01]",0.001,3439,mock,InstrumentType.Spot,614736160,mock,BTC-USDT
2199944884,0,0,1783610796964027927,101,depth,"[65000.5,65000.6,65000.700000000004,65000.8,65000.9,65001.0,65001.1,65001.200000000004,65001.3,65001.4]",65000.5,"[0.001,0.002,0.003,0.004,0.005,0.006,0.007,0.008,0.009000000000000001,0.01]",0.001,"[65000.3,65000.200000000004,65000.1,65000.0,64999.9,64999.8,64999.700000000004,64999.6,64999.5,64999.4]",65000.3,"[0.001,0.002,0.003,0.004,0.005,0.006,0.007,0.008,0.009000000000000001,0.01]",0.001,3440,mock,InstrumentType.Spot,614736720,mock,BTC-USDT
2199944884,0,0,1783610796964327910,101,depth,"[65000.51,65000.61,65000.71000000001,65000.810000000005,65000.91,65001.01,65001.11,65001.21000000001,65001.310000000005,65001.41]",65000.51,"[0.001,0.002,0.003,0.004,0.005,0.006,0.007,0.008,0.009000000000000001,0.01]",0.001,"[65000.310000000005,65000.21000000001,65000.11,65000.01,64999.91,64999.810000000005,64999.71000000001,64999.61,64999.51,64999.41]",65000.310000000005,"[0.001,0.002,0.003,0.004,0.005,0.006,0.007,0.008,0.009000000000000001,0.01]",0.001,3441,mock,InstrumentType.Spot,614737280,mock,BTC-USDT
2199944884,0,0,1783610796964627740,101,depth,"[65000.52,65000.619999999995,65000.72,65000.82,65000.92,65001.02,65001.119999999995,65001.22,65001.32,65001.42]",65000.52,"[0.001,0.002,0.003,0.004,0.005,0.006,0.007,0.008,0.009000000000000001,0.01]",0.001,"[65000.32,65000.22,65000.119999999995,65000.02,64999.92,64999.82,64999.72,64999.619999999995,64999.52,64999.42]",65000.32,"[0.001,0.002,0.003,0.004,0.005,0.006,0.007,0.008,0.009000000000000001,0.01]",0.001,3442,mock,InstrumentType.Spot,614737840,mock,BTC-USDT
2199944884,0,0,1783610796964927898,101,depth,"[65000.53,65000.63,65000.73,65000.83,65000.93,65001.03,65001.13,65001.23,65001.33,65001.43]",65000.53,"[0.001,0.002,0.003,0.004,0.005,0.006,0.007,0.008,0.009000000000000001,0.01]",0.001,"[65000.33,65000.23,65000.13,65000.03,64999.93,64999.83,64999.73,64999.63,64999.53,64999.43]",65000.33,"[0.001,0.002,0.003,0.004,0.005,0.006,0.007,0.008,0.009000000000000001,0.01]",0.001,3443,mock,InstrumentType.Spot,614738400,mock,BTC-USDT
2199944884,0,0,1783610796965227918,101,depth,"[65000.54,65000.64,65000.740000000005,65000.840000000004,65000.94,65001.04,65001.14,65001.240000000005,65001.340000000004,65001.44]",65000.54,"[0.001,0.002,0.003,0.004,0.005,0.006,0.007,0.008,0.009000000000000001,0.01]",0.001,"[65000.340000000004,65000.240000000005,65000.14,65000.04,64999.94,64999.840000000004,64999.740000000005,64999.64,64999.54,64999.44]",65000.340000000004,"[0.001,0.002,0.003,0.004,0.005,0.006,0.007,0.008,0.009000000000000001,0.01]",0.001,3444,mock,InstrumentType.Spot,614738960,mock,BTC-USDT
2199944884,0,0,1783610796965529112,101,depth,"[65000.549999999996,65000.649999999994,65000.75,65000.85,65000.95,65001.049999999996,65001.149999999994,65001.25,65001.35,65001.45]",65000.549999999996,"[0.001,0.002,0.003,0.004,0.005,0.006,0.007,0.008,0.009000000000000001,0.01]",0.001,"[65000.35,65000.25,65000.149999999994,65000.049999999996,64999.95,64999.85,64999.75,64999.649999999994,64999.549999999996,64999.45]",65000.35,"[0.001,0.002,0.003,0.004,0.005,0.006,0.007,0.008,0.009000000000000001,0.01]",0.001,3445,mock,InstrumentType.Spot,614739520,mock,BTC-USDT
2199944884,0,0,1783610796965828428,101,depth,"[65000.56,65000.659999999996,65000.76,65000.86,65000.96,65001.06,65001.159999999996,65001.26,65001.36,65001.46]",65000.56,"[0.001,0.002,0.003,0.004,0.005,0.006,0.007,0.008,0.009000000000000001,0.01]",0.001,"[65000.36,65000.26,65000.159999999996,65000.06,64999.96,64999.86,64999.76,64999.659999999996,64999.56,64999.46]",65000.36,"[0.001,0.002,0.003,0.004,0.005,0.006,0.007,0.008,0.009000000000000001,0.01]",0.001,3446,mock,InstrumentType.Spot,614740080,mock,BTC-USDT
2199944884,0,0,1783610796966142651,101,depth,"[65000.57,65000.67,65000.770000000004,65000.87,65000.97,65001.07,65001.17,65001.270000000004,65001.37,65001.47]",65000.57,"[0.001,0.002,0.003,0.004,0.005,0.006,0.007,0.008,0.009000000000000001,0.01]",0.001,"[65000.37,65000.270000000004,65000.17,65000.07,64999.97,64999.87,64999.770000000004,64999.67,64999.57,64999.47]",65000.37,"[0.001,0.002,0.003,0.004,0.005,0.006,0.007,0.008,0.009000000000000001,0.01]",0.001,3447,mock,InstrumentType.Spot,614740640,mock,BTC-USDT
2199944884,0,0,1783610796966428293,101,depth,"[65000.58,65000.68,65000.780000000006,65000.880000000005,65000.98,65001.08,65001.18,65001.280000000006,65001.380000000005,65001.48]",65000.58,"[0.001,0.002,0.003,0.004,0.005,0.006,0.007,0.008,0.009000000000000001,0.01]",0.001,"[65000.380000000005,65000.280000000006,65000.18,65000.08,64999.98,64999.880000000005,64999.780000000006,64999.68,64999.58,64999.48]",65000.380000000005,"[0.001,0.002,0.003,0.004,0.005,0.006,0.007,0.008,0.009000000000000001,0.01]",0.001,3448,mock,InstrumentType.Spot,614741200,mock,BTC-USDT
2199944884,0,0,1783610796966730344,101,depth,"[65000.59,65000.689999999995,65000.79,65000.89,65000.99,65001.09,65001.189999999995,65001.29,65001.39,65001.49]",65000.59,"[0.001,0.002,0.003,0.004,0.005,0.006,0.007,0.008,0.009000000000000001,0.01]",0.001,"[65000.39,65000.29,65000.189999999995,65000.09,64999.99,64999.89,64999.79,64999.689999999995,64999.59,64999.49]",65000.39,"[0.001,0.002,0.003,0.004,0.005,0.006,0.007,0.008,0.009000000000000001,0.01]",0.001,3449,mock,InstrumentType.Spot,614741760,mock,BTC-USDT
2199944884,0,0,1783610796967029574,101,depth,"[65000.6,65000.7,65000.8,65000.9,65001.0,65001.1,65001.2,65001.3,65001.4,65001.5]",65000.6,"[0.001,0.002,0.003,0.004,0.005,0.006,0.007,0.008,0.009000000000000001,0.01]",0.001,"[65000.4,65000.3,65000.2,65000.1,65000.0,64999.9,64999.8,64999.7,64999.6,64999.5]",65000.4,"[0.001,0.002,0.003,0.004,0.005,0.006,0.007,0.008,0.009000000000000001,0.01]",0.001,3450,mock,InstrumentType.Spot,614742320,mock,BTC-USDT
2199944884,0,0,1783610796967327730,101,depth,"[65000.61,65000.71,65000.810000000005,65000.91,65001.01,65001.11,65001.21,65001.310000000005,65001.41,65001.51]",65000.61,"[0.001,0.002,0.003,0.004,0.005,0.006,0.007,0.008,0.009000000000000001,0.01]",0.001,"[65000.41,65000.310000000005,65000.21,65000.11,65000.01,64999.91,64999.810000000005,64999.71,64999.61,64999.51]",65000.41,"[0.001,0.002,0.003,0.004,0.005,0.006,0.007,0.008,0.009000000000000001,0.01]",0.001,3451,mock,InstrumentType.Spot,614742880,mock,BTC-USDT
2199944884,0,0,1783610796967628361,101,depth,"[65000.619999999995,65000.719999999994,65000.82,65000.92,65001.02,65001.119999999995,65001.219999999994,65001.32,65001.42,65001.52]",65000.619999999995,"[0.001,0.002,0.003,0.004,0.005,0.006,0.007,0.008,0.009000000000000001,0.01]",0.001,"[65000.42,65000.32,65000.219999999994,65000.119999999995,65000.02,64999.92,64999.82,64999.719999999994,64999.619999999995,64999.52]",65000.42,"[0.001,0.002,0.003,0.004,0.005,0.006,0.007,0.008,0.009000000000000001,0.01]",0.001,3452,mock,InstrumentType.Spot,614743440,mock,BTC-USDT
2199944884,0,0,1783610796967927799,101,depth,"[65000.63,65000.729999999996,65000.83,65000.93,65001.03,65001.13,65001.229999999996,65001.33,65001.43,65001.53]",65000.63,"[0.001,0.002,0.003,0.004,0.005,0.006,0.007,0.008,0.009000000000000001,0.01]",0.001,"[65000.43,65000.33,65000.229999999996,65000.13,65000.03,64999.93,64999.83,64999.729999999996,64999.63,64999.53]",65000.43,"[0.001,0.002,0.003,0.004,0.005,0.006,0.007,0.008,0.009000000000000001,0.01]",0.001,3453,mock,InstrumentType.Spot,614744000,mock,BTC-USDT
2199944884,0,0,1783610796968227588,101,depth,"[65000.64,65000.74,65000.840000000004,65000.94,65001.04,65001.14,65001.24,65001.340000000004,65001.44,65001.54]",65000.64,"[0.001,0.002,0.003,0.004,0.005,0.006,0.007,0.008,0.009000000000000001,0.01]",0.001,"[65000.44,65000.340000000004,65000.24,65000.14,65000.04,64999.94,64999.840000000004,64999.74,64999.64,64999.54]",65000.44,"[0.001,0.002,0.003,0.004,0.005,0.006,0.007,0.008,0.009000000000000001,0.01]",0.001,3454,mock,InstrumentType.Spot,614744560,mock,BTC-USDT
2199944884,0,0,1783610796968529042,101,depth,"[65000.65,65000.75,65000.850000000006,65000.950000000004,65001.05,65001.15,65001.25,65001.350000000006,65001.450000000004,65001.55]",65000.65,"[0.001,0.002,0.003,0.004,0.005,0.006,0.007,0.008,0.009000000000000001,0.01]",0.001,"[65000.450000000004,65000.350000000006,65000.25,65000.15,65000.05,64999.950000000004,64999.850000000006,64999.75,64999.65,64999.55]",65000.450000000004,"[0.001,0.002,0.003,0.004,0.005,0.006,0.007,0.008,0.009000000000000001,0.01]",0.001,3455,mock,InstrumentType.Spot,614745120,mock,BTC-USDT
2199944884,0,0,1783610796968831217,101,depth,"[65000.659999999996,65000.759999999995,65000.86,65000.96,65001.06,65001.159999999996,65001.259999999995,65001.36,65001.46,65001.56]",65000.659999999996,"[0.001,0.002,0.003,0.004,0.005,0.006,0.007,0.008,0.009000000000000001,0.01]",0.001,"[65000.46,65000.36,65000.259999999995,65000.159999999996,65000.06,64999.96,64999.86,64999.759999999995,64999.659999999996,64999.56]",65000.46,"[0.001,0.002,0.003,0.004,0.005,0.006,0.007,0.008,0.009000000000000001,0.01]",0.001,3456,mock,InstrumentType.Spot,614745680,mock,BTC-USDT
2199944884,0,0,1783610796969152584,101,depth,"[65000.67,65000.77,65000.87,65000.97,65001.07,65001.17,65001.27,65001.37,65001.47,65001.57]",65000.67,"[0.001,0.002,0.003,0.004,0.005,0.006,0.007,0.008,0.009000000000000001,0.01]",0.001,"[65000.47,65000.37,65000.27,65000.17,65000.07,64999.97,64999.87,64999.77,64999.67,64999.57]",65000.47,"[0.001,0.002,0.003,0.004,0.005,0.006,0.007,0.008,0.009000000000000001,0.01]",0.001,3457,mock,InstrumentType.Spot,614746240,mock,BTC-USDT
2199944884,0,0,1783610796969428733,101,depth,"[65000.68,65000.78,65000.880000000005,65000.98,65001.08,65001.18,65001.28,65001.380000000005,65001.48,65001.58]",65000.68,"[0.001,0.002,0.003,0.004,0.005,0.006,0.007,0.008,0.009000000000000001,0.01]",0.001,"[65000.48,65000.380000000005,65000.28,65000.18,65000.08,64999.98,64999.880000000005,64999.78,64999.68,64999.58]",65000.48,"[0.001,0.002,0.003,0.004,0.005,0.006,0.007,0.008,0.009000000000000001,0.01]",0.001,3458,mock,InstrumentType.Spot,614746800,mock,BTC-USDT
2199944884,0,0,1783610796969728188,101,depth,"[65000.689999999995,65000.78999999999,65000.89,65000.99,65001.09,65001.189999999995,65001.28999999999,65001.39,65001.49,65001.59]",65000.689999999995,"[0.001,0.002,0.003,0.004,0.005,0.006,0.007,0.008,0.009000000000000001,0.01]",0.001,"[65000.49,65000.39,65000.28999999999,65000.189999999995,65000.09,64999.99,64999.89,64999.78999999999,64999.689999999995,64999.59]",65000.49,"[0.001,0.002,0.003,0.004,0.005,0.006,0.007,0.008,0.009000000000000001,0.01]",0.001,3459,mock,InstrumentType.Spot,614747360,mock,BTC-USDT
2199944884,0,0,1783610796970033715,101,depth,"[65000.7,65000.799999999996,65000.9,65001.0,65001.1,65001.2,65001.299999999996,65001.4,65001.5,65001.6]",65000.7,"[0.001,0.002,0.003,0.004,0.005,0.006,0.007,0.008,0.009000000000000001,0.01]",0.001,"[65000.5,65000.4,65000.299999999996,65000.2,65000.1,65000.0,64999.9,64999.799999999996,64999.7,64999.6]",65000.5,"[0.001,0.002,0.003,0.004,0.005,0.006,0.007,0.008,0.009000000000000001,0.01]",0.001,3460,mock,InstrumentType.Spot,614747920,mock,BTC-USDT
2199944884,0,0,1783610796970331547,101,depth,"[65000.71,65000.81,65000.91,65001.01,65001.11,65001.21,65001.31,65001.41,65001.51,65001.61]",65000.71,"[0.001,0.002,0.003,0.004,0.005,0.006,0.007,0.008,0.009000000000000001,0.01]",0.001,"[65000.51,65000.41,65000.31,65000.21,65000.11,65000.01,64999.91,64999.81,64999.71,64999.61]",65000.51,"[0.001,0.002,0.003,0.004,0.005,0.006,0.007,0.008,0.009000000000000001,0.01]",0.001,3461,mock,InstrumentType.Spot,614748480,mock,BTC-USDT
2199944884,0,0,1783610796970633914,101,depth,"[65000.72,65000.82,65000.920000000006,65001.020000000004,65001.12,65001.22,65001.32,65001.420000000006,65001.520000000004,65001.62]",65000.72,"[0.001,0.002,0.003,0.004,0.005,0.006,0.007,0.008,0.009000000000000001,0.01]",0.001,"[65000.520000000004,65000.420000000006,65000.32,65000.22,65000.12,65000.020000000004,64999.920000000006,64999.82,64999.72,64999.62]",65000.520000000004,"[0.001,0.002,0.003,0.004,0.005,0.006,0.007,0.008,0.009000000000000001,0.01]",0.001,3462,mock,InstrumentType.Spot,614749040,mock,BTC-USDT
2199944884,0,0,1783610796970930233,101,depth,"[65000.729999999996,65000.829999999994,65000.93,65001.03,65001.13,65001.229999999996,65001.329999999994,65001.43,65001.53,65001.63]",65000.729999999996,"[0.001,0.002,0.003,0.004,0.005,0.006,0.007,0.008,0.009000000000000001,0.01]",0.001,"[65000.53,65000.43,65000.329999999994,65000.229999999996,65000.13,65000.03,64999.93,64999.829999999994,64999.729999999996,64999.63]",65000.53,"[0.001,0.002,0.003,0.004,0.005,0.006,0.007,0.008,0.009000000000000001,0.01]",0.001,3463,mock,InstrumentType.Spot,614749600,mock,BTC-USDT
2199944884,0,0,1783610796971229154,101,depth,"[65000.74,65000.84,65000.94,65001.04,65001.14,65001.24,65001.34,65001.44,65001.54,65001.64]",65000.74,"[0.001,0.002,0.003,0.004,0.005,0.006,0.007,0.008,0.009000000000000001,0.01]",0.001,"[65000.54,65000.44,65000.34,65000.24,65000.14,65000.04,64999.94,64999.84,64999.74,64999.64]",65000.54,"[0.001,0.002,0.003,0.004,0.005,0.006,0.007,0.008,0.009000000000000001,0.01]",0.001,3464,mock,InstrumentType.Spot,614750160,mock,BTC-USDT
2199944884,0,0,1783610796971528688,101,depth,"[65000.75,65000.85,65000.950000000004,65001.05,65001.15,65001.25,65001.35,65001.450000000004,65001.55,65001.65]",65000.75,"[0.001,0.002,0.003,0.004,0.005,0.006,0.007,0.008,0.009000000000000001,0.01]",0.001,"[65000.55,65000.450000000004,65000.35,65000.25,65000.15,65000.05,64999.950000000004,64999.85,64999.75,64999.65]",65000.55,"[0.001,0.002,0.003,0.004,0.005,0.006,0.007,0.008,0.009000000000000001,0.01]",0.001,3465,mock,InstrumentType.Spot,614750720,mock,BTC-USDT
2199944884,0,0,1783610796971850169,101,depth,"[65000.76,65000.86,65000.96000000001,65001.060000000005,65001.16,65001.26,65001.36,65001.46000000001,65001.560000000005,65001.66]",65000.76,"[0.001,0.002,0.003,0.004,0.005,0.006,0.007,0.008,0.009000000000000001,0.01]",0.001,"[65000.560000000005,65000.46000000001,65000.36,65000.26,65000.16,65000.060000000005,64999.96000000001,64999.86,64999.76,64999.66]",65000.560000000005,"[0.001,0.002,0.003,0.004,0.005,0.006,0.007,0.008,0.009000000000000001,0.01]",0.001,3466,mock,InstrumentType.Spot,614751280,mock,BTC-USDT
2199944884,0,0,1783610796972129534,101,depth,"[65000.77,65000.869999999995,65000.97,65001.07,65001.17,65001.27,65001.369999999995,65001.47,65001.57,65001.67]",65000.77,"[0.001,0.002,0.003,0.004,0.005,0.006,0.007,0.008,0.009000000000000001,0.01]",0.001,"[65000.57,65000.47,65000.369999999995,65000.27,65000.17,65000.07,64999.97,64999.869999999995,64999.77,64999.67]",65000.57,"[0.001,0.002,0.003,0.004,0.005,0.006,0.007,0.008,0.009000000000000001,0.01]",0.001,3467,mock,InstrumentType.Spot,614751840,mock,BTC-USDT
2199944884,0,0,1783610796972428916,101,depth,"[65000.78,65000.88,65000.98,65001.08,65001.18,65001.28,65001.38,65001.48,65001.58,65001.68]",65000.78,"[0.001,0.002,0.003,0.004,0.005,0.006,0.007,0.008,0.009000000000000001,0.01]",0.001,"[65000.58,65000.48,65000.38,65000.28,65000.18,65000.08,64999.98,64999.88,64999.78,64999.68]",65000.58,"[0.001,0.002,0.003,0.004,0.005,0.006,0.007,0.008,0.009000000000000001,0.01]",0.001,3468,mock,InstrumentType.Spot,614752400,mock,BTC-USDT
2199944884,0,0,1783610796972728812,101,depth,"[65000.79,65000.89,65000.990000000005,65001.090000000004,65001.19,65001.29,65001.39,65001.490000000005,65001.590000000004,65001.69]",65000.79,"[0.001,0.002,0.003,0.004,0.005,0.006,0.007,0.008,0.009000000000000001,0.01]",0.001,"[65000.590000000004,65000.490000000005,65000.39,65000.29,65000.19,65000.090000000004,64999.990000000005,64999.89,64999.79,64999.69]",65000.590000000004,"[0.001,0.002,0.003,0.004,0.005,0.006,0.007,0.008,0.009000000000000001,0.01]",0.001,3469,mock,InstrumentType.Spot,614752960,mock,BTC-USDT
2199944884,0,0,1783610796973028475,101,depth,"[65000.799999999996,65000.899999999994,65001.0,65001.1,65001.2,65001.299999999996,65001.399999999994,65001.5,65001.6,65001.7]",65000.799999999996,"[0.001,0.002,0.003,0.004,0.005,0.006,0.007,0.008,0.009000000000000001,0.01]",0.001,"[65000.6,65000.5,65000.399999999994,65000.299999999996,65000.2,65000.1,65000.0,64999.899999999994,64999.799999999996,64999.7]",65000.6,"[0.001,0.002,0.003,0.004,0.005,0.006,0.007,0.008,0.009000000000000001,0.01]",0.001,3470,mock,InstrumentType.Spot,614753520,mock,BTC-USDT
2199944884,0,0,1783610796973328368,101,depth,"[65000.81,65000.909999999996,65001.01,65001.11,65001.21,65001.31,65001.409999999996,65001.51,65001.61,65001.71]",65000.81,"[0.001,0.002,0.003,0.004,0.005,0.006,0.007,0.008,0.009000000000000001,0.01]",0.001,"[65000.61,65000.51,65000.409999999996,65000.31,65000.21,65000.11,65000.01,64999.909999999996,64999.81,64999.71]",65000.61,"[0.001,0.002,0.003,0.004,0.005,0.006,0.007,0.008,0.009000000000000001,0.01]",0.001,3471,mock,InstrumentType.Spot,614754080,mock,BTC-USDT
2199944884,0,0,1783610796973628785,101,depth,"[65000.82,65000.92,65001.020000000004,65001.12,65001.22,65001.32,65001.42,65001.520000000004,65001.62,65001.72]",65000.82,"[0.001,0.002,0.003,0.004,0.005,0.006,0.007,0.008,0.009000000000000001,0.01]",0.001,"[65000.62,65000.520000000004,65000.42,65000.32,65000.22,65000.12,65000.020000000004,64999.92,64999.82,64999.72]",65000.62,"[0.001,0.002,0.003,0.004,0.005,0.006,0.007,0.008,0.009000000000000001,0.01]",0.001,3472,mock,InstrumentType.Spot,614754640,mock,BTC-USDT
2199944884,0,0,1783610796973928816,101,depth,"[65000.83,65000.93,65001.030000000006,65001.130000000005,65001.23,65001.33,65001.43,65001.530000000006,65001.630000000005,65001.73]",65000.83,"[0.001,0.002,0.003,0.004,0.005,0.006,0.007,0.008,0.009000000000000001,0.01]",0.001,"[65000.630000000005,65000.530000000006,65000.43,65000.33,65000.23,65000.130000000005,65000.030000000006,64999.93,64999.83,64999.73]",65000.630000000005,"[0.001,0.002,0.003,0.004,0.005,0.006,0.007,0.008,0.009000000000000001,0.01]",0.001,3473,mock,InstrumentType.Spot,614755200,mock,BTC-USDT
2199944884,0,0,1783610796974230241,101,depth,"[65000.84,65000.939999999995,65001.04,65001.14,65001.24,65001.34,65001.439999999995,65001.54,65001.64,65001.74]",65000.84,"[0.001,0.002,0.003,0.004,0.005,0.006,0.007,0.008,0.009000000000000001,0.01]",0.001,"[65000.64,65000.54,65000.439999999995,65000.34,65000.24,65000.14,65000.04,64999.939999999995,64999.84,64999.74]",65000.64,"[0.001,0.002,0.003,0.004,0.005,0.006,0.007,0.008,0.009000000000000001,0.01]",0.001,3474,mock,InstrumentType.Spot,614755760,mock,BTC-USDT
2199944884,0,0,1783610796974529136,101,depth,"[65000.85,65000.95,65001.05,65001.15,65001.25,65001.35,65001.45,65001.55,65001.65,65001.75]",65000.85,"[0.001,0.002,0.003,0.004,0.005,0.006,0.007,0.008,0.009000000000000001,0.01]",0.001,"[65000.65,65000.55,65000.45,65000.35,65000.25,65000.15,65000.05,64999.95,64999.85,64999.75]",65000.65,"[0.001,0.002,0.003,0.004,0.005,0.006,0.007,0.008,0.009000000000000001,0.01]",0.001,3475,mock,InstrumentType.Spot,614756320,mock,BTC-USDT
2199944884,0,0,1783610796974850069,101,depth,"[65000.86,65000.96,65001.060000000005,65001.16,65001.26,65001.36,65001.46,65001.560000000005,65001.66,65001.76]",65000.86,"[0.001,0.002,0.003,0.004,0.005,0.006,0.007,0.008,0.009000000000000001,0.01]",0.001,"[65000.66,65000.560000000005,65000.46,65000.36,65000.26,65000.16,65000.060000000005,64999.96,64999.86,64999.76]",65000.66,"[0.001,0.002,0.003,0.004,0.005,0.006,0.007,0.008,0.009000000000000001,0.01]",0.001,3476,mock,InstrumentType.Spot,614756880,mock,BTC-USDT
2199944884,0,0,1783610796975129515,101,depth,"[65000.869999999995,65000.969999999994,65001.07,65001.17,65001.27,65001.369999999995,65001.469999999994,65001.57,65001.67,65001.77]",65000.869999999995,"[0.001,0.002,0.003,0.004,0.005,0.006,0.007,0.008,0.009000000000000001,0.01]",0.001,"[65000.67,65000.57,65000.469999999994,65000.369999999995,65000.27,65000.17,65000.07,64999.969999999994,64999.869999999995,64999.77]",65000.67,"[0.001,0.002,0.003,0.004,0.005,0.006,0.007,0.008,0.009000000000000001,0.01]",0.001,3477,mock,InstrumentType.Spot,614757440,mock,BTC-USDT
2199944884,0,0,1783610796975429143,101,depth,"[65000.88,65000.979999999996,65001.08,65001.18,65001.28,65001.38,65001.479999999996,65001.58,65001.68,65001.78]",65000.88,"[0.001,0.002,0.003,0.004,0.005,0.006,0.007,0.008,0.009000000000000001,0.01]",0.001,"[65000.68,65000.58,65000.479999999996,65000.38,65000.28,65000.18,65000.08,64999.979999999996,64999.88,64999.78]",65000.68,"[0.001,0.002,0.003,0.004,0.005,0.006,0.007,0.008,0.009000000000000001,0.01]",0.001,3478,mock,InstrumentType.Spot,614758000,mock,BTC-USDT
2199944884,0,0,1783610796975729104,101,depth,"[65000.89,65000.99,65001.090000000004,65001.19,65001.29,65001.39,65001.49,65001.590000000004,65001.69,65001.79]",65000.89,"[0.001,0.002,0.003,0.004,0.005,0.006,0.007,0.008,0.009000000000000001,0.01]",0.001,"[65000.69,65000.590000000004,65000.49,65000.39,65000.29,65000.19,65000.090000000004,64999.99,64999.89,64999.79]",65000.69,"[0.001,0.002,0.003,0.004,0.005,0.006,0.007,0.008,0.009000000000000001,0.01]",0.001,3479,mock,InstrumentType.Spot,614758560,mock,BTC-USDT
2199944884,0,0,1783610796976028867,101,depth,"[65000.9,65001.0,65001.100000000006,65001.200000000004,65001.3,65001.4,65001.5,65001.600000000006,65001.700000000004,65001.8]",65000.9,"[0.001,0.002,0.003,0.004,0.005,0.006,0.007,0.008,0.009000000000000001,0.01]",0.001,"[65000.700000000004,65000.600000000006,65000.5,65000.4,65000.3,65000.200000000004,65000.100000000006,65000.0,64999.9,64999.8]",65000.700000000004,"[0.001,0.002,0.003,0.004,0.005,0.006,0.007,0.008,0.009000000000000001,0.01]",0.001,3480,mock,InstrumentType.Spot,614759120,mock,BTC-USDT
2199944884,0,0,1783610796976328707,101,depth,"[65000.909999999996,65001.009999999995,65001.11,65001.21,65001.31,65001.409999999996,65001.509999999995,65001.61,65001.71,65001.81]",65000.909999999996,"[0.001,0.002,0.003,0.004,0.005,0.006,0.007,0.008,0.009000000000000001,0.01]",0.001,"[65000.71,65000.61,65000.509999999995,65000.409999999996,65000.31,65000.21,65000.11,65000.009999999995,64999.909999999996,64999.81]",65000.71,"[0.001,0.002,0.003,0.004,0.005,0.006,0.007,0.008,0.009000000000000001,0.01]",0.001,3481,mock,InstrumentType.Spot,614759680,mock,BTC-USDT
2199944884,0,0,1783610796976629717,101,depth,"[65000.92,65001.02,65001.12,65001.22,65001.32,65001.42,65001.52,65001.62,65001.72,65001.82]",65000.92,"[0.001,0.002,0.003,0.004,0.005,0.006,0.007,0.008,0.009000000000000001,0.01]",0.001,"[65000.72,65000.62,65000.52,65000.42,65000.32,65000.22,65000.12,65000.02,64999.92,64999.82]",65000.72,"[0.001,0.002,0.003,0.004,0.005,0.006,0.007,0.008,0.009000000000000001,0.01]",0.001,3482,mock,InstrumentType.Spot,614760240,mock,BTC-USDT
2199944884,0,0,1783610796976930117,101,depth,"[65000.93,65001.03,65001.130000000005,65001.23,65001.33,65001.43,65001.53,65001.630000000005,65001.73,65001.83]",65000.93,"[0.001,0.002,0.003,0.004,0.005,0.006,0.007,0.008,0.009000000000000001,0.01]",0.001,"[65000.73,65000.630000000005,65000.53,65000.43,65000.33,65000.23,65000.130000000005,65000.03,64999.93,64999.83]",65000.73,"[0.001,0.002,0.003,0.004,0.005,0.006,0.007,0.008,0.009000000000000001,0.01]",0.001,3483,mock,InstrumentType.Spot,614760800,mock,BTC-USDT
2199944884,0,0,1783610796977229789,101,depth,"[65000.939999999995,65001.03999999999,65001.14,65001.24,65001.34,65001.439999999995,65001.53999999999,65001.64,65001.74,65001.84]",65000.939999999995,"[0.001,0.002,0.003,0.004,0.005,0.006,0.007,0.008,0.009000000000000001,0.01]",0.001,"[65000.74,65000.64,65000.53999999999,65000.439999999995,65000.34,65000.24,65000.14,65000.03999999999,64999.939999999995,64999.84]",65000.74,"[0.001,0.002,0.003,0.004,0.005,0.006,0.007,0.008,0.009000000000000001,0.01]",0.001,3484,mock,InstrumentType.Spot,614761360,mock,BTC-USDT
2199944884,0,0,1783610796977544859,101,depth,"[65000.95,65001.049999999996,65001.15,65001.25,65001.35,65001.45,65001.549999999996,65001.65,65001.75,65001.85]",65000.95,"[0.001,0.002,0.003,0.004,0.005,0.006,0.007,0.008,0.009000000000000001,0.01]",0.001,"[65000.75,65000.65,65000.549999999996,65000.45,65000.35,65000.25,65000.15,65000.049999999996,64999.95,64999.85]",65000.75,"[0.001,0.002,0.003,0.004,0.005,0.006,0.007,0.008,0.009000000000000001,0.01]",0.001,3485,mock,InstrumentType.Spot,614761920,mock,BTC-USDT
2199944884,0,0,1783610796977829290,101,depth,"[65000.96,65001.06,65001.16,65001.26,65001.36,65001.46,65001.56,65001.66,65001.76,65001.86]",65000.96,"[0.001,0.002,0.003,0.004,0.005,0.006,0.007,0.008,0.009000000000000001,0.01]",0.001,"[65000.76,65000.66,65000.56,65000.46,65000.36,65000.26,65000.16,65000.06,64999.96,64999.86]",65000.76,"[0.001,0.002,0.003,0.004,0.005,0.006,0.007,0.008,0.009000000000000001,0.01]",0.001,3486,mock,InstrumentType.Spot,614762480,mock,BTC-USDT
2199944884,0,0,1783610796978131379,101,depth,"[65000.97,65001.07,65001.170000000006,65001.270000000004,65001.37,65001.47,65001.57,65001.670000000006,65001.770000000004,65001.87]",65000.97,"[0.001,0.002,0.003,0.004,0.005,0.006,0.007,0.008,0.009000000000000001,0.01]",0.001,"[65000.770000000004,65000.670000000006,65000.57,65000.47,65000.37,65000.270000000004,65000.170000000006,65000.07,64999.97,64999.87]",65000.770000000004,"[0.001,0.002,0.003,0.004,0.005,0.006,0.007,0.008,0.009000000000000001,0.01]",0.001,3487,mock,InstrumentType.Spot,614763040,mock,BTC-USDT
2199944884,0,0,1783610796978432870,101,depth,"[65000.979999999996,65001.079999999994,65001.18,65001.28,65001.38,65001.479999999996,65001.579999999994,65001.68,65001.78,65001.88]",65000.979999999996,"[0.001,0.002,0.003,0.004,0.005,0.006,0.007,0.008,0.009000000000000001,0.01]",0.001,"[65000.78,65000.68,65000.579999999994,65000.479999999996,65000.38,65000.28,65000.18,65000.079999999994,64999.979999999996,64999.88]",65000.78,"[0.001,0.002,0.003,0.004,0.005,0.006,0.007,0.008,0.009000000000000001,0.01]",0.001,3488,mock,InstrumentType.Spot,614763600,mock,BTC-USDT
2199944884,0,0,1783610796978730049,101,depth,"[65000.99,65001.09,65001.19,65001.29,65001.39,65001.49,65001.59,65001.69,65001.79,65001.89]",65000.99,"[0.001,0.002,0.003,0.004,0.005,0.006,0.007,0.008,0.009000000000000001,0.01]",0.001,"[65000.79,65000.69,65000.59,65000.49,65000.39,65000.29,65000.19,65000.09,64999.99,64999.89]",65000.79,"[0.001,0.002,0.003,0.004,0.005,0.006,0.007,0.008,0.009000000000000001,0.01]",0.001,3489,mock,InstrumentType.Spot,614764160,mock,BTC-USDT
2199944884,0,0,1783610796979028504,101,depth,"[65001.0,65001.1,65001.200000000004,65001.3,65001.4,65001.5,65001.6,65001.700000000004,65001.8,65001.9]",65001.0,"[0.001,0.002,0.003,0.004,0.005,0.006,0.007,0.008,0.009000000000000001,0.01]",0.001,"[65000.8,65000.700000000004,65000.6,65000.5,65000.4,65000.3,65000.200000000004,65000.1,65000.0,64999.9]",65000.8,"[0.001,0.002,0.003,0.004,0.005,0.006,0.007,0.008,0.009000000000000001,0.01]",0.001,3490,mock,InstrumentType.Spot,614764720,mock,BTC-USDT
2199944884,0,0,1783610796979328533,101,depth,"[65001.01,65001.11,65001.21000000001,65001.310000000005,65001.41,65001.51,65001.61,65001.71000000001,65001.810000000005,65001.91]",65001.01,"[0.001,0.002,0.003,0.004,0.005,0.006,0.007,0.008,0.009000000000000001,0.01]",0.001,"[65000.810000000005,65000.71000000001,65000.61,65000.51,65000.41,65000.310000000005,65000.21000000001,65000.11,65000.01,64999.91]",65000.810000000005,"[0.001,0.002,0.003,0.004,0.005,0.006,0.007,0.008,0.009000000000000001,0.01]",0.001,3491,mock,InstrumentType.Spot,614765280,mock,BTC-USDT
2199944884,0,0,1783610796979628455,101,depth,"[65001.02,65001.119999999995,65001.22,65001.32,65001.42,65001.52,65001.619999999995,65001.72,65001.82,65001.92]",65001.02,"[0.001,0.002,0.003,0.004,0.005,0.006,0.007,0.008,0.009000000000000001,0.01]",0.001,"[65000.82,65000.72,65000.619999999995,65000.52,65000.42,65000.32,65000.22,65000.119999999995,65000.02,64999.92]",65000.82,"[0.001,0.002,0.003,0.004,0.005,0.006,0.007,0.008,0.009000000000000001,0.01]",0.001,3492,mock,InstrumentType.Spot,614765840,mock,BTC-USDT
2199944884,0,0,1783610796979928649,101,depth,"[65001.03,65001.13,65001.23,65001.33,65001.43,65001.53,65001.63,65001.73,65001.83,65001.93]",65001.03,"[0.001,0.002,0.003,0.004,0.005,0.006,0.007,0.008,0.009000000000000001,0.01]",0.001,"[65000.83,65000.73,65000.63,65000.53,65000.43,65000.33,65000.23,65000.13,65000.03,64999.93]",65000.83,"[0.001,0.002,0.003,0.004,0.005,0.006,0.007,0.008,0.009000000000000001,0.01]",0.001,3493,mock,InstrumentType.Spot,614766400,mock,BTC-USDT
2199944884,0,0,1783610796980228751,101,depth,"[65001.04,65001.14,65001.240000000005,65001.340000000004,65001.44,65001.54,65001.64,65001.740000000005,65001.840000000004,65001.94]",65001.04,"[0.001,0.002,0.003,0.004,0.005,0.006,0.007,0.008,0.009000000000000001,0.01]",0.001,"[65000.840000000004,65000.740000000005,65000.64,65000.54,65000.44,65000.340000000004,65000.240000000005,65000.14,65000.04,64999.94]",65000.840000000004,"[0.001,0.002,0.003,0.004,0.005,0.006,0.007,0.008,0.009000000000000001,0.01]",0.001,3494,mock,InstrumentType.Spot,614766960,mock,BTC-USDT
2199944884,0,0,1783610796980544748,101,depth,"[65001.049999999996,65001.149999999994,65001.25,65001.35,65001.45,65001.549999999996,65001.649999999994,65001.75,65001.85,65001.95]",65001.049999999996,"[0.001,0.002,0.003,0.004,0.005,0.006,0.007,0.008,0.009000000000000001,0.01]",0.001,"[65000.85,65000.75,65000.649999999994,65000.549999999996,65000.45,65000.35,65000.25,65000.149999999994,65000.049999999996,64999.95]",65000.85,"[0.001,0.002,0.003,0.004,0.005,0.006,0.007,0.008,0.009000000000000001,0.01]",0.001,3495,mock,InstrumentType.Spot,614767520,mock,BTC-USDT
2199944884,0,0,1783610796980829014,101,depth,"[65001.06,65001.159999999996,65001.26,65001.36,65001.46,65001.56,65001.659999999996,65001.76,65001.86,65001.96]",65001.06,"[0.001,0.002,0.003,0.004,0.005,0.006,0.007,0.008,0.009000000000000001,0.01]",0.001,"[65000.86,65000.76,65000.659999999996,65000.56,65000.46,65000.36,65000.26,65000.159999999996,65000.06,64999.96]",65000.86,"[0.001,0.002,0.003,0.004,0.005,0.006,0.007,0.008,0.009000000000000001,0.01]",0.001,3496,mock,InstrumentType.Spot,614768080,mock,BTC-USDT
2199944884,0,0,1783610796981129286,101,depth,"[65001.07,65001.17,65001.270000000004,65001.37,65001.47,65001.57,65001.67,65001.770000000004,65001.87,65001.97]",65001.07,"[0.001,0.002,0.003,0.004,0.005,0.006,0.007,0.008,0.009000000000000001,0.01]",0.001,"[65000.87,65000.770000000004,65000.67,65000.57,65000.47,65000.37,65000.270000000004,65000.17,65000.07,64999.97]",65000.87,"[0.001,0.002,0.003,0.004,0.005,0.006,0.007,0.008,0.009000000000000001,0.01]",0.001,3497,mock,InstrumentType.Spot,614768640,mock,BTC-USDT
2199944884,0,0,1783610796981429219,101,depth,"[65001.08,65001.18,65001.280000000006,65001.380000000005,65001.48,65001.58,65001.68,65001.780000000006,65001.880000000005,65001.98]",65001.08,"[0.001,0.002,0.003,0.004,0.005,0.006,0.007,0.008,0.009000000000000001,0.01]",0.001,"[65000.880000000005,65000.780000000006,65000.68,65000.58,65000.48,65000.380000000005,65000.280000000006,65000.18,65000.08,64999.98]",65000.880000000005,"[0.001,0.002,0.003,0.004,0.005,0.006,0.007,0.008,0.009000000000000001,0.01]",0.001,3498,mock,InstrumentType.Spot,614769200,mock,BTC-USDT
2199944884,0,0,1783610796981729197,101,depth,"[65001.09,65001.189999999995,65001.29,65001.39,65001.49,65001.59,65001.689999999995,65001.79,65001.89,65001.99]",65001.09,"[0.001,0.002,0.003,0.004,0.005,0.006,0.007,0.008,0.009000000000000001,0.01]",0.001,"[65000.89,65000.79,65000.689999999995,65000.59,65000.49,65000.39,65000.29,65000.189999999995,65000.09,64999.99]",65000.89,"[0.001,0.002,0.003,0.004,0.005,0.006,0.007,0.008,0.009000000000000001,0.01]",0.001,3499,mock,InstrumentType.Spot,614769760,mock,BTC-USDT
2199944884,0,0,1783610796982028664,101,depth,"[65000.1,65000.2,65000.3,65000.4,65000.5,65000.6,65000.7,65000.8,65000.9,65001.0]",65000.1,"[0.001,0.002,0.003,0.004,0.005,0.006,0.007,0.008,0.009000000000000001,0.01]",0.001,"[64999.9,64999.8,64999.7,64999.6,64999.5,64999.4,64999.3,64999.2,64999.1,64999.0]",64999.9,"[0.001,0.002,0.003,0.004,0.005,0.006,0.007,0.008,0.009000000000000001,0.01]",0.001,3500,mock,InstrumentType.Spot,614770320,mock,BTC-USDT
2199944884,0,0,1783610796982328925,101,depth,"[65000.11,65000.21,65000.310000000005,65000.41,65000.51,65000.61,65000.71,65000.810000000005,65000.91,65001.01]",65000.11,"[0.001,0.002,0.003,0.004,0.005,0.006,0.007,0.008,0.009000000000000001,0.01]",0.001,"[64999.91,64999.810000000005,64999.71,64999.61,64999.51,64999.41,64999.310000000005,64999.21,64999.11,64999.01]",64999.91,"[0.001,0.002,0.003,0.004,0.005,0.006,0.007,0.008,0.009000000000000001,0.01]",0.001,3501,mock,InstrumentType.Spot,614770880,mock,BTC-USDT
2199944884,0,0,1783610796982628300,101,depth,"[65000.119999999995,65000.219999999994,65000.32,65000.42,65000.52,65000.619999999995,65000.719999999994,65000.82,65000.92,65001.02]",65000.119999999995,"[0.001,0.002,0.003,0.004,0.005,0.006,0.007,0.008,0.009000000000000001,0.01]",0.001,"[64999.92,64999.82,64999.719999999994,64999.619999999995,64999.52,64999.42,64999.32,64999.219999999994,64999.119999999995,64999.02]",64999.92,"[0.001,0.002,0.003,0.004,0.005,0.006,0.007,0.008,0.009000000000000001,0.01]",0.001,3502,mock,InstrumentType.Spot,614771440,mock,BTC-USDT
2199944884,0,0,1783610796982928396,101,depth,"[65000.13,65000.229999999996,65000.33,65000.43,65000.53,65000.63,65000.729999999996,65000.83,65000.93,65001.03]",65000.13,"[0.001,0.002,0.003,0.004,0.005,0.006,0.007,0.008,0.009000000000000001,0.01]",0.001,"[64999.93,64999.83,64999.729999999996,64999.63,64999.53,64999.43,64999.33,64999.229999999996,64999.13,64999.03]",64999.93,"[0.001,0.002,0.003,0.004,0.005,0.006,0.007,0.008,0.009000000000000001,0.01]",0.001,3503,mock,InstrumentType.Spot,614772000,mock,BTC-USDT
2199944884,0,0,1783610796983235989,101,depth,"[65000.14,65000.24,65000.340000000004,65000.44,65000.54,65000.64,65000.74,65000.840000000004,65000.94,65001.04]",65000.14,"[0.001,0.002,0.003,0.004,0.005,0.006,0.007,0.008,0.009000000000000001,0.01]",0.001,"[64999.94,64999.840000000004,64999.74,64999.64,64999.54,64999.44,64999.340000000004,64999.24,64999.14,64999.04]",64999.94,"[0.001,0.002,0.003,0.004,0.005,0.006,0.007,0.008,0.009000000000000001,0.01]",0.001,3504,mock,InstrumentType.Spot,614772560,mock,BTC-USDT
2199944884,0,0,1783610796983528501,101,depth,"[65000.15,65000.25,65000.350000000006,65000.450000000004,65000.55,65000.65,65000.75,65000.850000000006,65000.950000000004,65001.05]",65000.15,"[0.001,0.002,0.003,0.004,0.005,0.006,0.007,0.008,0.009000000000000001,0.01]",0.001,"[64999.950000000004,64999.850000000006,64999.75,64999.65,64999.55,64999.450000000004,64999.350000000006,64999.25,64999.15,64999.05]",64999.950000000004,"[0.001,0.002,0.003,0.004,0.005,0.006,0.007,0.008,0.009000000000000001,0.01]",0.001,3505,mock,InstrumentType.Spot,614773120,mock,BTC-USDT
2199944884,0,0,1783610796983828434,101,depth,"[65000.159999999996,65000.259999999995,65000.36,65000.46,65000.56,65000.659999999996,65000.759999999995,65000.86,65000.96,65001.06]",65000.159999999996,"[0.001,0.002,0.003,0.004,0.005,0.006,0.007,0.008,0.009000000000000001,0.01]",0.001,"[64999.96,64999.86,64999.759999999995,64999.659999999996,64999.56,64999.46,64999.36,64999.259999999995,64999.159999999996,64999.06]",64999.96,"[0.001,0.002,0.003,0.004,0.005,0.006,0.007,0.008,0.009000000000000001,0.01]",0.001,3506,mock,InstrumentType.Spot,614773680,mock,BTC-USDT
2199944884,0,0,1783610796984128543,101,depth,"[65000.17,65000.27,65000.37,65000.47,65000.57,65000.67,65000.77,65000.87,65000.97,65001.07]",65000.17,"[0.001,0.002,0.003,0.004,0.005,0.006,0.007,0.008,0.009000000000000001,0.01]",0.001,"[64999.97,64999.87,64999.77,64999.67,64999.57,64999.47,64999.37,64999.27,64999.17,64999.07]",64999.97,"[0.001,0.002,0.003,0.004,0.005,0.006,0.007,0.008,0.009000000000000001,0.01]",0.001,3507,mock,InstrumentType.Spot,614774240,mock,BTC-USDT
2199944884,0,0,1783610796984428492,101,depth,"[65000.18,65000.28,65000.380000000005,65000.48,65000.58,65000.68,65000.78,65000.880000000005,65000.98,65001.08]",65000.18,"[0.001,0.002,0.003,0.004,0.005,0.006,0.007,0.008,0.009000000000000001,0.01]",0.001,"[64999.98,64999.880000000005,64999.78,64999.68,64999.58,64999.48,64999.380000000005,64999.28,64999.18,64999.08]",64999.98,"[0.001,0.002,0.003,0.004,0.005,0.006,0.007,0.008,0.009000000000000001,0.01]",0.001,3508,mock,InstrumentType.Spot,614774800,mock,BTC-USDT
2199944884,0,0,1783610796984728759,101,depth,"[65000.189999999995,65000.28999999999,65000.39,65000.49,65000.59,65000.689999999995,65000.78999999999,65000.89,65000.99,65001.09]",65000.189999999995,"[0.001,0.002,0.003,0.004,0.005,0.006,0.007,0.008,0.009000000000000001,0.01]",0.001,"[64999.99,64999.89,64999.78999999999,64999.689999999995,64999.59,64999.49,64999.39,64999.28999999999,64999.189999999995,64999.09]",64999.99,"[0.001,0.002,0.003,0.004,0.005,0.006,0.007,0.008,0.009000000000000001,0.01]",0.001,3509,mock,InstrumentType.Spot,614775360,mock,BTC-USDT
2199944884,0,0,1783610796985028816,101,depth,"[65000.2,65000.299999999996,65000.4,65000.5,65000.6,65000.7,65000.799999999996,65000.9,65001.0,65001.1]",65000.2,"[0.001,0.002,0.003,0.004,0.005,0.006,0.007,0.008,0.009000000000000001,0.01]",0.001,"[65000.0,64999.9,64999.799999999996,64999.7,64999.6,64999.5,64999.4,64999.299999999996,64999.2,64999.1]",65000.0,"[0.001,0.002,0.003,0.004,0.005,0.006,0.007,0.008,0.009000000000000001,0.01]",0.001,3510,mock,InstrumentType.Spot,614775920,mock,BTC-USDT
2199944884,0,0,1783610796985329840,101,depth,"[65000.21,65000.31,65000.41,65000.51,65000.61,65000.71,65000.81,65000.91,65001.01,65001.11]",65000.21,"[0.001,0.002,0.003,0.004,0.005,0.006,0.007,0.008,0.009000000000000001,0.01]",0.001,"[65000.01,64999.91,64999.81,64999.71,64999.61,64999.51,64999.41,64999.31,64999.21,64999.11]",65000.01,"[0.001,0.002,0.003,0.004,0.005,0.006,0.007,0.008,0.009000000000000001,0.01]",0.001,3511,mock,InstrumentType.Spot,614776480,mock,BTC-USDT
2199944884,0,0,1783610796985680245,101,depth,"[65000.22,65000.32,65000.420000000006,65000.520000000004,65000.62,65000.72,65000.82,65000.920000000006,65001.020000000004,65001.12]",65000.22,"[0.001,0.002,0.003,0.004,0.005,0.006,0.007,0.008,0.009000000000000001,0.01]",0.001,"[65000.020000000004,64999.920000000006,64999.82,64999.72,64999.62,64999.520000000004,64999.420000000006,64999.32,64999.22,64999.12]",65000.020000000004,"[0.001,0.002,0.003,0.004,0.005,0.006,0.007,0.008,0.009000000000000001,0.01]",0.001,3512,mock,InstrumentType.Spot,614777040,mock,BTC-USDT
2199944884,0,0,1783610796985930137,101,depth,"[65000.229999999996,65000.329999999994,65000.43,65000.53,65000.63,65000.729999999996,65000.829999999994,65000.93,65001.03,65001.13]",65000.229999999996,"[0.001,0.002,0.003,0.004,0.005,0.006,0.007,0.008,0.009000000000000001,0.01]",0.001,"[65000.03,64999.93,64999.829999999994,64999.729999999996,64999.63,64999.53,64999.43,64999.329999999994,64999.229999999996,64999.13]",65000.03,"[0.001,0.002,0.003,0.004,0.005,0.006,0.007,0.008,0.009000000000000001,0.01]",0.001,3513,mock,InstrumentType.Spot,614777600,mock,BTC-USDT
2199944884,0,0,1783610796986252337,101,depth,"[65000.24,65000.34,65000.44,65000.54,65000.64,65000.74,65000.84,65000.94,65001.04,65001.14]",65000.24,"[0.001,0.002,0.003,0.004,0.005,0.006,0.007,0.008,0.009000000000000001,0.01]",0.001,"[65000.04,64999.94,64999.84,64999.74,64999.64,64999.54,64999.44,64999.34,64999.24,64999.14]",65000.04,"[0.001,0.002,0.003,0.004,0.005,0.006,0.007,0.008,0.009000000000000001,0.01]",0.001,3514,mock,InstrumentType.Spot,614778160,mock,BTC-USDT
2199944884,0,0,1783610796986529574,101,depth,"[65000.25,65000.35,65000.450000000004,65000.55,65000.65,65000.75,65000.85,65000.950000000004,65001.05,65001.15]",65000.25,"[0.001,0.002,0.003,0.004,0.005,0.006,0.007,0.008,0.009000000000000001,0.01]",0.001,"[65000.05,64999.950000000004,64999.85,64999.75,64999.65,64999.55,64999.450000000004,64999.35,64999.25,64999.15]",65000.05,"[0.001,0.002,0.003,0.004,0.005,0.006,0.007,0.008,0.009000000000000001,0.01]",0.001,3515,mock,InstrumentType.Spot,614778720,mock,BTC-USDT
2199944884,0,0,1783610796986829309,101,depth,"[65000.26,65000.36,65000.46000000001,65000.560000000005,65000.66,65000.76,65000.86,65000.96000000001,65001.060000000005,65001.16]",65000.26,"[0.001,0.002,0.003,0.004,0.005,0.006,0.007,0.008,0.009000000000000001,0.01]",0.001,"[65000.060000000005,64999.96000000001,64999.86,64999.76,64999.66,64999.560000000005,64999.46000000001,64999.36,64999.26,64999.16]",65000.060000000005,"[0.001,0.002,0.003,0.004,0.005,0.006,0.007,0.008,0.009000000000000001,0.01]",0.001,3516,mock,InstrumentType.Spot,614779280,mock,BTC-USDT
2199944884,0,0,1783610796987129880,101,depth,"[65000.27,65000.369999999995,65000.47,65000.57,65000.67,65000.77,65000.869999999995,65000.97,65001.07,65001.17]",65000.27,"[0.001,0.002,0.003,0.004,0.005,0.006,0.007,0.008,0.009000000000000001,0.01]",0.001,"[65000.07,64999.97,64999.869999999995,64999.77,64999.67,64999.57,64999.47,64999.369999999995,64999.27,64999.17]",65000.07,"[0.001,0.002,0.003,0.004,0.005,0.006,0.007,0.008,0.009000000000000001,0.01]",0.001,3517,mock,InstrumentType.Spot,614779840,mock,BTC-USDT
2199944884,0,0,1783610796987429685,101,depth,"[65000.28,65000.38,65000.48,65000.58,65000.68,65000.78,65000.88,65000.98,65001.08,65001.18]",65000.28,"[0.001,0.002,0.003,0.004,0.005,0.006,0.007,0.008,0.009000000000000001,0.01]",0.001,"[65000.08,64999.98,64999.88,64999.78,64999.68,64999.58,64999.48,64999.38,64999.28,64999.18]",65000.08,"[0.001,0.002,0.003,0.004,0.005,0.006,0.007,0.008,0.009000000000000001,0.01]",0.001,3518,mock,InstrumentType.Spot,614780400,mock,BTC-USDT
2199944884,0,0,1783610796987729550,101,depth,"[65000.29,65000.39,65000.490000000005,65000.590000000004,65000.69,65000.79,65000.89,65000.990000000005,65001.090000000004,65001.19]",65000.29,"[0.001,0.002,0.003,0.004,0.005,0.006,0.007,0.008,0.009000000000000001,0.01]",0.001,"[65000.090000000004,64999.990000000005,64999.89,64999.79,64999.69,64999.590000000004,64999.490000000005,64999.39,64999.29,64999.19]",65000.090000000004,"[0.001,0.002,0.003,0.004,0.005,0.006,0.007,0.008,0.009000000000000001,0.01]",0.001,3519,mock,InstrumentType.Spot,614780960,mock,BTC-USDT
2199944884,0,0,1783610796988030237,101,depth,"[65000.299999999996,65000.399999999994,65000.5,65000.6,65000.7,65000.799999999996,65000.899999999994,65001.0,65001.1,65001.2]",65000.299999999996,"[0.001,0.002,0.003,0.004,0.005,0.006,0.007,0.008,0.009000000000000001,0.01]",0.001,"[65000.1,65000.0,64999.899999999994,64999.799999999996,64999.7,64999.6,64999.5,64999.399999999994,64999.299999999996,64999.2]",65000.1,"[0.001,0.002,0.003,0.004,0.005,0.006,0.007,0.008,0.009000000000000001,0.01]",0.001,3520,mock,InstrumentType.Spot,614781520,mock,BTC-USDT
2199944884,0,0,1783610796988330438,101,depth,"[65000.31,65000.409999999996,65000.51,65000.61,65000.71,65000.81,65000.909999999996,65001.01,65001.11,65001.21]",65000.31,"[0.001,0.002,0.003,0.004,0.005,0.006,0.007,0.008,0.009000000000000001,0.01]",0.001,"[65000.11,65000.01,64999.909999999996,64999.81,64999.71,64999.61,64999.51,64999.409999999996,64999.31,64999.21]",65000.11,"[0.001,0.002,0.003,0.004,0.005,0.006,0.007,0.008,0.009000000000000001,0.01]",0.001,3521,mock,InstrumentType.Spot,614782080,mock,BTC-USDT
2199944884,0,0,1783610796988630135,101,depth,"[65000.32,65000.42,65000.520000000004,65000.62,65000.72,65000.82,65000.92,65001.020000000004,65001.12,65001.22]",65000.32,"[0.001,0.002,0.003,0.004,0.005,0.006,0.007,0.008,0.009000000000000001,0.01]",0.001,"[65000.12,65000.020000000004,64999.92,64999.82,64999.72,64999.62,64999.520000000004,64999.42,64999.32,64999.22]",65000.12,"[0.001,0.002,0.003,0.004,0.005,0.006,0.007,0.008,0.009000000000000001,0.01]",0.001,3522,mock,InstrumentType.Spot,614782640,mock,BTC-USDT
2199944884,0,0,1783610796988940306,101,depth,"[65000.33,65000.43,65000.530000000006,65000.630000000005,65000.73,65000.83,65000.93,65001.030000000006,65001.130000000005,65001.23]",65000.33,"[0.001,0.002,0.003,0.004,0.005,0.006,0.007,0.008,0.009000000000000001,0.01]",0.001,"[65000.130000000005,65000.030000000006,64999.93,64999.83,64999.73,64999.630000000005,64999.530000000006,64999.43,64999.33,64999.23]",65000.130000000005,"[0.001,0.002,0.003,0.004,0.005,0.006,0.007,0.008,0.009000000000000001,0.01]",0.001,3523,mock,InstrumentType.Spot,614783200,mock,BTC-USDT
2199944884,0,0,1783610796989229868,101,depth,"[65000.34,65000.439999999995,65000.54,65000.64,65000.74,65000.84,65000.939999999995,65001.04,65001.14,65001.24]",65000.34,"[0.001,0.002,0.003,0.004,0.005,0.006,0.007,0.008,0.009000000000000001,0.01]",0.001,"[65000.14,65000.04,64999.939999999995,64999.84,64999.74,64999.64,64999.54,64999.439999999995,64999.34,64999.24]",65000.14,"[0.001,0.002,0.003,0.004,0.005,0.006,0.007,0.008,0.009000000000000001,0.01]",0.001,3524,mock,InstrumentType.Spot,614783760,mock,BTC-USDT
2199944884,0,0,1783610796989529088,101,depth,"[65000.35,65000.45,65000.55,65000.65,65000.75,65000.85,65000.95,65001.05,65001.15,65001.25]",65000.35,"[0.001,0.002,0.003,0.004,0.005,0.006,0.007,0.008,0.009000000000000001,0.01]",0.001,"[65000.15,65000.05,64999.95,64999.85,64999.75,64999.65,64999.55,64999.45,64999.35,64999.25]",65000.15,"[0.001,0.002,0.003,0.004,0.005,0.006,0.007,0.008,0.009000000000000001,0.01]",0.001,3525,mock,InstrumentType.Spot,614784320,mock,BTC-USDT
2199944884,0,0,1783610796989829078,101,depth,"[65000.36,65000.46,65000.560000000005,65000.66,65000.76,65000.86,65000.96,65001.060000000005,65001.16,65001.26]",65000.36,"[0.001,0.002,0.003,0.004,0.005,0.006,0.007,0.008,0.009000000000000001,0.01]",0.001,"[65000.16,65000.060000000005,64999.96,64999.86,64999.76,64999.66,64999.560000000005,64999.46,64999.36,64999.26]",65000.16,"[0.001,0.002,0.003,0.004,0.005,0.006,0.007,0.008,0.009000000000000001,0.01]",0.001,3526,mock,InstrumentType.Spot,614784880,mock,BTC-USDT
2199944884,0,0,1783610796990129005,101,depth,"[65000.369999999995,65000.469999999994,65000.57,65000.67,65000.77,65000.869999999995,65000.969999999994,65001.07,65001.17,65001.27]",65000.369999999995,"[0.001,0.002,0.003,0.004,0.005,0.006,0.007,0.008,0.009000000000000001,0.01]",0.001,"[65000.17,65000.07,64999.969999999994,64999.869999999995,64999.77,64999.67,64999.57,64999.469999999994,64999.369999999995,64999.27]",65000.17,"[0.001,0.002,0.003,0.004,0.005,0.006,0.007,0.008,0.009000000000000001,0.01]",0.001,3527,mock,InstrumentType.Spot,614785440,mock,BTC-USDT
2199944884,0,0,1783610796990429190,101,depth,"[65000.38,65000.479999999996,65000.58,65000.68,65000.78,65000.88,65000.979999999996,65001.08,65001.18,65001.28]",65000.38,"[0.001,0.002,0.003,0.004,0.005,0.006,0.007,0.008,0.009000000000000001,0.01]",0.001,"[65000.18,65000.08,64999.979999999996,64999.88,64999.78,64999.68,64999.58,64999.479999999996,64999.38,64999.28]",65000.18,"[0.001,0.002,0.003,0.004,0.005,0.006,0.007,0.008,0.009000000000000001,0.01]",0.001,3528,mock,InstrumentType.Spot,614786000,mock,BTC-USDT
2199944884,0,0,1783610796990728688,101,depth,"[65000.39,65000.49,65000.590000000004,65000.69,65000.79,65000.89,65000.99,65001.090000000004,65001.19,65001.29]",65000.39,"[0.001,0.002,0.003,0.004,0.005,0.006,0.007,0.008,0.009000000000000001,0.01]",0.001,"[65000.19,65000.090000000004,64999.99,64999.89,64999.79,64999.69,64999.590000000004,64999.49,64999.39,64999.29]",65000.19,"[0.001,0.002,0.003,0.004,0.005,0.006,0.007,0.008,0.009000000000000001,0.01]",0.001,3529,mock,InstrumentType.Spot,614786560,mock,BTC-USDT
2199944884,0,0,1783610796991028778,101,depth,"[65000.4,65000.5,65000.600000000006,65000.700000000004,65000.8,65000.9,65001.0,65001.100000000006,65001.200000000004,65001.3]",65000.4,"[0.001,0.002,0.003,0.004,0.005,0.006,0.007,0.008,0.009000000000000001,0.01]",0.001,"[65000.200000000004,65000.100000000006,65000.0,64999.9,64999.8,64999.700000000004,64999.600000000006,64999.5,64999.4,64999.3]",65000.200000000004,"[0.001,0.002,0.003,0.004,0.005,0.006,0.007,0.008,0.009000000000000001,0.01]",0.001,3530,mock,InstrumentType.Spot,614787120,mock,BTC-USDT
2199944884,0,0,1783610796991328719,101,depth,"[65000.409999999996,65000.509999999995,65000.61,65000.71,65000.81,65000.909999999996,65001.009999999995,65001.11,65001.21,65001.31]",65000.409999999996,"[0.001,0.002,0.003,0.004,0.005,0.006,0.007,0.008,0.009000000000000001,0.01]",0.001,"[65000.21,65000.11,65000.009999999995,64999.909999999996,64999.81,64999.71,64999.61,64999.509999999995,64999.409999999996,64999.31]",65000.21,"[0.001,0.002,0.003,0.004,0.005,0.006,0.007,0.008,0.009000000000000001,0.01]",0.001,3531,mock,InstrumentType.Spot,614787680,mock,BTC-USDT
2199944884,0,0,1783610796991628315,101,depth,"[65000.42,65000.52,65000.62,65000.72,65000.82,65000.92,65001.02,65001.12,65001.22,65001.32]",65000.42,"[0.001,0.002,0.003,0.004,0.005,0.006,0.007,0.008,0.009000000000000001,0.01]",0.001,"[65000.22,65000.12,65000.02,64999.92,64999.82,64999.72,64999.62,64999.52,64999.42,64999.32]",65000.22,"[0.001,0.002,0.003,0.004,0.005,0.006,0.007,0.008,0.009000000000000001,0.01]",0.001,3532,mock,InstrumentType.Spot,614788240,mock,BTC-USDT
2199944884,0,0,1783610796991934487,101,depth,"[65000.43,65000.53,65000.630000000005,65000.73,65000.83,65000.93,65001.03,65001.130000000005,65001.23,65001.33]",65000.43,"[0.001,0.002,0.003,0.004,0.005,0.006,0.007,0.008,0.009000000000000001,0.01]",0.001,"[65000.23,65000.130000000005,65000.03,64999.93,64999.83,64999.73,64999.630000000005,64999.53,64999.43,64999.33]",65000.23,"[0.001,0.002,0.003,0.004,0.005,0.006,0.007,0.008,0.009000000000000001,0.01]",0.001,3533,mock,InstrumentType.Spot,614788800,mock,BTC-USDT
2199944884,0,0,1783610796992228619,101,depth,"[65000.439999999995,65000.53999999999,65000.64,65000.74,65000.84,65000.939999999995,65001.03999999999,65001.14,65001.24,65001.34]",65000.439999999995,"[0.001,0.002,0.003,0.004,0.005,0.006,0.007,0.008,0.009000000000000001,0.01]",0.001,"[65000.24,65000.14,65000.03999999999,64999.939999999995,64999.84,64999.74,64999.64,64999.53999999999,64999.439999999995,64999.34]",65000.24,"[0.001,0.002,0.003,0.004,0.005,0.006,0.007,0.008,0.009000000000000001,0.01]",0.001,3534,mock,InstrumentType.Spot,614789360,mock,BTC-USDT
2199944884,0,0,1783610796992528432,101,depth,"[65000.45,65000.549999999996,65000.65,65000.75,65000.85,65000.95,65001.049999999996,65001.15,65001.25,65001.35]",65000.45,"[0.001,0.002,0.003,0.004,0.005,0.006,0.007,0.008,0.009000000000000001,0.01]",0.001,"[65000.25,65000.15,65000.049999999996,64999.95,64999.85,64999.75,64999.65,64999.549999999996,64999.45,64999.35]",65000.25,"[0.001,0.002,0.003,0.004,0.005,0.006,0.007,0.008,0.009000000000000001,0.01]",0.001,3535,mock,InstrumentType.Spot,614789920,mock,BTC-USDT
2199944884,0,0,1783610796992827992,101,depth,"[65000.46,65000.56,65000.66,65000.76,65000.86,65000.96,65001.06,65001.16,65001.26,65001.36]",65000.46,"[0.001,0.002,0.003,0.004,0.005,0.006,0.007,0.008,0.009000000000000001,0.01]",0.001,"[65000.26,65000.16,65000.06,64999.96,64999.86,64999.76,64999.66,64999.56,64999.46,64999.36]",65000.26,"[0.001,0.002,0.003,0.004,0.005,0.006,0.007,0.008,0.009000000000000001,0.01]",0.001,3536,mock,InstrumentType.Spot,614790480,mock,BTC-USDT
2199944884,0,0,1783610796993128079,101,depth,"[65000.47,65000.57,65000.670000000006,65000.770000000004,65000.87,65000.97,65001.07,65001.170000000006,65001.270000000004,65001.37]",65000.47,"[0.001,0.002,0.003,0.004,0.005,0.006,0.007,0.008,0.009000000000000001,0.01]",0.001,"[65000.270000000004,65000.170000000006,65000.07,64999.97,64999.87,64999.770000000004,64999.670000000006,64999.57,64999.47,64999.37]",65000.270000000004,"[0.001,0.002,0.003,0.004,0.005,0.006,0.007,0.008,0.009000000000000001,0.01]",0.001,3537,mock,InstrumentType.Spot,614791040,mock,BTC-USDT
2199944884,0,0,1783610796993428209,101,depth,"[65000.479999999996,65000.579999999994,65000.68,65000.78,65000.88,65000.979999999996,65001.079999999994,65001.18,65001.28,65001.38]",65000.479999999996,"[0.001,0.002,0.003,0.004,0.005,0.006,0.007,0.008,0.009000000000000001,0.01]",0.001,"[65000.28,65000.18,65000.079999999994,64999.979999999996,64999.88,64999.78,64999.68,64999.579999999994,64999.479999999996,64999.38]",65000.28,"[0.001,0.002,0.003,0.004,0.005,0.006,0.007,0.008,0.009000000000000001,0.01]",0.001,3538,mock,InstrumentType.Spot,614791600,mock,BTC-USDT
2199944884,0,0,1783610796993728273,101,depth,"[65000.49,65000.59,65000.69,65000.79,65000.89,65000.99,65001.09,65001.19,65001.29,65001.39]",65000.49,"[0.001,0.002,0.003,0.004,0.005,0.006,0.007,0.008,0.009000000000000001,0.01]",0.001,"[65000.29,65000.19,65000.09,64999.99,64999.89,64999.79,64999.69,64999.59,64999.49,64999.39]",65000.29,"[0.001,0.002,0.003,0.004,0.005,0.006,0.007,0.008,0.009000000000000001,0.01]",0.001,3539,mock,InstrumentType.Spot,614792160,mock,BTC-USDT
2199944884,0,0,1783610796994027832,101,depth,"[65000.5,65000.6,65000.700000000004,65000.8,65000.9,65001.0,65001.1,65001.200000000004,65001.3,65001.4]",65000.5,"[0.001,0.002,0.003,0.004,0.005,0.006,0.007,0.008,0.009000000000000001,0.01]",0.001,"[65000.3,65000.200000000004,65000.1,65000.0,64999.9,64999.8,64999.700000000004,64999.6,64999.5,64999.4]",65000.3,"[0.001,0.002,0.003,0.004,0.005,0.006,0.007,0.008,0.009000000000000001,0.01]",0.001,3540,mock,InstrumentType.Spot,614792720,mock,BTC-USDT
2199944884,0,0,1783610796994327816,101,depth,"[65000.51,65000.61,65000.71000000001,65000.810000000005,65000.91,65001.01,65001.11,65001.21000000001,65001.310000000005,65001.41]",65000.51,"[0.001,0.002,0.003,0.004,0.005,0.006,0.007,0.008,0.009000000000000001,0.01]",0.001,"[65000.310000000005,65000.21000000001,65000.11,65000.01,64999.91,64999.810000000005,64999.71000000001,64999.61,64999.51,64999.41]",65000.310000000005,"[0.001,0.002,0.003,0.004,0.005,0.006,0.007,0.008,0.009000000000000001,0.01]",0.001,3541,mock,InstrumentType.Spot,614793280,mock,BTC-USDT
2199944884,0,0,1783610796994633040,101,depth,"[65000.52,65000.619999999995,65000.72,65000.82,65000.92,65001.02,65001.119999999995,65001.22,65001.32,65001.42]",65000.52,"[0.001,0.002,0.003,0.004,0.005,0.006,0.007,0.008,0.009000000000000001,0.01]",0.001,"[65000.32,65000.22,65000.119999999995,65000.02,64999.92,64999.82,64999.72,64999.619999999995,64999.52,64999.42]",65000.32,"[0.001,0.002,0.003,0.004,0.005,0.006,0.007,0.008,0.009000000000000001,0.01]",0.001,3542,mock,InstrumentType.Spot,614793840,mock,BTC-USDT
2199944884,0,0,1783610796994927916,101,depth,"[65000.53,65000.63,65000.73,65000.83,65000.93,65001.03,65001.13,65001.23,65001.33,65001.43]",65000.53,"[0.001,0.002,0.003,0.004,0.005,0.006,0.007,0.008,0.009000000000000001,0.01]",0.001,"[65000.33,65000.23,65000.13,65000.03,64999.93,64999.83,64999.73,64999.63,64999.53,64999.43]",65000.33,"[0.001,0.002,0.003,0.004,0.005,0.006,0.007,0.008,0.009000000000000001,0.01]",0.001,3543,mock,InstrumentType.Spot,614794400,mock,BTC-USDT
2199944884,0,0,1783610796995227911,101,depth,"[65000.54,65000.64,65000.740000000005,65000.840000000004,65000.94,65001.04,65001.14,65001.240000000005,65001.340000000004,65001.44]",65000.54,"[0.001,0.002,0.003,0.004,0.005,0.006,0.007,0.008,0.009000000000000001,0.01]",0.001,"[65000.340000000004,65000.240000000005,65000.14,65000.04,64999.94,64999.840000000004,64999.740000000005,64999.64,64999.54,64999.44]",65000.340000000004,"[0.001,0.002,0.003,0.004,0.005,0.006,0.007,0.008,0.009000000000000001,0.01]",0.001,3544,mock,InstrumentType.Spot,614794960,mock,BTC-USDT
2199944884,0,0,1783610796995527855,101,depth,"[65000.549999999996,65000.649999999994,65000.75,65000.85,65000.95,65001.049999999996,65001.149999999994,65001.25,65001.35,65001.45]",65000.549999999996,"[0.001,0.002,0.003,0.004,0.005,0.006,0.007,0.008,0.009000000000000001,0.01]",0.001,"[65000.35,65000.25,65000.149999999994,65000.049999999996,64999.95,64999.85,64999.75,64999.649999999994,64999.549999999996,64999.45]",65000.35,"[0.001,0.002,0.003,0.004,0.005,0.006,0.007,0.008,0.009000000000000001,0.01]",0.001,3545,mock,InstrumentType.Spot,614795520,mock,BTC-USDT
2199944884,0,0,1783610796995827869,101,depth,"[65000.56,65000.659999999996,65000.76,65000.86,65000.96,65001.06,65001.159999999996,65001.26,65001.36,65001.46]",65000.56,"[0.001,0.002,0.003,0.004,0.005,0.006,0.007,0.008,0.009000000000000001,0.01]",0.001,"[65000.36,65000.26,65000.159999999996,65000.06,64999.96,64999.86,64999.76,64999.659999999996,64999.56,64999.46]",65000.36,"[0.001,0.002,0.003,0.004,0.005,0.006,0.007,0.008,0.009000000000000001,0.01]",0.001,3546,mock,InstrumentType.Spot,614796080,mock,BTC-USDT
2199944884,0,0,1783610796996128026,101,depth,"[65000.57,65000.67,65000.770000000004,65000.87,65000.97,65001.07,65001.17,65001.270000000004,65001.37,65001.47]",65000.57,"[0.001,0.002,0.003,0.004,0.005,0.006,0.007,0.008,0.009000000000000001,0.01]",0.001,"[65000.37,65000.270000000004,65000.17,65000.07,64999.97,64999.87,64999.770000000004,64999.67,64999.57,64999.47]",65000.37,"[0.001,0.002,0.003,0.004,0.005,0.006,0.007,0.008,0.009000000000000001,0.01]",0.001,3547,mock,InstrumentType.Spot,614796640,mock,BTC-USDT
2199944884,0,0,1783610796996428337,101,depth,"[65000.58,65000.68,65000.780000000006,65000.880000000005,65000.98,65001.08,65001.18,65001.280000000006,65001.380000000005,65001.48]",65000.58,"[0.001,0.002,0.003,0.004,0.005,0.006,0.007,0.008,0.009000000000000001,0.01]",0.001,"[65000.380000000005,65000.280000000006,65000.18,65000.08,64999.98,64999.880000000005,64999.780000000006,64999.68,64999.58,64999.48]",65000.380000000005,"[0.001,0.002,0.003,0.004,0.005,0.006,0.007,0.008,0.009000000000000001,0.01]",0.001,3548,mock,InstrumentType.Spot,614797200,mock,BTC-USDT
2199944884,0,0,1783610796996732321,101,depth,"[65000.59,65000.689999999995,65000.79,65000.89,65000.99,65001.09,65001.189999999995,65001.29,65001.39,65001.49]",65000.59,"[0.001,0.002,0.003,0.004,0.005,0.006,0.007,0.008,0.009000000000000001,0.01]",0.001,"[65000.39,65000.29,65000.189999999995,65000.09,64999.99,64999.89,64999.79,64999.689999999995,64999.59,64999.49]",65000.39,"[0.001,0.002,0.003,0.004,0.005,0.006,0.007,0.008,0.009000000000000001,0.01]",0.001,3549,mock,InstrumentType.Spot,614797760,mock,BTC-USDT
2199944884,0,0,1783610796997028594,101,depth,"[65000.6,65000.7,65000.8,65000.9,65001.0,65001.1,65001.2,65001.3,65001.4,65001.5]",65000.6,"[0.001,0.002,0.003,0.004,0.005,0.006,0.007,0.008,0.009000000000000001,0.01]",0.001,"[65000.4,65000.3,65000.2,65000.1,65000.0,64999.9,64999.8,64999.7,64999.6,64999.5]",65000.4,"[0.001,0.002,0.003,0.004,0.005,0.006,0.007,0.008,0.009000000000000001,0.01]",0.001,3550,mock,InstrumentType.Spot,614798320,mock,BTC-USDT
2199944884,0,0,1783610796997327980,101,depth,"[65000.61,65000.71,65000.810000000005,65000.91,65001.01,65001.11,65001.21,65001.310000000005,65001.41,65001.51]",65000.61,"[0.001,0.002,0.003,0.004,0.005,0.006,0.007,0.008,0.009000000000000001,0.01]",0.001,"[65000.41,65000.310000000005,65000.21,65000.11,65000.01,64999.91,64999.810000000005,64999.71,64999.61,64999.51]",65000.41,"[0.001,0.002,0.003,0.004,0.005,0.006,0.007,0.008,0.009000000000000001,0.01]",0.001,3551,mock,InstrumentType.Spot,614798880,mock,BTC-USDT
2199944884,0,0,1783610796997639371,101,depth,"[65000.619999999995,65000.719999999994,65000.82,65000.92,65001.02,65001.119999999995,65001.219999999994,65001.32,65001.42,65001.52]",65000.619999999995,"[0.001,0.002,0.003,0.004,0.005,0.006,0.007,0.008,0.009000000000000001,0.01]",0.001,"[65000.42,65000.32,65000.219999999994,65000.119999999995,65000.02,64999.92,64999.82,64999.719999999994,64999.619999999995,64999.52]",65000.42,"[0.001,0.002,0.003,0.004,0.005,0.006,0.007,0.008,0.009000000000000001,0.01]",0.001,3552,mock,InstrumentType.Spot,614799440,mock,BTC-USDT
2199944884,0,0,1783610796997928190,101,depth,"[65000.63,65000.729999999996,65000.83,65000.93,65001.03,65001.13,65001.229999999996,65001.33,65001.43,65001.53]",65000.63,"[0.001,0.002,0.003,0.004,0.005,0.006,0.007,0.008,0.009000000000000001,0.01]",0.001,"[65000.43,65000.33,65000.229999999996,65000.13,65000.03,64999.93,64999.83,64999.729999999996,64999.63,64999.53]",65000.43,"[0.001,0.002,0.003,0.004,0.005,0.006,0.007,0.008,0.009000000000000001,0.01]",0.001,3553,mock,InstrumentType.Spot,614800000,mock,BTC-USDT
2199944884,0,0,1783610796998228278,101,depth,"[65000.64,65000.74,65000.840000000004,65000.94,65001.04,65001.14,65001.24,65001.340000000004,65001.44,65001.54]",65000.64,"[0.001,0.002,0.003,0.004,0.005,0.006,0.007,0.008,0.009000000000000001,0.01]",0.001,"[65000.44,65000.340000000004,65000.24,65000.14,65000.04,64999.94,64999.840000000004,64999.74,64999.64,64999.54]",65000.44,"[0.001,0.002,0.003,0.004,0.005,0.006,0.007,0.008,0.009000000000000001,0.01]",0.001,3554,mock,InstrumentType.Spot,614800560,mock,BTC-USDT
2199944884,0,0,1783610796998527855,101,depth,"[65000.65,65000.75,65000.850000000006,65000.950000000004,65001.05,65001.15,65001.25,65001.350000000006,65001.450000000004,65001.55]",65000.65,"[0.001,0.002,0.003,0.004,0.005,0.006,0.007,0.008,0.009000000000000001,0.01]",0.001,"[65000.450000000004,65000.350000000006,65000.25,65000.15,65000.05,64999.950000000004,64999.850000000006,64999.75,64999.65,64999.55]",65000.450000000004,"[0.001,0.002,0.003,0.004,0.005,0.006,0.007,0.008,0.009000000000000001,0.01]",0.001,3555,mock,InstrumentType.Spot,614801120,mock,BTC-USDT
2199944884,0,0,1783610796998827770,101,depth,"[65000.659999999996,65000.759999999995,65000.86,65000.96,65001.06,65001.159999999996,65001.259999999995,65001.36,65001.46,65001.56]",65000.659999999996,"[0.001,0.002,0.003,0.004,0.005,0.006,0.007,0.008,0.009000000000000001,0.01]",0.001,"[65000.46,65000.36,65000.259999999995,65000.159999999996,65000.06,64999.96,64999.86,64999.759999999995,64999.659999999996,64999.56]",65000.46,"[0.001,0.002,0.003,0.004,0.005,0.006,0.007,0.008,0.009000000000000001,0.01]",0.001,3556,mock,InstrumentType.Spot,614801680,mock,BTC-USDT
2199944884,0,0,1783610796999128022,101,depth,"[65000.67,65000.77,65000.87,65000.97,65001.07,65001.17,65001.27,65001.37,65001.47,65001.57]",65000.67,"[0.001,0.002,0.003,0.004,0.005,0.006,0.007,0.008,0.009000000000000001,0.01]",0.001,"[65000.47,65000.37,65000.27,65000.17,65000.07,64999.97,64999.87,64999.77,64999.67,64999.57]",65000.47,"[0.001,0.002,0.003,0.004,0.005,0.006,0.007,0.008,0.009000000000000001,0.01]",0.001,3557,mock,InstrumentType.Spot,614802240,mock,BTC-USDT
2199944884,0,0,1783610796999427961,101,depth,"[65000.68,65000.78,65000.880000000005,65000.98,65001.08,65001.18,65001.28,65001.380000000005,65001.48,65001.58]",65000.68,"[0.001,0.002,0.003,0.004,0.005,0.006,0.007,0.008,0.009000000000000001,0.01]",0.001,"[65000.48,65000.380000000005,65000.28,65000.18,65000.08,64999.98,64999.880000000005,64999.78,64999.68,64999.58]",65000.48,"[0.001,0.002,0.003,0.004,0.005,0.006,0.007,0.008,0.009000000000000001,0.01]",0.001,3558,mock,InstrumentType.Spot,614802800,mock,BTC-USDT
2199944884,0,0,1783610796999727950,101,depth,"[65000.689999999995,65000.78999999999,65000.89,65000.99,65001.09,65001.189999999995,65001.28999999999,65001.39,65001.49,65001.59]",65000.689999999995,"[0.001,0.002,0.003,0.004,0.005,0.006,0.007,0.008,0.009000000000000001,0.01]",0.001,"[65000.49,65000.39,65000.28999999999,65000.189999999995,65000.09,64999.99,64999.89,64999.78999999999,64999.689999999995,64999.59]",65000.49,"[0.001,0.002,0.003,0.004,0.005,0.006,0.007,0.008,0.009000000000000001,0.01]",0.001,3559,mock,InstrumentType.Spot,614803360,mock,BTC-USDT
2199944884,0,0,1783610797000027834,101,depth,"[65000.7,65000.799999999996,65000.9,65001.0,65001.1,65001.2,65001.299999999996,65001.4,65001.5,65001.6]",65000.7,"[0.001,0.002,0.003,0.004,0.005,0.006,0.007,0.008,0.009000000000000001,0.01]",0.001,"[65000.5,65000.4,65000.299999999996,65000.2,65000.1,65000.0,64999.9,64999.799999999996,64999.7,64999.6]",65000.5,"[0.001,0.002,0.003,0.004,0.005,0.006,0.007,0.008,0.009000000000000001,0.01]",0.001,3560,mock,InstrumentType.Spot,614803920,mock,BTC-USDT
2199944884,0,0,1783610797000327810,101,depth,"[65000.71,65000.81,65000.91,65001.01,65001.11,65001.21,65001.31,65001.41,65001.51,65001.61]",65000.71,"[0.001,0.002,0.003,0.004,0.005,0.006,0.007,0.008,0.009000000000000001,0.01]",0.001,"[65000.51,65000.41,65000.31,65000.21,65000.11,65000.01,64999.91,64999.81,64999.71,64999.61]",65000.51,"[0.001,0.002,0.003,0.004,0.005,0.006,0.007,0.008,0.009000000000000001,0.01]",0.001,3561,mock,InstrumentType.Spot,614804480,mock,BTC-USDT
2199944884,0,0,1783610797000635423,101,depth,"[65000.72,65000.82,65000.920000000006,65001.020000000004,65001.12,65001.22,65001.32,65001.420000000006,65001.520000000004,65001.62]",65000.72,"[0.001,0.002,0.003,0.004,0.005,0.006,0.007,0.008,0.009000000000000001,0.01]",0.001,"[65000.520000000004,65000.420000000006,65000.32,65000.22,65000.12,65000.020000000004,64999.920000000006,64999.82,64999.72,64999.62]",65000.520000000004,"[0.001,0.002,0.003,0.004,0.005,0.006,0.007,0.008,0.009000000000000001,0.01]",0.001,3562,mock,InstrumentType.Spot,614805040,mock,BTC-USDT
2199944884,0,0,1783610797000927805,101,depth,"[65000.729999999996,65000.829999999994,65000.93,65001.03,65001.13,65001.229999999996,65001.329999999994,65001.43,65001.53,65001.63]",65000.729999999996,"[0.001,0.002,0.003,0.004,0.005,0.006,0.007,0.008,0.009000000000000001,0.01]",0.001,"[65000.53,65000.43,65000.329999999994,65000.229999999996,65000.13,65000.03,64999.93,64999.829999999994,64999.729999999996,64999.63]",65000.53,"[0.001,0.002,0.003,0.004,0.005,0.006,0.007,0.008,0.009000000000000001,0.01]",0.001,3563,mock,InstrumentType.Spot,614805600,mock,BTC-USDT
2199944884,0,0,1783610797001227908,101,depth,"[65000.74,65000.84,65000.94,65001.04,65001.14,65001.24,65001.34,65001.44,65001.54,65001.64]",65000.74,"[0.001,0.002,0.003,0.004,0.005,0.006,0.007,0.008,0.009000000000000001,0.01]",0.001,"[65000.54,65000.44,65000.34,65000.24,65000.14,65000.04,64999.94,64999.84,64999.74,64999.64]",65000.54,"[0.001,0.002,0.003,0.004,0.005,0.006,0.007,0.008,0.009000000000000001,0.01]",0.001,3564,mock,InstrumentType.Spot,614806160,mock,BTC-USDT
2199944884,0,0,1783610797001527966,101,depth,"[65000.75,65000.85,65000.950000000004,65001.05,65001.15,65001.25,65001.35,65001.450000000004,65001.55,65001.65]",65000.75,"[0.001,0.002,0.003,0.004,0.005,0.006,0.007,0.008,0.009000000000000001,0.01]",0.001,"[65000.55,65000.450000000004,65000.35,65000.25,65000.15,65000.05,64999.950000000004,64999.85,64999.75,64999.65]",65000.55,"[0.001,0.002,0.003,0.004,0.005,0.006,0.007,0.008,0.009000000000000001,0.01]",0.001,3565,mock,InstrumentType.Spot,614806720,mock,BTC-USDT
2199944884,0,0,1783610797001827865,101,depth,"[65000.76,65000.86,65000.96000000001,65001.060000000005,65001.16,65001.26,65001.36,65001.46000000001,65001.560000000005,65001.66]",65000.76,"[0.001,0.002,0.003,0.004,0.005,0.006,0.007,0.008,0.009000000000000001,0.01]",0.001,"[65000.560000000005,65000.46000000001,65000.36,65000.26,65000.16,65000.060000000005,64999.96000000001,64999.86,64999.76,64999.66]",65000.560000000005,"[0.001,0.002,0.003,0.004,0.005,0.006,0.007,0.008,0.009000000000000001,0.01]",0.001,3566,mock,InstrumentType.Spot,614807280,mock,BTC-USDT
2199944884,0,0,1783610797002128213,101,depth,"[65000.77,65000.869999999995,65000.97,65001.07,65001.17,65001.27,65001.369999999995,65001.47,65001.57,65001.67]",65000.77,"[0.001,0.002,0.003,0.004,0.005,0.006,0.007,0.008,0.009000000000000001,0.01]",0.001,"[65000.57,65000.47,65000.369999999995,65000.27,65000.17,65000.07,64999.97,64999.869999999995,64999.77,64999.67]",65000.57,"[0.001,0.002,0.003,0.004,0.005,0.006,0.007,0.008,0.009000000000000001,0.01]",0.001,3567,mock,InstrumentType.Spot,614807840,mock,BTC-USDT
2199944884,0,0,1783610797002428073,101,depth,"[65000.78,65000.88,65000.98,65001.08,65001.18,65001.28,65001.38,65001.48,65001.58,65001.68]",65000.78,"[0.001,0.002,0.003,0.004,0.005,0.006,0.007,0.008,0.009000000000000001,0.01]",0.001,"[65000.58,65000.48,65000.38,65000.28,65000.18,65000.08,64999.98,64999.88,64999.78,64999.68]",65000.58,"[0.001,0.002,0.003,0.004,0.005,0.006,0.007,0.008,0.009000000000000001,0.01]",0.001,3568,mock,InstrumentType.Spot,614808400,mock,BTC-USDT
2199944884,0,0,1783610797002728061,101,depth,"[65000.79,65000.89,65000.990000000005,65001.090000000004,65001.19,65001.29,65001.39,65001.490000000005,65001.590000000004,65001.69]",65000.79,"[0.001,0.002,0.003,0.004,0.005,0.006,0.007,0.008,0.009000000000000001,0.01]",0.001,"[65000.590000000004,65000.490000000005,65000.39,65000.29,65000.19,65000.090000000004,64999.990000000005,64999.89,64999.79,64999.69]",65000.590000000004,"[0.001,0.002,0.003,0.004,0.005,0.006,0.007,0.008,0.009000000000000001,0.01]",0.001,3569,mock,InstrumentType.Spot,614808960,mock,BTC-USDT
2199944884,0,0,1783610797003027941,101,depth,"[65000.799999999996,65000.899999999994,65001.0,65001.1,65001.2,65001.299999999996,65001.399999999994,65001.5,65001.6,65001.7]",65000.799999999996,"[0.001,0.002,0.003,0.004,0.005,0.006,0.007,0.008,0.009000000000000001,0.01]",0.001,"[65000.6,65000.5,65000.399999999994,65000.299999999996,65000.2,65000.1,65000.0,64999.899999999994,64999.799999999996,64999.7]",65000.6,"[0.001,0.002,0.003,0.004,0.005,0.006,0.007,0.008,0.009000000000000001,0.01]",0.001,3570,mock,InstrumentType.Spot,614809520,mock,BTC-USDT
2199944884,0,0,1783610797003335536,101,depth,"[65000.81,65000.909999999996,65001.01,65001.11,65001.21,65001.31,65001.409999999996,65001.51,65001.61,65001.71]",65000.81,"[0.001,0.002,0.003,0.004,0.005,0.006,0.007,0.008,0.009000000000000001,0.01]",0.001,"[65000.61,65000.51,65000.409999999996,65000.31,65000.21,65000.11,65000.01,64999.909999999996,64999.81,64999.71]",65000.61,"[0.001,0.002,0.003,0.004,0.005,0.006,0.007,0.008,0.009000000000000001,0.01]",0.001,3571,mock,InstrumentType.Spot,614810080,mock,BTC-USDT
2199944884,0,0,1783610797003628039,101,depth,"[65000.82,65000.92,65001.020000000004,65001.12,65001.22,65001.32,65001.42,65001.520000000004,65001.62,65001.72]",65000.82,"[0.001,0.002,0.003,0.004,0.005,0.006,0.007,0.008,0.009000000000000001,0.01]",0.001,"[65000.62,65000.520000000004,65000.42,65000.32,65000.22,65000.12,65000.020000000004,64999.92,64999.82,64999.72]",65000.62,"[0.001,0.002,0.003,0.004,0.005,0.006,0.007,0.008,0.009000000000000001,0.01]",0.001,3572,mock,InstrumentType.Spot,614810640,mock,BTC-USDT
2199944884,0,0,1783610797003927759,101,depth,"[65000.83,65000.93,65001.030000000006,65001.130000000005,65001.23,65001.33,65001.43,65001.530000000006,65001.630000000005,65001.73]",65000.83,"[0.001,0.002,0.003,0.004,0.005,0.006,0.007,0.008,0.009000000000000001,0.01]",0.001,"[65000.630000000005,65000.530000000006,65000.43,65000.33,65000.23,65000.130000000005,65000.030000000006,64999.93,64999.83,64999.73]",65000.630000000005,"[0.001,0.002,0.003,0.004,0.005,0.006,0.007,0.008,0.009000000000000001,0.01]",0.001,3573,mock,InstrumentType.Spot,614811200,mock,BTC-USDT
2199944884,0,0,1783610797004227901,101,depth,"[65000.84,65000.939999999995,65001.04,65001.14,65001.24,65001.34,65001.439999999995,65001.54,65001.64,65001.74]",65000.84,"[0.001,0.002,0.003,0.004,0.005,0.006,0.007,0.008,0.009000000000000001,0.01]",0.001,"[65000.64,65000.54,65000.439999999995,65000.34,65000.24,65000.14,65000.04,64999.939999999995,64999.84,64999.74]",65000.64,"[0.001,0.002,0.003,0.004,0.005,0.006,0.007,0.008,0.009000000000000001,0.01]",0.001,3574,mock,InstrumentType.Spot,614811760,mock,BTC-USDT
2199944884,0,0,1783610797004527834,101,depth,"[65000.85,65000.95,65001.05,65001.15,65001.25,65001.35,65001.45,65001.55,65001.65,65001.75]",65000.85,"[0.001,0.002,0.003,0.004,0.005,0.006,0.007,0.008,0.009000000000000001,0.01]",0.001,"[65000.65,65000.55,65000.45,65000.35,65000.25,65000.15,65000.05,64999.95,64999.85,64999.75]",65000.65,"[0.001,0.002,0.003,0.004,0.005,0.006,0.007,0.008,0.009000000000000001,0.01]",0.001,3575,mock,InstrumentType.Spot,614812320,mock,BTC-USDT
2199944884,0,0,1783610797004827846,101,depth,"[65000.86,65000.96,65001.060000000005,65001.16,65001.26,65001.36,65001.46,65001.560000000005,65001.66,65001.76]",65000.86,"[0.001,0.002,0.003,0.004,0.005,0.006,0.007,0.008,0.009000000000000001,0.01]",0.001,"[65000.66,65000.560000000005,65000.46,65000.36,65000.26,65000.16,65000.060000000005,64999.96,64999.86,64999.76]",65000.66,"[0.001,0.002,0.003,0.004,0.005,0.006,0.007,0.008,0.009000000000000001,0.01]",0.001,3576,mock,InstrumentType.Spot,614812880,mock,BTC-USDT
2199944884,0,0,1783610797005127864,101,depth,"[65000.869999999995,65000.969999999994,65001.07,65001.17,65001.27,65001.369999999995,65001.469999999994,65001.57,65001.67,65001.77]",65000.869999999995,"[0.001,0.002,0.003,0.004,0.005,0.006,0.007,0.008,0.009000000000000001,0.01]",0.001,"[65000.67,65000.57,65000.469999999994,65000.369999999995,65000.27,65000.17,65000.07,64999.969999999994,64999.869999999995,64999.77]",65000.67,"[0.001,0.002,0.003,0.004,0.005,0.006,0.007,0.008,0.009000000000000001,0.01]",0.001,3577,mock,InstrumentType.Spot,614813440,mock,BTC-USDT
2199944884,0,0,1783610797005427894,101,depth,"[65000.88,65000.979999999996,65001.08,65001.18,65001.28,65001.38,65001.479999999996,65001.58,65001.68,65001.78]",65000.88,"[0.001,0.002,0.003,0.004,0.005,0.006,0.007,0.008,0.009000000000000001,0.01]",0.001,"[65000.68,65000.58,65000.479999999996,65000.38,65000.28,65000.18,65000.08,64999.979999999996,64999.88,64999.78]",65000.68,"[0.001,0.002,0.003,0.004,0.005,0.006,0.007,0.008,0.009000000000000001,0.01]",0.001,3578,mock,InstrumentType.Spot,614814000,mock,BTC-USDT
2199944884,0,0,1783610797005727857,101,depth,"[65000.89,65000.99,65001.090000000004,65001.19,65001.29,65001.39,65001.49,65001.590000000004,65001.69,65001.79]",65000.89,"[0.001,0.002,0.003,0.004,0.005,0.006,0.007,0.008,0.009000000000000001,0.01]",0.001,"[65000.69,65000.590000000004,65000.49,65000.39,65000.29,65000.19,65000.090000000004,64999.99,64999.89,64999.79]",65000.69,"[0.001,0.002,0.003,0.004,0.005,0.006,0.007,0.008,0.009000000000000001,0.01]",0.001,3579,mock,InstrumentType.Spot,614814560,mock,BTC-USDT
2199944884,0,0,1783610797006027769,101,depth,"[65000.9,65001.0,65001.100000000006,65001.200000000004,65001.3,65001.4,65001.5,65001.600000000006,65001.700000000004,65001.8]",65000.9,"[0.001,0.002,0.003,0.004,0.005,0.006,0.007,0.008,0.009000000000000001,0.01]",0.001,"[65000.700000000004,65000.600000000006,65000.5,65000.4,65000.3,65000.200000000004,65000.100000000006,65000.0,64999.9,64999.8]",65000.700000000004,"[0.001,0.002,0.003,0.004,0.005,0.006,0.007,0.008,0.009000000000000001,0.01]",0.001,3580,mock,InstrumentType.Spot,614815120,mock,BTC-USDT
2199944884,0,0,1783610797006333167,101,depth,"[65000.909999999996,65001.009999999995,65001.11,65001.21,65001.31,65001.409999999996,65001.509999999995,65001.61,65001.71,65001.81]",65000.909999999996,"[0.001,0.002,0.003,0.004,0.005,0.006,0.007,0.008,0.009000000000000001,0.01]",0.001,"[65000.71,65000.61,65000.509999999995,65000.409999999996,65000.31,65000.21,65000.11,65000.009999999995,64999.909999999996,64999.81]",65000.71,"[0.001,0.002,0.003,0.004,0.005,0.006,0.007,0.008,0.009000000000000001,0.01]",0.001,3581,mock,InstrumentType.Spot,614815680,mock,BTC-USDT
2199944884,0,0,1783610797006627964,101,depth,"[65000.92,65001.02,65001.12,65001.22,65001.32,65001.42,65001.52,65001.62,65001.72,65001.82]",65000.92,"[0.001,0.002,0.003,0.004,0.005,0.006,0.007,0.008,0.009000000000000001,0.01]",0.001,"[65000.72,65000.62,65000.52,65000.42,65000.32,65000.22,65000.12,65000.02,64999.92,64999.82]",65000.72,"[0.001,0.002,0.003,0.004,0.005,0.006,0.007,0.008,0.009000000000000001,0.01]",0.001,3582,mock,InstrumentType.Spot,614816240,mock,BTC-USDT
2199944884,0,0,1783610797006927875,101,depth,"[65000.93,65001.03,65001.130000000005,65001.23,65001.33,65001.43,65001.53,65001.630000000005,65001.73,65001.83]",65000.93,"[0.001,0.002,0.003,0.004,0.005,0.006,0.007,0.008,0.009000000000000001,0.01]",0.001,"[65000.73,65000.630000000005,65000.53,65000.43,65000.33,65000.23,65000.130000000005,65000.03,64999.93,64999.83]",65000.73,"[0.001,0.002,0.003,0.004,0.005,0.006,0.007,0.008,0.009000000000000001,0.01]",0.001,3583,mock,InstrumentType.Spot,614816800,mock,BTC-USDT
2199944884,0,0,1783610797007227844,101,depth,"[65000.939999999995,65001.03999999999,65001.14,65001.24,65001.34,65001.439999999995,65001.53999999999,65001.64,65001.74,65001.84]",65000.939999999995,"[0.001,0.002,0.003,0.004,0.005,0.006,0.007,0.008,0.009000000000000001,0.01]",0.001,"[65000.74,65000.64,65000.53999999999,65000.439999999995,65000.34,65000.24,65000.14,65000.03999999999,64999.939999999995,64999.84]",65000.74,"[0.001,0.002,0.003,0.004,0.005,0.006,0.007,0.008,0.009000000000000001,0.01]",0.001,3584,mock,InstrumentType.Spot,614817360,mock,BTC-USDT
2199944884,0,0,1783610797007528434,101,depth,"[65000.95,65001.049999999996,65001.15,65001.25,65001.35,65001.45,65001.549999999996,65001.65,65001.75,65001.85]",65000.95,"[0.001,0.002,0.003,0.004,0.005,0.006,0.007,0.008,0.009000000000000001,0.01]",0.001,"[65000.75,65000.65,65000.549999999996,65000.45,65000.35,65000.25,65000.15,65000.049999999996,64999.95,64999.85]",65000.75,"[0.001,0.002,0.003,0.004,0.005,0.006,0.007,0.008,0.009000000000000001,0.01]",0.001,3585,mock,InstrumentType.Spot,614817920,mock,BTC-USDT
2199944884,0,0,1783610797007828334,101,depth,"[65000.96,65001.06,65001.16,65001.26,65001.36,65001.46,65001.56,65001.66,65001.76,65001.86]",65000.96,"[0.001,0.002,0.003,0.004,0.005,0.006,0.007,0.008,0.009000000000000001,0.01]",0.001,"[65000.76,65000.66,65000.56,65000.46,65000.36,65000.26,65000.16,65000.06,64999.96,64999.86]",65000.76,"[0.001,0.002,0.003,0.004,0.005,0.006,0.007,0.008,0.009000000000000001,0.01]",0.001,3586,mock,InstrumentType.Spot,614818480,mock,BTC-USDT
2199944884,0,0,1783610797008128153,101,depth,"[65000.97,65001.07,65001.170000000006,65001.270000000004,65001.37,65001.47,65001.57,65001.670000000006,65001.770000000004,65001.87]",65000.97,"[0.001,0.002,0.003,0.004,0.005,0.006,0.007,0.008,0.009000000000000001,0.01]",0.001,"[65000.770000000004,65000.670000000006,65000.57,65000.47,65000.37,65000.270000000004,65000.170000000006,65000.07,64999.97,64999.87]",65000.770000000004,"[0.001,0.002,0.003,0.004,0.005,0.006,0.007,0.008,0.009000000000000001,0.01]",0.001,3587,mock,InstrumentType.Spot,614819040,mock,BTC-USDT
2199944884,0,0,1783610797008428154,101,depth,"[65000.979999999996,65001.079999999994,65001.18,65001.28,65001.38,65001.479999999996,65001.579999999994,65001.68,65001.78,65001.88]",65000.979999999996,"[0.001,0.002,0.003,0.004,0.005,0.006,0.007,0.008,0.009000000000000001,0.01]",0.001,"[65000.78,65000.68,65000.579999999994,65000.479999999996,65000.38,65000.28,65000.18,65000.079999999994,64999.979999999996,64999.88]",65000.78,"[0.001,0.002,0.003,0.004,0.005,0.006,0.007,0.008,0.009000000000000001,0.01]",0.001,3588,mock,InstrumentType.Spot,614819600,mock,BTC-USDT
2199944884,0,0,1783610797008728017,101,depth,"[65000.99,65001.09,65001.19,65001.29,65001.39,65001.49,65001.59,65001.69,65001.79,65001.89]",65000.99,"[0.001,0.002,0.003,0.004,0.005,0.006,0.007,0.008,0.009000000000000001,0.01]",0.001,"[65000.79,65000.69,65000.59,65000.49,65000.39,65000.29,65000.19,65000.09,64999.99,64999.89]",65000.79,"[0.001,0.002,0.003,0.004,0.005,0.006,0.007,0.008,0.009000000000000001,0.01]",0.001,3589,mock,InstrumentType.Spot,614820160,mock,BTC-USDT
2199944884,0,0,1783610797009036736,101,depth,"[65001.0,65001.1,65001.200000000004,65001.3,65001.4,65001.5,65001.6,65001.700000000004,65001.8,65001.9]",65001.0,"[0.001,0.002,0.003,0.004,0.005,0.006,0.007,0.008,0.009000000000000001,0.01]",0.001,"[65000.8,65000.700000000004,65000.6,65000.5,65000.4,65000.3,65000.200000000004,65000.1,65000.0,64999.9]",65000.8,"[0.001,0.002,0.003,0.004,0.005,0.006,0.007,0.008,0.009000000000000001,0.01]",0.001,3590,mock,InstrumentType.Spot,614820720,mock,BTC-USDT
2199944884,0,0,1783610797009329365,101,depth,"[65001.01,65001.11,65001.21000000001,65001.310000000005,65001.41,65001.51,65001.61,65001.71000000001,65001.810000000005,65001.91]",65001.01,"[0.001,0.002,0.003,0.004,0.005,0.006,0.007,0.008,0.009000000000000001,0.01]",0.001,"[65000.810000000005,65000.71000000001,65000.61,65000.51,65000.41,65000.310000000005,65000.21000000001,65000.11,65000.01,64999.91]",65000.810000000005,"[0.001,0.002,0.003,0.004,0.005,0.006,0.007,0.008,0.009000000000000001,0.01]",0.001,3591,mock,InstrumentType.Spot,614821280,mock,BTC-USDT
2199944884,0,0,1783610797009628593,101,depth,"[65001.02,65001.119999999995,65001.22,65001.32,65001.42,65001.52,65001.619999999995,65001.72,65001.82,65001.92]",65001.02,"[0.001,0.002,0.003,0.004,0.005,0.006,0.007,0.008,0.009000000000000001,0.01]",0.001,"[65000.82,65000.72,65000.619999999995,65000.52,65000.42,65000.32,65000.22,65000.119999999995,65000.02,64999.92]",65000.82,"[0.001,0.002,0.003,0.004,0.005,0.006,0.007,0.008,0.009000000000000001,0.01]",0.001,3592,mock,InstrumentType.Spot,614821840,mock,BTC-USDT
2199944884,0,0,1783610797009928317,101,depth,"[65001.03,65001.13,65001.23,65001.33,65001.43,65001.53,65001.63,65001.73,65001.83,65001.93]",65001.03,"[0.001,0.002,0.003,0.004,0.005,0.006,0.007,0.008,0.009000000000000001,0.01]",0.001,"[65000.83,65000.73,65000.63,65000.53,65000.43,65000.33,65000.23,65000.13,65000.03,64999.93]",65000.83,"[0.001,0.002,0.003,0.004,0.005,0.006,0.007,0.008,0.009000000000000001,0.01]",0.001,3593,mock,InstrumentType.Spot,614822400,mock,BTC-USDT
2199944884,0,0,1783610797010228410,101,depth,"[65001.04,65001.14,65001.240000000005,65001.340000000004,65001.44,65001.54,65001.64,65001.740000000005,65001.840000000004,65001.94]",65001.04,"[0.001,0.002,0.003,0.004,0.005,0.006,0.007,0.008,0.009000000000000001,0.01]",0.001,"[65000.840000000004,65000.740000000005,65000.64,65000.54,65000.44,65000.340000000004,65000.240000000005,65000.14,65000.04,64999.94]",65000.840000000004,"[0.001,0.002,0.003,0.004,0.005,0.006,0.007,0.008,0.009000000000000001,0.01]",0.001,3594,mock,InstrumentType.Spot,614822960,mock,BTC-USDT
2199944884,0,0,1783610797010528407,101,depth,"[65001.049999999996,65001.149999999994,65001.25,65001.35,65001.45,65001.549999999996,65001.649999999994,65001.75,65001.85,65001.95]",65001.049999999996,"[0.001,0.002,0.003,0.004,0.005,0.006,0.007,0.008,0.009000000000000001,0.01]",0.001,"[65000.85,65000.75,65000.649999999994,65000.549999999996,65000.45,65000.35,65000.25,65000.149999999994,65000.049999999996,64999.95]",65000.85,"[0.001,0.002,0.003,0.004,0.005,0.006,0.007,0.008,0.009000000000000001,0.01]",0.001,3595,mock,InstrumentType.Spot,614823520,mock,BTC-USDT
2199944884,0,0,1783610797010828095,101,depth,"[65001.06,65001.159999999996,65001.26,65001.36,65001.46,65001.56,65001.659999999996,65001.76,65001.86,65001.96]",65001.06,"[0.001,0.002,0.003,0.004,0.005,0.006,0.007,0.008,0.009000000000000001,0.01]",0.001,"[65000.86,65000.76,65000.659999999996,65000.56,65000.46,65000.36,65000.26,65000.159999999996,65000.06,64999.96]",65000.86,"[0.001,0.002,0.003,0.004,0.005,0.006,0.007,0.008,0.009000000000000001,0.01]",0.001,3596,mock,InstrumentType.Spot,614824080,mock,BTC-USDT
2199944884,0,0,1783610797011128187,101,depth,"[65001.07,65001.17,65001.270000000004,65001.37,65001.47,65001.57,65001.67,65001.770000000004,65001.87,65001.97]",65001.07,"[0.001,0.002,0.003,0.004,0.005,0.006,0.007,0.008,0.009000000000000001,0.01]",0.001,"[65000.87,65000.770000000004,65000.67,65000.57,65000.47,65000.37,65000.270000000004,65000.17,65000.07,64999.97]",65000.87,"[0.001,0.002,0.003,0.004,0.005,0.006,0.007,0.008,0.009000000000000001,0.01]",0.001,3597,mock,InstrumentType.Spot,614824640,mock,BTC-USDT
2199944884,0,0,1783610797011428102,101,depth,"[65001.08,65001.18,65001.280000000006,65001.380000000005,65001.48,65001.58,65001.68,65001.780000000006,65001.880000000005,65001.98]",65001.08,"[0.001,0.002,0.003,0.004,0.005,0.006,0.007,0.008,0.009000000000000001,0.01]",0.001,"[65000.880000000005,65000.780000000006,65000.68,65000.58,65000.48,65000.380000000005,65000.280000000006,65000.18,65000.08,64999.98]",65000.880000000005,"[0.001,0.002,0.003,0.004,0.005,0.006,0.007,0.008,0.009000000000000001,0.01]",0.001,3598,mock,InstrumentType.Spot,614825200,mock,BTC-USDT
2199944884,0,0,1783610797011727761,101,depth,"[65001.09,65001.189999999995,65001.29,65001.39,65001.49,65001.59,65001.689999999995,65001.79,65001.89,65001.99]",65001.09,"[0.001,0.002,0.003,0.004,0.005,0.006,0.007,0.008,0.009000000000000001,0.01]",0.001,"[65000.89,65000.79,65000.689999999995,65000.59,65000.49,65000.39,65000.29,65000.189999999995,65000.09,64999.99]",65000.89,"[0.001,0.002,0.003,0.004,0.005,0.006,0.007,0.008,0.009000000000000001,0.01]",0.001,3599,mock,InstrumentType.Spot,614825760,mock,BTC-USDT
2199944884,0,0,1783610797012037971,101,depth,"[65000.1,65000.2,65000.3,65000.4,65000.5,65000.6,65000.7,65000.8,65000.9,65001.0]",65000.1,"[0.001,0.002,0.003,0.004,0.005,0.006,0.007,0.008,0.009000000000000001,0.01]",0.001,"[64999.9,64999.8,64999.7,64999.6,64999.5,64999.4,64999.3,64999.2,64999.1,64999.0]",64999.9,"[0.001,0.002,0.003,0.004,0.005,0.006,0.007,0.008,0.009000000000000001,0.01]",0.001,3600,mock,InstrumentType.Spot,614826320,mock,BTC-USDT
2199944884,0,0,1783610797012327877,101,depth,"[65000.11,65000.21,65000.310000000005,65000.41,65000.51,65000.61,65000.71,65000.810000000005,65000.91,65001.01]",65000.11,"[0.001,0.002,0.003,0.004,0.005,0.006,0.007,0.008,0.009000000000000001,0.01]",0.001,"[64999.91,64999.810000000005,64999.71,64999.61,64999.51,64999.41,64999.310000000005,64999.21,64999.11,64999.01]",64999.91,"[0.001,0.002,0.003,0.004,0.005,0.006,0.007,0.008,0.009000000000000001,0.01]",0.001,3601,mock,InstrumentType.Spot,614826880,mock,BTC-USDT
2199944884,0,0,1783610797012627716,101,depth,"[65000.119999999995,65000.219999999994,65000.32,65000.42,65000.52,65000.619999999995,65000.719999999994,65000.82,65000.92,65001.02]",65000.119999999995,"[0.001,0.002,0.003,0.004,0.005,0.006,0.007,0.008,0.009000000000000001,0.01]",0.001,"[64999.92,64999.82,64999.719999999994,64999.619999999995,64999.52,64999.42,64999.32,64999.219999999994,64999.119999999995,64999.02]",64999.92,"[0.001,0.002,0.003,0.004,0.005,0.006,0.007,0.008,0.009000000000000001,0.01]",0.001,3602,mock,InstrumentType.Spot,614827440,mock,BTC-USDT
2199944884,0,0,1783610797012927828,101,depth,"[65000.13,65000.229999999996,65000.33,65000.43,65000.53,65000.63,65000.729999999996,65000.83,65000.93,65001.03]",65000.13,"[0.001,0.002,0.003,0.004,0.005,0.006,0.007,0.008,0.009000000000000001,0.01]",0.001,"[64999.93,64999.83,64999.729999999996,64999.63,64999.53,64999.43,64999.33,64999.229999999996,64999.13,64999.03]",64999.93,"[0.001,0.002,0.003,0.004,0.005,0.006,0.007,0.008,0.009000000000000001,0.01]",0.001,3603,mock,InstrumentType.Spot,614828000,mock,BTC-USDT
2199944884,0,0,1783610797013227829,101,depth,"[65000.14,65000.24,65000.340000000004,65000.44,65000.54,65000.64,65000.74,65000.840000000004,65000.94,65001.04]",65000.14,"[0.001,0.002,0.003,0.004,0.005,0.006,0.007,0.008,0.009000000000000001,0.01]",0.001,"[64999.94,64999.840000000004,64999.74,64999.64,64999.54,64999.44,64999.340000000004,64999.24,64999.14,64999.04]",64999.94,"[0.001,0.002,0.003,0.004,0.005,0.006,0.007,0.008,0.009000000000000001,0.01]",0.001,3604,mock,InstrumentType.Spot,614828560,mock,BTC-USDT
2199944884,0,0,1783610797013528131,101,depth,"[65000.15,65000.25,65000.350000000006,65000.450000000004,65000.55,65000.65,65000.75,65000.850000000006,65000.950000000004,65001.05]",65000.15,"[0.001,0.002,0.003,0.004,0.005,0.006,0.007,0.008,0.009000000000000001,0.01]",0.001,"[64999.950000000004,64999.850000000006,64999.75,64999.65,64999.55,64999.450000000004,64999.350000000006,64999.25,64999.15,64999.05]",64999.950000000004,"[0.001,0.002,0.003,0.004,0.005,0.006,0.007,0.008,0.009000000000000001,0.01]",0.001,3605,mock,InstrumentType.Spot,614829120,mock,BTC-USDT
2199944884,0,0,1783610797013828097,101,depth,"[65000.159999999996,65000.259999999995,65000.36,65000.46,65000.56,65000.659999999996,65000.759999999995,65000.86,65000.96,65001.06]",65000.159999999996,"[0.001,0.002,0.003,0.004,0.005,0.006,0.007,0.008,0.009000000000000001,0.01]",0.001,"[64999.96,64999.86,64999.759999999995,64999.659999999996,64999.56,64999.46,64999.36,64999.259999999995,64999.159999999996,64999.06]",64999.96,"[0.001,0.002,0.003,0.004,0.005,0.006,0.007,0.008,0.009000000000000001,0.01]",0.001,3606,mock,InstrumentType.Spot,614829680,mock,BTC-USDT
2199944884,0,0,1783610797014128175,101,depth,"[65000.17,65000.27,65000.37,65000.47,65000.57,65000.67,65000.77,65000.87,65000.97,65001.07]",65000.17,"[0.001,0.002,0.003,0.004,0.005,0.006,0.007,0.008,0.009000000000000001,0.01]",0.001,"[64999.97,64999.87,64999.77,64999.67,64999.57,64999.47,64999.37,64999.27,64999.17,64999.07]",64999.97,"[0.001,0.002,0.003,0.004,0.005,0.006,0.007,0.008,0.009000000000000001,0.01]",0.001,3607,mock,InstrumentType.Spot,614830240,mock,BTC-USDT
2199944884,0,0,1783610797014428088,101,depth,"[65000.18,65000.28,65000.380000000005,65000.48,65000.58,65000.68,65000.78,65000.880000000005,65000.98,65001.08]",65000.18,"[0.001,0.002,0.003,0.004,0.005,0.006,0.007,0.008,0.009000000000000001,0.01]",0.001,"[64999.98,64999.880000000005,64999.78,64999.68,64999.58,64999.48,64999.380000000005,64999.28,64999.18,64999.08]",64999.98,"[0.001,0.002,0.003,0.004,0.005,0.006,0.007,0.008,0.009000000000000001,0.01]",0.001,3608,mock,InstrumentType.Spot,614830800,mock,BTC-USDT
2199944884,0,0,1783610797014734811,101,depth,"[65000.189999999995,65000.28999999999,65000.39,65000.49,65000.59,65000.689999999995,65000.78999999999,65000.89,65000.99,65001.09]",65000.189999999995,"[0.001,0.002,0.003,0.004,0.005,0.006,0.007,0.008,0.009000000000000001,0.01]",0.001,"[64999.99,64999.89,64999.78999999999,64999.689999999995,64999.59,64999.49,64999.39,64999.28999999999,64999.189999999995,64999.09]",64999.99,"[0.001,0.002,0.003,0.004,0.005,0.006,0.007,0.008,0.009000000000000001,0.01]",0.001,3609,mock,InstrumentType.Spot,614831360,mock,BTC-USDT
2199944884,0,0,1783610797015028431,101,depth,"[65000.2,65000.299999999996,65000.4,65000.5,65000.6,65000.7,65000.799999999996,65000.9,65001.0,65001.1]",65000.2,"[0.001,0.002,0.003,0.004,0.005,0.006,0.007,0.008,0.009000000000000001,0.01]",0.001,"[65000.0,64999.9,64999.799999999996,64999.7,64999.6,64999.5,64999.4,64999.299999999996,64999.2,64999.1]",65000.0,"[0.001,0.002,0.003,0.004,0.005,0.006,0.007,0.008,0.009000000000000001,0.01]",0.001,3610,mock,InstrumentType.Spot,614831920,mock,BTC-USDT
2199944884,0,0,1783610797015328417,101,depth,"[65000.21,65000.31,65000.41,65000.51,65000.61,65000.71,65000.81,65000.91,65001.01,65001.11]",65000.21,"[0.001,0.002,0.003,0.004,0.005,0.006,0.007,0.008,0.009000000000000001,0.01]",0.001,"[65000.01,64999.91,64999.81,64999.71,64999.61,64999.51,64999.41,64999.31,64999.21,64999.11]",65000.01,"[0.001,0.002,0.003,0.004,0.005,0.006,0.007,0.008,0.009000000000000001,0.01]",0.001,3611,mock,InstrumentType.Spot,614832480,mock,BTC-USDT
2199944884,0,0,1783610797015628837,101,depth,"[65000.22,65000.32,65000.420000000006,65000.520000000004,65000.62,65000.72,65000.82,65000.920000000006,65001.020000000004,65001.12]",65000.22,"[0.001,0.002,0.003,0.004,0.005,0.006,0.007,0.008,0.009000000000000001,0.01]",0.001,"[65000.020000000004,64999.920000000006,64999.82,64999.72,64999.62,64999.520000000004,64999.420000000006,64999.32,64999.22,64999.12]",65000.020000000004,"[0.001,0.002,0.003,0.004,0.005,0.006,0.007,0.008,0.009000000000000001,0.01]",0.001,3612,mock,InstrumentType.Spot,614833040,mock,BTC-USDT
2199944884,0,0,1783610797015928704,101,depth,"[65000.229999999996,65000.329999999994,65000.43,65000.53,65000.63,65000.729999999996,65000.829999999994,65000.93,65001.03,65001.13]",65000.229999999996,"[0.001,0.002,0.003,0.004,0.005,0.006,0.007,0.008,0.009000000000000001,0.01]",0.001,"[65000.03,64999.93,64999.829999999994,64999.729999999996,64999.63,64999.53,64999.43,64999.329999999994,64999.229999999996,64999.13]",65000.03,"[0.001,0.002,0.003,0.004,0.005,0.006,0.007,0.008,0.009000000000000001,0.01]",0.001,3613,mock,InstrumentType.Spot,614833600,mock,BTC-USDT
2199944884,0,0,1783610797016228890,101,depth,"[65000.24,65000.34,65000.44,65000.54,65000.64,65000.74,65000.84,65000.94,65001.04,65001.14]",65000.24,"[0.001,0.002,0.003,0.004,0.005,0.006,0.007,0.008,0.009000000000000001,0.01]",0.001,"[65000.04,64999.94,64999.84,64999.74,64999.64,64999.54,64999.44,64999.34,64999.24,64999.14]",65000.04,"[0.001,0.002,0.003,0.004,0.005,0.006,0.007,0.008,0.009000000000000001,0.01]",0.001,3614,mock,InstrumentType.Spot,614834160,mock,BTC-USDT
2199944884,0,0,1783610797016528661,101,depth,"[65000.25,65000.35,65000.450000000004,65000.55,65000.65,65000.75,65000.85,65000.950000000004,65001.05,65001.15]",65000.25,"[0.001,0.002,0.003,0.004,0.005,0.006,0.007,0.008,0.009000000000000001,0.01]",0.001,"[65000.05,64999.950000000004,64999.85,64999.75,64999.65,64999.55,64999.450000000004,64999.35,64999.25,64999.15]",65000.05,"[0.001,0.002,0.003,0.004,0.005,0.006,0.007,0.008,0.009000000000000001,0.01]",0.001,3615,mock,InstrumentType.Spot,614834720,mock,BTC-USDT
2199944884,0,0,1783610797016829236,101,depth,"[65000.26,65000.36,65000.46000000001,65000.560000000005,65000.66,65000.76,65000.86,65000.96000000001,65001.060000000005,65001.16]",65000.26,"[0.001,0.002,0.003,0.004,0.005,0.006,0.007,0.008,0.009000000000000001,0.01]",0.001,"[65000.060000000005,64999.96000000001,64999.86,64999.76,64999.66,64999.560000000005,64999.46000000001,64999.36,64999.26,64999.16]",65000.060000000005,"[0.001,0.002,0.003,0.004,0.005,0.006,0.007,0.008,0.009000000000000001,0.01]",0.001,3616,mock,InstrumentType.Spot,614835280,mock,BTC-USDT
2199944884,0,0,1783610797017129353,101,depth,"[65000.27,65000.369999999995,65000.47,65000.57,65000.67,65000.77,65000.869999999995,65000.97,65001.07,65001.17]",65000.27,"[0.001,0.002,0.003,0.004,0.005,0.006,0.007,0.008,0.009000000000000001,0.01]",0.001,"[65000.07,64999.97,64999.869999999995,64999.77,64999.67,64999.57,64999.47,64999.369999999995,64999.27,64999.17]",65000.07,"[0.001,0.002,0.003,0.004,0.005,0.006,0.007,0.008,0.009000000000000001,0.01]",0.001,3617,mock,InstrumentType.Spot,614835840,mock,BTC-USDT
2199944884,0,0,1783610797017429058,101,depth,"[65000.28,65000.38,65000.48,65000.58,65000.68,65000.78,65000.88,65000.98,65001.08,65001.18]",65000.28,"[0.001,0.002,0.003,0.004,0.005,0.006,0.007,0.008,0.009000000000000001,0.01]",0.001,"[65000.08,64999.98,64999.88,64999.78,64999.68,64999.58,64999.48,64999.38,64999.28,64999.18]",65000.08,"[0.001,0.002,0.003,0.004,0.005,0.006,0.007,0.008,0.009000000000000001,0.01]",0.001,3618,mock,InstrumentType.Spot,614836400,mock,BTC-USDT
2199944884,0,0,1783610797017734594,101,depth,"[65000.29,65000.39,65000.490000000005,65000.590000000004,65000.69,65000.79,65000.89,65000.990000000005,65001.090000000004,65001.19]",65000.29,"[0.001,0.002,0.003,0.004,0.005,0.006,0.007,0.008,0.009000000000000001,0.01]",0.001,"[65000.090000000004,64999.990000000005,64999.89,64999.79,64999.69,64999.590000000004,64999.490000000005,64999.39,64999.29,64999.19]",65000.090000000004,"[0.001,0.002,0.003,0.004,0.005,0.006,0.007,0.008,0.009000000000000001,0.01]",0.001,3619,mock,InstrumentType.Spot,614836960,mock,BTC-USDT
2199944884,0,0,1783610797018049995,101,depth,"[65000.299999999996,65000.399999999994,65000.5,65000.6,65000.7,65000.799999999996,65000.899999999994,65001.0,65001.1,65001.2]",65000.299999999996,"[0.001,0.002,0.003,0.004,0.005,0.006,0.007,0.008,0.009000000000000001,0.01]",0.001,"[65000.1,65000.0,64999.899999999994,64999.799999999996,64999.7,64999.6,64999.5,64999.399999999994,64999.299999999996,64999.2]",65000.1,"[0.001,0.002,0.003,0.004,0.005,0.006,0.007,0.008,0.009000000000000001,0.01]",0.001,3620,mock,InstrumentType.Spot,614837520,mock,BTC-USDT
2199944884,0,0,1783610797018334047,101,depth,"[65000.31,65000.409999999996,65000.51,65000.61,65000.71,65000.81,65000.909999999996,65001.01,65001.11,65001.21]",65000.31,"[0.001,0.002,0.003,0.004,0.005,0.006,0.007,0.008,0.009000000000000001,0.01]",0.001,"[65000.11,65000.01,64999.909999999996,64999.81,64999.71,64999.61,64999.51,64999.409999999996,64999.31,64999.21]",65000.11,"[0.001,0.002,0.003,0.004,0.005,0.006,0.007,0.008,0.009000000000000001,0.01]",0.001,3621,mock,InstrumentType.Spot,614838080,mock,BTC-USDT
2199944884,0,0,1783610797018630904,101,depth,"[65000.32,65000.42,65000.520000000004,65000.62,65000.72,65000.82,65000.92,65001.020000000004,65001.12,65001.22]",65000.32,"[0.001,0.002,0.003,0.004,0.005,0.006,0.007,0.008,0.009000000000000001,0.01]",0.001,"[65000.12,65000.020000000004,64999.92,64999.82,64999.72,64999.62,64999.520000000004,64999.42,64999.32,64999.22]",65000.12,"[0.001,0.002,0.003,0.004,0.005,0.006,0.007,0.008,0.009000000000000001,0.01]",0.001,3622,mock,InstrumentType.Spot,614838640,mock,BTC-USDT
2199944884,0,0,1783610797018928392,101,depth,"[65000.33,65000.43,65000.530000000006,65000.630000000005,65000.73,65000.83,65000.93,65001.030000000006,65001.130000000005,65001.23]",65000.33,"[0.001,0.002,0.003,0.004,0.005,0.006,0.007,0.008,0.009000000000000001,0.01]",0.001,"[65000.130000000005,65000.030000000006,64999.93,64999.83,64999.73,64999.630000000005,64999.530000000006,64999.43,64999.33,64999.23]",65000.130000000005,"[0.001,0.002,0.003,0.004,0.005,0.006,0.007,0.008,0.009000000000000001,0.01]",0.001,3623,mock,InstrumentType.Spot,614839200,mock,BTC-USDT
2199944884,0,0,1783610797019228582,101,depth,"[65000.34,65000.439999999995,65000.54,65000.64,65000.74,65000.84,65000.939999999995,65001.04,65001.14,65001.24]",65000.34,"[0.001,0.002,0.003,0.004,0.005,0.006,0.007,0.008,0.009000000000000001,0.01]",0.001,"[65000.14,65000.04,64999.939999999995,64999.84,64999.74,64999.64,64999.54,64999.439999999995,64999.34,64999.24]",65000.14,"[0.001,0.002,0.003,0.004,0.005,0.006,0.007,0.008,0.009000000000000001,0.01]",0.001,3624,mock,InstrumentType.Spot,614839760,mock,BTC-USDT
2199944884,0,0,1783610797019528391,101,depth,"[65000.35,65000.45,65000.55,65000.65,65000.75,65000.85,65000.95,65001.05,65001.15,65001.25]",65000.35,"[0.001,0.002,0.003,0.004,0.005,0.006,0.007,0.008,0.009000000000000001,0.01]",0.001,"[65000.15,65000.05,64999.95,64999.85,64999.75,64999.65,64999.55,64999.45,64999.35,64999.25]",65000.15,"[0.001,0.002,0.003,0.004,0.005,0.006,0.007,0.008,0.009000000000000001,0.01]",0.001,3625,mock,InstrumentType.Spot,614840320,mock,BTC-USDT
2199944884,0,0,1783610797019828096,101,depth,"[65000.36,65000.46,65000.560000000005,65000.66,65000.76,65000.86,65000.96,65001.060000000005,65001.16,65001.26]",65000.36,"[0.001,0.002,0.003,0.004,0.005,0.006,0.007,0.008,0.009000000000000001,0.01]",0.001,"[65000.16,65000.060000000005,64999.96,64999.86,64999.76,64999.66,64999.560000000005,64999.46,64999.36,64999.26]",65000.16,"[0.001,0.002,0.003,0.004,0.005,0.006,0.007,0.008,0.009000000000000001,0.01]",0.001,3626,mock,InstrumentType.Spot,614840880,mock,BTC-USDT
2199944884,0,0,1783610797020128327,101,depth,"[65000.369999999995,65000.469999999994,65000.57,65000.67,65000.77,65000.869999999995,65000.969999999994,65001.07,65001.17,65001.27]",65000.369999999995,"[0.001,0.002,0.003,0.004,0.005,0.006,0.007,0.008,0.009000000000000001,0.01]",0.001,"[65000.17,65000.07,64999.969999999994,64999.869999999995,64999.77,64999.67,64999.57,64999.469999999994,64999.369999999995,64999.27]",65000.17,"[0.001,0.002,0.003,0.004,0.005,0.006,0.007,0.008,0.009000000000000001,0.01]",0.001,3627,mock,InstrumentType.Spot,614841440,mock,BTC-USDT
2199944884,0,0,1783610797020441862,101,depth,"[65000.38,65000.479999999996,65000.58,65000.68,65000.78,65000.88,65000.979999999996,65001.08,65001.18,65001.28]",65000.38,"[0.001,0.002,0.003,0.004,0.005,0.006,0.007,0.008,0.009000000000000001,0.01]",0.001,"[65000.18,65000.08,64999.979999999996,64999.88,64999.78,64999.68,64999.58,64999.479999999996,64999.38,64999.28]",65000.18,"[0.001,0.002,0.003,0.004,0.005,0.006,0.007,0.008,0.009000000000000001,0.01]",0.001,3628,mock,InstrumentType.Spot,614842000,mock,BTC-USDT
2199944884,0,0,1783610797020728093,101,depth,"[65000.39,65000.49,65000.590000000004,65000.69,65000.79,65000.89,65000.99,65001.090000000004,65001.19,65001.29]",65000.39,"[0.001,0.002,0.003,0.004,0.005,0.006,0.007,0.008,0.009000000000000001,0.01]",0.001,"[65000.19,65000.090000000004,64999.99,64999.89,64999.79,64999.69,64999.590000000004,64999.49,64999.39,64999.29]",65000.19,"[0.001,0.002,0.003,0.004,0.005,0.006,0.007,0.008,0.009000000000000001,0.01]",0.001,3629,mock,InstrumentType.Spot,614842560,mock,BTC-USDT
2199944884,0,0,1783610797021027930,101,depth,"[65000.4,65000.5,65000.600000000006,65000.700000000004,65000.8,65000.9,65001.0,65001.100000000006,65001.200000000004,65001.3]",65000.4,"[0.001,0.002,0.003,0.004,0.005,0.006,0.007,0.008,0.009000000000000001,0.01]",0.001,"[65000.200000000004,65000.100000000006,65000.0,64999.9,64999.8,64999.700000000004,64999.600000000006,64999.5,64999.4,64999.3]",65000.200000000004,"[0.001,0.002,0.003,0.004,0.005,0.006,0.007,0.008,0.009000000000000001,0.01]",0.001,3630,mock,InstrumentType.Spot,614843120,mock,BTC-USDT
2199944884,0,0,1783610797021327823,101,depth,"[65000.409999999996,65000.509999999995,65000.61,65000.71,65000.81,65000.909999999996,65001.009999999995,65001.11,65001.21,65001.31]",65000.409999999996,"[0.001,0.002,0.003,0.004,0.005,0.006,0.007,0.008,0.009000000000000001,0.01]",0.001,"[65000.21,65000.11,65000.009999999995,64999.909999999996,64999.81,64999.71,64999.61,64999.509999999995,64999.409999999996,64999.31]",65000.21,"[0.001,0.002,0.003,0.004,0.005,0.006,0.007,0.008,0.009000000000000001,0.01]",0.001,3631,mock,InstrumentType.Spot,614843680,mock,BTC-USDT
2199944884,0,0,1783610797021627812,101,depth,"[65000.42,65000.52,65000.62,65000.72,65000.82,65000.92,65001.02,65001.12,65001.22,65001.32]",65000.42,"[0.001,0.002,0.003,0.004,0.005,0.006,0.007,0.008,0.009000000000000001,0.01]",0.001,"[65000.22,65000.12,65000.02,64999.92,64999.82,64999.72,64999.62,64999.52,64999.42,64999.32]",65000.22,"[0.001,0.002,0.003,0.004,0.005,0.006,0.007,0.008,0.009000000000000001,0.01]",0.001,3632,mock,InstrumentType.Spot,614844240,mock,BTC-USDT
2199944884,0,0,1783610797021928054,101,depth,"[65000.43,65000.53,65000.630000000005,65000.73,65000.83,65000.93,65001.03,65001.130000000005,65001.23,65001.33]",65000.43,"[0.001,0.002,0.003,0.004,0.005,0.006,0.007,0.008,0.009000000000000001,0.01]",0.001,"[65000.23,65000.130000000005,65000.03,64999.93,64999.83,64999.73,64999.630000000005,64999.53,64999.43,64999.33]",65000.23,"[0.001,0.002,0.003,0.004,0.005,0.006,0.007,0.008,0.009000000000000001,0.01]",0.001,3633,mock,InstrumentType.Spot,614844800,mock,BTC-USDT
2199944884,0,0,1783610797022228154,101,depth,"[65000.439999999995,65000.53999999999,65000.64,65000.74,65000.84,65000.939999999995,65001.03999999999,65001.14,65001.24,65001.34]",65000.439999999995,"[0.001,0.002,0.003,0.004,0.005,0.006,0.007,0.008,0.009000000000000001,0.01]",0.001,"[65000.24,65000.14,65000.03999999999,64999.939999999995,64999.84,64999.74,64999.64,64999.53999999999,64999.439999999995,64999.34]",65000.24,"[0.001,0.002,0.003,0.004,0.005,0.006,0.007,0.008,0.009000000000000001,0.01]",0.001,3634,mock,InstrumentType.Spot,614845360,mock,BTC-USDT
2199944884,0,0,1783610797022528216,101,depth,"[65000.45,65000.549999999996,65000.65,65000.75,65000.85,65000.95,65001.049999999996,65001.15,65001.25,65001.35]",65000.45,"[0.001,0.002,0.003,0.004,0.005,0.006,0.007,0.008,0.009000000000000001,0.01]",0.001,"[65000.25,65000.15,65000.049999999996,64999.95,64999.85,64999.75,64999.65,64999.549999999996,64999.45,64999.35]",65000.25,"[0.001,0.002,0.003,0.004,0.005,0.006,0.007,0.008,0.009000000000000001,0.01]",0.001,3635,mock,InstrumentType.Spot,614845920,mock,BTC-USDT
2199944884,0,0,1783610797022828374,101,depth,"[65000.46,65000.56,65000.66,65000.76,65000.86,65000.96,65001.06,65001.16,65001.26,65001.36]",65000.46,"[0.001,0.002,0.003,0.004,0.005,0.006,0.007,0.008,0.009000000000000001,0.01]",0.001,"[65000.26,65000.16,65000.06,64999.96,64999.86,64999.76,64999.66,64999.56,64999.46,64999.36]",65000.26,"[0.001,0.002,0.003,0.004,0.005,0.006,0.007,0.008,0.009000000000000001,0.01]",0.001,3636,mock,InstrumentType.Spot,614846480,mock,BTC-USDT
2199944884,0,0,1783610797023128519,101,depth,"[65000.47,65000.57,65000.670000000006,65000.770000000004,65000.87,65000.97,65001.07,65001.170000000006,65001.270000000004,65001.37]",65000.47,"[0.001,0.002,0.003,0.004,0.005,0.006,0.007,0.008,0.009000000000000001,0.01]",0.001,"[65000.270000000004,65000.170000000006,65000.07,64999.97,64999.87,64999.770000000004,64999.670000000006,64999.57,64999.47,64999.37]",65000.270000000004,"[0.001,0.002,0.003,0.004,0.005,0.006,0.007,0.008,0.009000000000000001,0.01]",0.001,3637,mock,InstrumentType.Spot,614847040,mock,BTC-USDT
2199944884,0,0,1783610797023435157,101,depth,"[65000.479999999996,65000.579999999994,65000.68,65000.78,65000.88,65000.979999999996,65001.079999999994,65001.18,65001.28,65001.38]",65000.479999999996,"[0.001,0.002,0.003,0.004,0.005,0.006,0.007,0.008,0.009000000000000001,0.01]",0.001,"[65000.28,65000.18,65000.079999999994,64999.979999999996,64999.88,64999.78,64999.68,64999.579999999994,64999.479999999996,64999.38]",65000.28,"[0.001,0.002,0.003,0.004,0.005,0.006,0.007,0.008,0.009000000000000001,0.01]",0.001,3638,mock,InstrumentType.Spot,614847600,mock,BTC-USDT
2199944884,0,0,1783610797023728831,101,depth,"[65000.49,65000.59,65000.69,65000.79,65000.89,65000.99,65001.09,65001.19,65001.29,65001.39]",65000.49,"[0.001,0.002,0.003,0.004,0.005,0.006,0.007,0.008,0.009000000000000001,0.01]",0.001,"[65000.29,65000.19,65000.09,64999.99,64999.89,64999.79,64999.69,64999.59,64999.49,64999.39]",65000.29,"[0.001,0.002,0.003,0.004,0.005,0.006,0.007,0.008,0.009000000000000001,0.01]",0.001,3639,mock,InstrumentType.Spot,614848160,mock,BTC-USDT
2199944884,0,0,1783610797024029020,101,depth,"[65000.5,65000.6,65000.700000000004,65000.8,65000.9,65001.0,65001.1,65001.200000000004,65001.3,65001.4]",65000.5,"[0.001,0.002,0.003,0.004,0.005,0.006,0.007,0.008,0.009000000000000001,0.01]",0.001,"[65000.3,65000.200000000004,65000.1,65000.0,64999.9,64999.8,64999.700000000004,64999.6,64999.5,64999.4]",65000.3,"[0.001,0.002,0.003,0.004,0.005,0.006,0.007,0.008,0.009000000000000001,0.01]",0.001,3640,mock,InstrumentType.Spot,614848720,mock,BTC-USDT
2199944884,0,0,1783610797024328829,101,depth,"[65000.51,65000.61,65000.71000000001,65000.810000000005,65000.91,65001.01,65001.11,65001.21000000001,65001.310000000005,65001.41]",65000.51,"[0.001,0.002,0.003,0.004,0.005,0.006,0.007,0.008,0.009000000000000001,0.01]",0.001,"[65000.310000000005,65000.21000000001,65000.11,65000.01,64999.91,64999.810000000005,64999.71000000001,64999.61,64999.51,64999.41]",65000.310000000005,"[0.001,0.002,0.003,0.004,0.005,0.006,0.007,0.008,0.009000000000000001,0.01]",0.001,3641,mock,InstrumentType.Spot,614849280,mock,BTC-USDT
2199944884,0,0,1783610797024629121,101,depth,"[65000.52,65000.619999999995,65000.72,65000.82,65000.92,65001.02,65001.119999999995,65001.22,65001.32,65001.42]",65000.52,"[0.001,0.002,0.003,0.004,0.005,0.006,0.007,0.008,0.009000000000000001,0.01]",0.001,"[65000.32,65000.22,65000.119999999995,65000.02,64999.92,64999.82,64999.72,64999.619999999995,64999.52,64999.42]",65000.32,"[0.001,0.002,0.003,0.004,0.005,0.006,0.007,0.008,0.009000000000000001,0.01]",0.001,3642,mock,InstrumentType.Spot,614849840,mock,BTC-USDT
2199944884,0,0,1783610797024929133,101,depth,"[65000.53,65000.63,65000.73,65000.83,65000.93,65001.03,65001.13,65001.23,65001.33,65001.43]",65000.53,"[0.001,0.002,0.003,0.004,0.005,0.006,0.007,0.008,0.009000000000000001,0.01]",0.001,"[65000.33,65000.23,65000.13,65000.03,64999.93,64999.83,64999.73,64999.63,64999.53,64999.43]",65000.33,"[0.001,0.002,0.003,0.004,0.005,0.006,0.007,0.008,0.009000000000000001,0.01]",0.001,3643,mock,InstrumentType.Spot,614850400,mock,BTC-USDT
2199944884,0,0,1783610797025229157,101,depth,"[65000.54,65000.64,65000.740000000005,65000.840000000004,65000.94,65001.04,65001.14,65001.240000000005,65001.340000000004,65001.44]",65000.54,"[0.001,0.002,0.003,0.004,0.005,0.006,0.007,0.008,0.009000000000000001,0.01]",0.001,"[65000.340000000004,65000.240000000005,65000.14,65000.04,64999.94,64999.840000000004,64999.740000000005,64999.64,64999.54,64999.44]",65000.340000000004,"[0.001,0.002,0.003,0.004,0.005,0.006,0.007,0.008,0.009000000000000001,0.01]",0.001,3644,mock,InstrumentType.Spot,614850960,mock,BTC-USDT
2199944884,0,0,1783610797025528656,101,depth,"[65000.549999999996,65000.649999999994,65000.75,65000.85,65000.95,65001.049999999996,65001.149999999994,65001.25,65001.35,65001.45]",65000.549999999996,"[0.001,0.002,0.003,0.004,0.005,0.006,0.007,0.008,0.009000000000000001,0.01]",0.001,"[65000.35,65000.25,65000.149999999994,65000.049999999996,64999.95,64999.85,64999.75,64999.649999999994,64999.549999999996,64999.45]",65000.35,"[0.001,0.002,0.003,0.004,0.005,0.006,0.007,0.008,0.009000000000000001,0.01]",0.001,3645,mock,InstrumentType.Spot,614851520,mock,BTC-USDT
2199944884,0,0,1783610797025828672,101,depth,"[65000.56,65000.659999999996,65000.76,65000.86,65000.96,65001.06,65001.159999999996,65001.26,65001.36,65001.46]",65000.56,"[0.001,0.002,0.003,0.004,0.005,0.006,0.007,0.008,0.009000000000000001,0.01]",0.001,"[65000.36,65000.26,65000.159999999996,65000.06,64999.96,64999.86,64999.76,64999.659999999996,64999.56,64999.46]",65000.36,"[0.001,0.002,0.003,0.004,0.005,0.006,0.007,0.008,0.009000000000000001,0.01]",0.001,3646,mock,InstrumentType.Spot,614852080,mock,BTC-USDT
2199944884,0,0,1783610797026128932,101,depth,"[65000.57,65000.67,65000.770000000004,65000.87,65000.97,65001.07,65001.17,65001.270000000004,65001.37,65001.47]",65000.57,"[0.001,0.002,0.003,0.004,0.005,0.006,0.007,0.008,0.009000000000000001,0.01]",0.001,"[65000.37,65000.270000000004,65000.17,65000.07,64999.97,64999.87,64999.770000000004,64999.67,64999.57,64999.47]",65000.37,"[0.001,0.002,0.003,0.004,0.005,0.006,0.007,0.008,0.009000000000000001,0.01]",0.001,3647,mock,InstrumentType.Spot,614852640,mock,BTC-USDT
2199944884,0,0,1783610797026435758,101,depth,"[65000.58,65000.68,65000.780000000006,65000.880000000005,65000.98,65001.08,65001.18,65001.280000000006,65001.380000000005,65001.48]",65000.58,"[0.001,0.002,0.003,0.004,0.005,0.006,0.007,0.008,0.009000000000000001,0.01]",0.001,"[65000.380000000005,65000.280000000006,65000.18,65000.08,64999.98,64999.880000000005,64999.780000000006,64999.68,64999.58,64999.48]",65000.380000000005,"[0.001,0.002,0.003,0.004,0.005,0.006,0.007,0.008,0.009000000000000001,0.01]",0.001,3648,mock,InstrumentType.Spot,614853200,mock,BTC-USDT
2199944884,0,0,1783610797026728497,101,depth,"[65000.59,65000.689999999995,65000.79,65000.89,65000.99,65001.09,65001.189999999995,65001.29,65001.39,65001.49]",65000.59,"[0.001,0.002,0.003,0.004,0.005,0.006,0.007,0.008,0.009000000000000001,0.01]",0.001,"[65000.39,65000.29,65000.189999999995,65000.09,64999.99,64999.89,64999.79,64999.689999999995,64999.59,64999.49]",65000.39,"[0.001,0.002,0.003,0.004,0.005,0.006,0.007,0.008,0.009000000000000001,0.01]",0.001,3649,mock,InstrumentType.Spot,614853760,mock,BTC-USDT
2199944884,0,0,1783610797027028563,101,depth,"[65000.6,65000.7,65000.8,65000.9,65001.0,65001.1,65001.2,65001.3,65001.4,65001.5]",65000.6,"[0.001,0.002,0.003,0.004,0.005,0.006,0.007,0.008,0.009000000000000001,0.01]",0.001,"[65000.4,65000.3,65000.2,65000.1,65000.0,64999.9,64999.8,64999.7,64999.6,64999.5]",65000.4,"[0.001,0.002,0.003,0.004,0.005,0.006,0.007,0.008,0.009000000000000001,0.01]",0.001,3650,mock,InstrumentType.Spot,614854320,mock,BTC-USDT
2199944884,0,0,1783610797027328344,101,depth,"[65000.61,65000.71,65000.810000000005,65000.91,65001.01,65001.11,65001.21,65001.310000000005,65001.41,65001.51]",65000.61,"[0.001,0.002,0.003,0.004,0.005,0.006,0.007,0.008,0.009000000000000001,0.01]",0.001,"[65000.41,65000.310000000005,65000.21,65000.11,65000.01,64999.91,64999.810000000005,64999.71,64999.61,64999.51]",65000.41,"[0.001,0.002,0.003,0.004,0.005,0.006,0.007,0.008,0.009000000000000001,0.01]",0.001,3651,mock,InstrumentType.Spot,614854880,mock,BTC-USDT
2199944884,0,0,1783610797027628490,101,depth,"[65000.619999999995,65000.719999999994,65000.82,65000.92,65001.02,65001.119999999995,65001.219999999994,65001.32,65001.42,65001.52]",65000.619999999995,"[0.001,0.002,0.003,0.004,0.005,0.006,0.007,0.008,0.009000000000000001,0.01]",0.001,"[65000.42,65000.32,65000.219999999994,65000.119999999995,65000.02,64999.92,64999.82,64999.719999999994,64999.619999999995,64999.52]",65000.42,"[0.001,0.002,0.003,0.004,0.005,0.006,0.007,0.008,0.009000000000000001,0.01]",0.001,3652,mock,InstrumentType.Spot,614855440,mock,BTC-USDT
2199944884,0,0,1783610797027927915,101,depth,"[65000.63,65000.729999999996,65000.83,65000.93,65001.03,65001.13,65001.229999999996,65001.33,65001.43,65001.53]",65000.63,"[0.001,0.002,0.003,0.004,0.005,0.006,0.007,0.008,0.009000000000000001,0.01]",0.001,"[65000.43,65000.33,65000.229999999996,65000.13,65000.03,64999.93,64999.83,64999.729999999996,64999.63,64999.53]",65000.43,"[0.001,0.002,0.003,0.004,0.005,0.006,0.007,0.008,0.009000000000000001,0.01]",0.001,3653,mock,InstrumentType.Spot,614856000,mock,BTC-USDT
2199944884,0,0,1783610797028228215,101,depth,"[65000.64,65000.74,65000.840000000004,65000.94,65001.04,65001.14,65001.24,65001.340000000004,65001.44,65001.54]",65000.64,"[0.001,0.002,0.003,0.004,0.005,0.006,0.007,0.008,0.009000000000000001,0.01]",0.001,"[65000.44,65000.340000000004,65000.24,65000.14,65000.04,64999.94,64999.840000000004,64999.74,64999.64,64999.54]",65000.44,"[0.001,0.002,0.003,0.004,0.005,0.006,0.007,0.008,0.009000000000000001,0.01]",0.001,3654,mock,InstrumentType.Spot,614856560,mock,BTC-USDT
2199944884,0,0,1783610797028528021,101,depth,"[65000.65,65000.75,65000.850000000006,65000.950000000004,65001.05,65001.15,65001.25,65001.350000000006,65001.450000000004,65001.55]",65000.65,"[0.001,0.002,0.003,0.004,0.005,0.006,0.007,0.008,0.009000000000000001,0.01]",0.001,"[65000.450000000004,65000.350000000006,65000.25,65000.15,65000.05,64999.950000000004,64999.850000000006,64999.75,64999.65,64999.55]",65000.450000000004,"[0.001,0.002,0.003,0.004,0.005,0.006,0.007,0.008,0.009000000000000001,0.01]",0.001,3655,mock,InstrumentType.Spot,614857120,mock,BTC-USDT
2199944884,0,0,1783610797028829504,101,depth,"[65000.659999999996,65000.759999999995,65000.86,65000.96,65001.06,65001.159999999996,65001.259999999995,65001.36,65001.46,65001.56]",65000.659999999996,"[0.001,0.002,0.003,0.004,0.005,0.006,0.007,0.008,0.009000000000000001,0.01]",0.001,"[65000.46,65000.36,65000.259999999995,65000.159999999996,65000.06,64999.96,64999.86,64999.759999999995,64999.659999999996,64999.56]",65000.46,"[0.001,0.002,0.003,0.004,0.005,0.006,0.007,0.008,0.009000000000000001,0.01]",0.001,3656,mock,InstrumentType.Spot,614857680,mock,BTC-USDT
2199944884,0,0,1783610797029147793,101,depth,"[65000.67,65000.77,65000.87,65000.97,65001.07,65001.17,65001.27,65001.37,65001.47,65001.57]",65000.67,"[0.001,0.002,0.003,0.004,0.005,0.006,0.007,0.008,0.009000000000000001,0.01]",0.001,"[65000.47,65000.37,65000.27,65000.17,65000.07,64999.97,64999.87,64999.77,64999.67,64999.57]",65000.47,"[0.001,0.002,0.003,0.004,0.005,0.006,0.007,0.008,0.009000000000000001,0.01]",0.001,3657,mock,InstrumentType.Spot,614858240,mock,BTC-USDT
2199944884,0,0,1783610797029429066,101,depth,"[65000.68,65000.78,65000.880000000005,65000.98,65001.08,65001.18,65001.28,65001.380000000005,65001.48,65001.58]",65000.68,"[0.001,0.002,0.003,0.004,0.005,0.006,0.007,0.008,0.009000000000000001,0.01]",0.001,"[65000.48,65000.380000000005,65000.28,65000.18,65000.08,64999.98,64999.880000000005,64999.78,64999.68,64999.58]",65000.48,"[0.001,0.002,0.003,0.004,0.005,0.006,0.007,0.008,0.009000000000000001,0.01]",0.001,3658,mock,InstrumentType.Spot,614858800,mock,BTC-USDT
2199944884,0,0,1783610797029728752,101,depth,"[65000.689999999995,65000.78999999999,65000.89,65000.99,65001.09,65001.189999999995,65001.28999999999,65001.39,65001.49,65001.59]",65000.689999999995,"[0.001,0.002,0.003,0.004,0.005,0.006,0.007,0.008,0.009000000000000001,0.01]",0.001,"[65000.49,65000.39,65000.28999999999,65000.189999999995,65000.09,64999.99,64999.89,64999.78999999999,64999.689999999995,64999.59]",65000.49,"[0.001,0.002,0.003,0.004,0.005,0.006,0.007,0.008,0.009000000000000001,0.01]",0.001,3659,mock,InstrumentType.Spot,614859360,mock,BTC-USDT
2199944884,0,0,1783610797030029369,101,depth,"[65000.7,65000.799999999996,65000.9,65001.0,65001.1,65001.2,65001.299999999996,65001.4,65001.5,65001.6]",65000.7,"[0.001,0.002,0.003,0.004,0.005,0.006,0.007,0.008,0.009000000000000001,0.01]",0.001,"[65000.5,65000.4,65000.299999999996,65000.2,65000.1,65000.0,64999.9,64999.799999999996,64999.7,64999.6]",65000.5,"[0.001,0.002,0.003,0.004,0.005,0.006,0.007,0.008,0.009000000000000001,0.01]",0.001,3660,mock,InstrumentType.Spot,614859920,mock,BTC-USDT
2199944884,0,0,1783610797030329026,101,depth,"[65000.71,65000.81,65000.91,65001.01,65001.11,65001.21,65001.31,65001.41,65001.51,65001.61]",65000.71,"[0.001,0.002,0.003,0.004,0.005,0.006,0.007,0.008,0.009000000000000001,0.01]",0.001,"[65000.51,65000.41,65000.31,65000.21,65000.11,65000.01,64999.91,64999.81,64999.71,64999.61]",65000.51,"[0.001,0.002,0.003,0.004,0.005,0.006,0.007,0.008,0.009000000000000001,0.01]",0.001,3661,mock,InstrumentType.Spot,614860480,mock,BTC-USDT
2199944884,0,0,1783610797030628993,101,depth,"[65000.72,65000.82,65000.920000000006,65001.020000000004,65001.12,65001.22,65001.32,65001.420000000006,65001.520000000004,65001.62]",65000.72,"[0.001,0.002,0.003,0.004,0.005,0.006,0.007,0.008,0.009000000000000001,0.01]",0.001,"[65000.520000000004,65000.420000000006,65000.32,65000.22,65000.12,65000.020000000004,64999.920000000006,64999.82,64999.72,64999.62]",65000.520000000004,"[0.001,0.002,0.003,0.004,0.005,0.006,0.007,0.008,0.009000000000000001,0.01]",0.001,3662,mock,InstrumentType.Spot,614627024,mock,BTC-USDT
2199944884,0,0,1783610797030928563,101,depth,"[65000.729999999996,65000.829999999994,65000.93,65001.03,65001.13,65001.229999999996,65001.329999999994,65001.43,65001.53,65001.63]",65000.729999999996,"[0.001,0.002,0.003,0.004,0.005,0.006,0.007,0.008,0.009000000000000001,0.01]",0.001,"[65000.53,65000.43,65000.329999999994,65000.229999999996,65000.13,65000.03,64999.93,64999.829999999994,64999.729999999996,64999.63]",65000.53,"[0.001,0.002,0.003,0.004,0.005,0.006,0.007,0.008,0.009000000000000001,0.01]",0.001,3663,mock,InstrumentType.Spot,614627584,mock,BTC-USDT
2199944884,0,0,1783610797031228306,101,depth,"[65000.74,65000.84,65000.94,65001.04,65001.14,65001.24,65001.34,65001.44,65001.54,65001.64]",65000.74,"[0.001,0.002,0.003,0.004,0.005,0.006,0.007,0.008,0.009000000000000001,0.01]",0.001,"[65000.54,65000.44,65000.34,65000.24,65000.14,65000.04,64999.94,64999.84,64999.74,64999.64]",65000.54,"[0.001,0.002,0.003,0.004,0.005,0.006,0.007,0.008,0.009000000000000001,0.01]",0.001,3664,mock,InstrumentType.Spot,614628144,mock,BTC-USDT
2199944884,0,0,1783610797031528298,101,depth,"[65000.75,65000.85,65000.950000000004,65001.05,65001.15,65001.25,65001.35,65001.450000000004,65001.55,65001.65]",65000.75,"[0.001,0.002,0.003,0.004,0.005,0.006,0.007,0.008,0.009000000000000001,0.01]",0.001,"[65000.55,65000.450000000004,65000.35,65000.25,65000.15,65000.05,64999.950000000004,64999.85,64999.75,64999.65]",65000.55,"[0.001,0.002,0.003,0.004,0.005,0.006,0.007,0.008,0.009000000000000001,0.01]",0.001,3665,mock,InstrumentType.Spot,614628704,mock,BTC-USDT
2199944884,0,0,1783610797031828370,101,depth,"[65000.76,65000.86,65000.96000000001,65001.060000000005,65001.16,65001.26,65001.36,65001.46000000001,65001.560000000005,65001.66]",65000.76,"[0.001,0.002,0.003,0.004,0.005,0.006,0.007,0.008,0.009000000000000001,0.01]",0.001,"[65000.560000000005,65000.46000000001,65000.36,65000.26,65000.16,65000.060000000005,64999.96000000001,64999.86,64999.76,64999.66]",65000.560000000005,"[0.001,0.002,0.003,0.004,0.005,0.006,0.007,0.008,0.009000000000000001,0.01]",0.001,3666,mock,InstrumentType.Spot,614629264,mock,BTC-USDT
2199944884,0,0,1783610797032197674,101,depth,"[65000.77,65000.869999999995,65000.97,65001.07,65001.17,65001.27,65001.369999999995,65001.47,65001.57,65001.67]",65000.77,"[0.001,0.002,0.003,0.004,0.005,0.006,0.007,0.008,0.009000000000000001,0.01]",0.001,"[65000.57,65000.47,65000.369999999995,65000.27,65000.17,65000.07,64999.97,64999.869999999995,64999.77,64999.67]",65000.57,"[0.001,0.002,0.003,0.004,0.005,0.006,0.007,0.008,0.009000000000000001,0.01]",0.001,3667,mock,InstrumentType.Spot,614629824,mock,BTC-USDT
2199944884,0,0,1783610797032428516,101,depth,"[65000.78,65000.88,65000.98,65001.08,65001.18,65001.28,65001.38,65001.48,65001.58,65001.68]",65000.78,"[0.001,0.002,0.003,0.004,0.005,0.006,0.007,0.008,0.009000000000000001,0.01]",0.001,"[65000.58,65000.48,65000.38,65000.28,65000.18,65000.08,64999.98,64999.88,64999.78,64999.68]",65000.58,"[0.001,0.002,0.003,0.004,0.005,0.006,0.007,0.008,0.009000000000000001,0.01]",0.001,3668,mock,InstrumentType.Spot,614630384,mock,BTC-USDT
2199944884,0,0,1783610797032728217,101,depth,"[65000.79,65000.89,65000.990000000005,65001.090000000004,65001.19,65001.29,65001.39,65001.490000000005,65001.590000000004,65001.69]",65000.79,"[0.001,0.002,0.003,0.004,0.005,0.006,0.007,0.008,0.009000000000000001,0.01]",0.001,"[65000.590000000004,65000.490000000005,65000.39,65000.29,65000.19,65000.090000000004,64999.990000000005,64999.89,64999.79,64999.69]",65000.590000000004,"[0.001,0.002,0.003,0.004,0.005,0.006,0.007,0.008,0.009000000000000001,0.01]",0.001,3669,mock,InstrumentType.Spot,614630944,mock,BTC-USDT
2199944884,0,0,1783610797033027762,101,depth,"[65000.799999999996,65000.899999999994,65001.0,65001.1,65001.2,65001.299999999996,65001.399999999994,65001.5,65001.6,65001.7]",65000.799999999996,"[0.001,0.002,0.003,0.004,0.005,0.006,0.007,0.008,0.009000000000000001,0.01]",0.001,"[65000.6,65000.5,65000.399999999994,65000.299999999996,65000.2,65000.1,65000.0,64999.899999999994,64999.799999999996,64999.7]",65000.6,"[0.001,0.002,0.003,0.004,0.005,0.006,0.007,0.008,0.009000000000000001,0.01]",0.001,3670,mock,InstrumentType.Spot,614631504,mock,BTC-USDT
2199944884,0,0,1783610797033327719,101,depth,"[65000.81,65000.909999999996,65001.01,65001.11,65001.21,65001.31,65001.409999999996,65001.51,65001.61,65001.71]",65000.81,"[0.001,0.002,0.003,0.004,0.005,0.006,0.007,0.008,0.009000000000000001,0.01]",0.001,"[65000.61,65000.51,65000.409999999996,65000.31,65000.21,65000.11,65000.01,64999.909999999996,64999.81,64999.71]",65000.61,"[0.001,0.002,0.003,0.004,0.005,0.006,0.007,0.008,0.009000000000000001,0.01]",0.001,3671,mock,InstrumentType.Spot,614632064,mock,BTC-USDT
2199944884,0,0,1783610797033628344,101,depth,"[65000.82,65000.92,65001.020000000004,65001.12,65001.22,65001.32,65001.42,65001.520000000004,65001.62,65001.72]",65000.82,"[0.001,0.002,0.003,0.004,0.005,0.006,0.007,0.008,0.009000000000000001,0.01]",0.001,"[65000.62,65000.520000000004,65000.42,65000.32,65000.22,65000.12,65000.020000000004,64999.92,64999.82,64999.72]",65000.62,"[0.001,0.002,0.003,0.004,0.005,0.006,0.007,0.008,0.009000000000000001,0.01]",0.001,3672,mock,InstrumentType.Spot,614632624,mock,BTC-USDT
2199944884,0,0,1783610797033927883,101,depth,"[65000.83,65000.93,65001.030000000006,65001.130000000005,65001.23,65001.33,65001.43,65001.530000000006,65001.630000000005,65001.73]",65000.83,"[0.001,0.002,0.003,0.004,0.005,0.006,0.007,0.008,0.009000000000000001,0.01]",0.001,"[65000.630000000005,65000.530000000006,65000.43,65000.33,65000.23,65000.130000000005,65000.030000000006,64999.93,64999.83,64999.73]",65000.630000000005,"[0.001,0.002,0.003,0.004,0.005,0.006,0.007,0.008,0.009000000000000001,0.01]",0.001,3673,mock,InstrumentType.Spot,614633184,mock,BTC-USDT
2199944884,0,0,1783610797034228149,101,depth,"[65000.84,65000.939999999995,65001.04,65001.14,65001.24,65001.34,65001.439999999995,65001.54,65001.64,65001.74]",65000.84,"[0.001,0.002,0.003,0.004,0.005,0.006,0.007,0.008,0.009000000000000001,0.01]",0.001,"[65000.64,65000.54,65000.439999999995,65000.34,65000.24,65000.14,65000.04,64999.939999999995,64999.84,64999.74]",65000.64,"[0.001,0.002,0.003,0.004,0.005,0.006,0.007,0.008,0.009000000000000001,0.01]",0.001,3674,mock,InstrumentType.Spot,614633744,mock,BTC-USDT
2199944884,0,0,1783610797034527802,101,depth,"[65000.85,65000.95,65001.05,65001.15,65001.25,65001.35,65001.45,65001.55,65001.65,65001.75]",65000.85,"[0.001,0.002,0.003,0.004,0.005,0.006,0.007,0.008,0.009000000000000001,0.01]",0.001,"[65000.65,65000.55,65000.45,65000.35,65000.25,65000.15,65000.05,64999.95,64999.85,64999.75]",65000.65,"[0.001,0.002,0.003,0.004,0.005,0.006,0.007,0.008,0.009000000000000001,0.01]",0.001,3675,mock,InstrumentType.Spot,614634304,mock,BTC-USDT
2199944884,0,0,1783610797034835403,101,depth,"[65000.86,65000.96,65001.060000000005,65001.16,65001.26,65001.36,65001.46,65001.560000000005,65001.66,65001.76]",65000.86,"[0.001,0.002,0.003,0.004,0.005,0.006,0.007,0.008,0.009000000000000001,0.01]",0.001,"[65000.66,65000.560000000005,65000.46,65000.36,65000.26,65000.16,65000.060000000005,64999.96,64999.86,64999.76]",65000.66,"[0.001,0.002,0.003,0.004,0.005,0.006,0.007,0.008,0.009000000000000001,0.01]",0.001,3676,mock,InstrumentType.Spot,614634864,mock,BTC-USDT
2199944884,0,0,1783610797035127940,101,depth,"[65000.869999999995,65000.969999999994,65001.07,65001.17,65001.27,65001.369999999995,65001.469999999994,65001.57,65001.67,65001.77]",65000.869999999995,"[0.001,0.002,0.003,0.004,0.005,0.006,0.007,0.008,0.009000000000000001,0.01]",0.001,"[65000.67,65000.57,65000.469999999994,65000.369999999995,65000.27,65000.17,65000.07,64999.969999999994,64999.869999999995,64999.77]",65000.67,"[0.001,0.002,0.003,0.004,0.005,0.006,0.007,0.008,0.009000000000000001,0.01]",0.001,3677,mock,InstrumentType.Spot,614635424,mock,BTC-USDT
2199944884,0,0,1783610797035427833,101,depth,"[65000.88,65000.979999999996,65001.08,65001.18,65001.28,65001.38,65001.479999999996,65001.58,65001.68,65001.78]",65000.88,"[0.001,0.002,0.003,0.004,0.005,0.006,0.007,0.008,0.009000000000000001,0.01]",0.001,"[65000.68,65000.58,65000.479999999996,65000.38,65000.28,65000.18,65000.08,64999.979999999996,64999.88,64999.78]",65000.68,"[0.001,0.002,0.003,0.004,0.005,0.006,0.007,0.008,0.009000000000000001,0.01]",0.001,3678,mock,InstrumentType.Spot,614635984,mock,BTC-USDT
2199944884,0,0,1783610797035727875,101,depth,"[65000.89,65000.99,65001.090000000004,65001.19,65001.29,65001.39,65001.49,65001.590000000004,65001.69,65001.79]",65000.89,"[0.001,0.002,0.003,0.004,0.005,0.006,0.007,0.008,0.009000000000000001,0.01]",0.001,"[65000.69,65000.590000000004,65000.49,65000.39,65000.29,65000.19,65000.090000000004,64999.99,64999.89,64999.79]",65000.69,"[0.001,0.002,0.003,0.004,0.005,0.006,0.007,0.008,0.009000000000000001,0.01]",0.001,3679,mock,InstrumentType.Spot,614636544,mock,BTC-USDT
2199944884,0,0,1783610797036028015,101,depth,"[65000.9,65001.0,65001.100000000006,65001.200000000004,65001.3,65001.4,65001.5,65001.600000000006,65001.700000000004,65001.8]",65000.9,"[0.001,0.002,0.003,0.004,0.005,0.006,0.007,0.008,0.009000000000000001,0.01]",0.001,"[65000.700000000004,65000.600000000006,65000.5,65000.4,65000.3,65000.200000000004,65000.100000000006,65000.0,64999.9,64999.8]",65000.700000000004,"[0.001,0.002,0.003,0.004,0.005,0.006,0.007,0.008,0.009000000000000001,0.01]",0.001,3680,mock,InstrumentType.Spot,614637104,mock,BTC-USDT
2199944884,0,0,1783610797036327931,101,depth,"[65000.909999999996,65001.009999999995,65001.11,65001.21,65001.31,65001.409999999996,65001.509999999995,65001.61,65001.71,65001.81]",65000.909999999996,"[0.001,0.002,0.003,0.004,0.005,0.006,0.007,0.008,0.009000000000000001,0.01]",0.001,"[65000.71,65000.61,65000.509999999995,65000.409999999996,65000.31,65000.21,65000.11,65000.009999999995,64999.909999999996,64999.81]",65000.71,"[0.001,0.002,0.003,0.004,0.005,0.006,0.007,0.008,0.009000000000000001,0.01]",0.001,3681,mock,InstrumentType.Spot,614637664,mock,BTC-USDT
2199944884,0,0,1783610797036627915,101,depth,"[65000.92,65001.02,65001.12,65001.22,65001.32,65001.42,65001.52,65001.62,65001.72,65001.82]",65000.92,"[0.001,0.002,0.003,0.004,0.005,0.006,0.007,0.008,0.009000000000000001,0.01]",0.001,"[65000.72,65000.62,65000.52,65000.42,65000.32,65000.22,65000.12,65000.02,64999.92,64999.82]",65000.72,"[0.001,0.002,0.003,0.004,0.005,0.006,0.007,0.008,0.009000000000000001,0.01]",0.001,3682,mock,InstrumentType.Spot,614638224,mock,BTC-USDT
2199944884,0,0,1783610797036928017,101,depth,"[65000.93,65001.03,65001.130000000005,65001.23,65001.33,65001.43,65001.53,65001.630000000005,65001.73,65001.83]",65000.93,"[0.001,0.002,0.003,0.004,0.005,0.006,0.007,0.008,0.009000000000000001,0.01]",0.001,"[65000.73,65000.630000000005,65000.53,65000.43,65000.33,65000.23,65000.130000000005,65000.03,64999.93,64999.83]",65000.73,"[0.001,0.002,0.003,0.004,0.005,0.006,0.007,0.008,0.009000000000000001,0.01]",0.001,3683,mock,InstrumentType.Spot,614638784,mock,BTC-USDT
2199944884,0,0,1783610797037228044,101,depth,"[65000.939999999995,65001.03999999999,65001.14,65001.24,65001.34,65001.439999999995,65001.53999999999,65001.64,65001.74,65001.84]",65000.939999999995,"[0.001,0.002,0.003,0.004,0.005,0.006,0.007,0.008,0.009000000000000001,0.01]",0.001,"[65000.74,65000.64,65000.53999999999,65000.439999999995,65000.34,65000.24,65000.14,65000.03999999999,64999.939999999995,64999.84]",65000.74,"[0.001,0.002,0.003,0.004,0.005,0.006,0.007,0.008,0.009000000000000001,0.01]",0.001,3684,mock,InstrumentType.Spot,614639344,mock,BTC-USDT
2199944884,0,0,1783610797037527928,101,depth,"[65000.95,65001.049999999996,65001.15,65001.25,65001.35,65001.45,65001.549999999996,65001.65,65001.75,65001.85]",65000.95,"[0.001,0.002,0.003,0.004,0.005,0.006,0.007,0.008,0.009000000000000001,0.01]",0.001,"[65000.75,65000.65,65000.549999999996,65000.45,65000.35,65000.25,65000.15,65000.049999999996,64999.95,64999.85]",65000.75,"[0.001,0.002,0.003,0.004,0.005,0.006,0.007,0.008,0.009000000000000001,0.01]",0.001,3685,mock,InstrumentType.Spot,614639904,mock,BTC-USDT
2199944884,0,0,1783610797037833851,101,depth,"[65000.96,65001.06,65001.16,65001.26,65001.36,65001.46,65001.56,65001.66,65001.76,65001.86]",65000.96,"[0.001,0.002,0.003,0.004,0.005,0.006,0.007,0.008,0.009000000000000001,0.01]",0.001,"[65000.76,65000.66,65000.56,65000.46,65000.36,65000.26,65000.16,65000.06,64999.96,64999.86]",65000.76,"[0.001,0.002,0.003,0.004,0.005,0.006,0.007,0.008,0.009000000000000001,0.01]",0.001,3686,mock,InstrumentType.Spot,614640464,mock,BTC-USDT
2199944884,0,0,1783610797038128039,101,depth,"[65000.97,65001.07,65001.170000000006,65001.270000000004,65001.37,65001.47,65001.57,65001.670000000006,65001.770000000004,65001.87]",65000.97,"[0.001,0.002,0.003,0.004,0.005,0.006,0.007,0.008,0.009000000000000001,0.01]",0.001,"[65000.770000000004,65000.670000000006,65000.57,65000.47,65000.37,65000.270000000004,65000.170000000006,65000.07,64999.97,64999.87]",65000.770000000004,"[0.001,0.002,0.003,0.004,0.005,0.006,0.007,0.008,0.009000000000000001,0.01]",0.001,3687,mock,InstrumentType.Spot,614641024,mock,BTC-USDT
2199944884,0,0,1783610797038427863,101,depth,"[65000.979999999996,65001.079999999994,65001.18,65001.28,65001.38,65001.479999999996,65001.579999999994,65001.68,65001.78,65001.88]",65000.979999999996,"[0.001,0.002,0.003,0.004,0.005,0.006,0.007,0.008,0.009000000000000001,0.01]",0.001,"[65000.78,65000.68,65000.579999999994,65000.479999999996,65000.38,65000.28,65000.18,65000.079999999994,64999.979999999996,64999.88]",65000.78,"[0.001,0.002,0.003,0.004,0.005,0.006,0.007,0.008,0.009000000000000001,0.01]",0.001,3688,mock,InstrumentType.Spot,614641584,mock,BTC-USDT
2199944884,0,0,1783610797038727829,101,depth,"[65000.99,65001.09,65001.19,65001.29,65001.39,65001.49,65001.59,65001.69,65001.79,65001.89]",65000.99,"[0.001,0.002,0.003,0.004,0.005,0.006,0.007,0.008,0.009000000000000001,0.01]",0.001,"[65000.79,65000.69,65000.59,65000.49,65000.39,65000.29,65000.19,65000.09,64999.99,64999.89]",65000.79,"[0.001,0.002,0.003,0.004,0.005,0.006,0.007,0.008,0.009000000000000001,0.01]",0.001,3689,mock,InstrumentType.Spot,614642144,mock,BTC-USDT
2199944884,0,0,1783610797039027952,101,depth,"[65001.0,65001.1,65001.200000000004,65001.3,65001.4,65001.5,65001.6,65001.700000000004,65001.8,65001.9]",65001.0,"[0.001,0.002,0.003,0.004,0.005,0.006,0.007,0.008,0.009000000000000001,0.01]",0.001,"[65000.8,65000.700000000004,65000.6,65000.5,65000.4,65000.3,65000.200000000004,65000.1,65000.0,64999.9]",65000.8,"[0.001,0.002,0.003,0.004,0.005,0.006,0.007,0.008,0.009000000000000001,0.01]",0.001,3690,mock,InstrumentType.Spot,614642704,mock,BTC-USDT
2199944884,0,0,1783610797039327829,101,depth,"[65001.01,65001.11,65001.21000000001,65001.310000000005,65001.41,65001.51,65001.61,65001.71000000001,65001.810000000005,65001.91]",65001.01,"[0.001,0.002,0.003,0.004,0.005,0.006,0.007,0.008,0.009000000000000001,0.01]",0.001,"[65000.810000000005,65000.71000000001,65000.61,65000.51,65000.41,65000.310000000005,65000.21000000001,65000.11,65000.01,64999.91]",65000.810000000005,"[0.001,0.002,0.003,0.004,0.005,0.006,0.007,0.008,0.009000000000000001,0.01]",0.001,3691,mock,InstrumentType.Spot,614643264,mock,BTC-USDT
2199944884,0,0,1783610797039630588,101,depth,"[65001.02,65001.119999999995,65001.22,65001.32,65001.42,65001.52,65001.619999999995,65001.72,65001.82,65001.92]",65001.02,"[0.001,0.002,0.003,0.004,0.005,0.006,0.007,0.008,0.009000000000000001,0.01]",0.001,"[65000.82,65000.72,65000.619999999995,65000.52,65000.42,65000.32,65000.22,65000.119999999995,65000.02,64999.92]",65000.82,"[0.001,0.002,0.003,0.004,0.005,0.006,0.007,0.008,0.009000000000000001,0.01]",0.001,3692,mock,InstrumentType.Spot,614643824,mock,BTC-USDT
2199944884,0,0,1783610797039927611,101,depth,"[65001.03,65001.13,65001.23,65001.33,65001.43,65001.53,65001.63,65001.73,65001.83,65001.93]",65001.03,"[0.001,0.002,0.003,0.004,0.005,0.006,0.007,0.008,0.009000000000000001,0.01]",0.001,"[65000.83,65000.73,65000.63,65000.53,65000.43,65000.33,65000.23,65000.13,65000.03,64999.93]",65000.83,"[0.001,0.002,0.003,0.004,0.005,0.006,0.007,0.008,0.009000000000000001,0.01]",0.001,3693,mock,InstrumentType.Spot,614644384,mock,BTC-USDT
2199944884,0,0,1783610797040227671,101,depth,"[65001.04,65001.14,65001.240000000005,65001.340000000004,65001.44,65001.54,65001.64,65001.740000000005,65001.840000000004,65001.94]",65001.04,"[0.001,0.002,0.003,0.004,0.005,0.006,0.007,0.008,0.009000000000000001,0.01]",0.001,"[65000.840000000004,65000.740000000005,65000.64,65000.54,65000.44,65000.340000000004,65000.240000000005,65000.14,65000.04,64999.94]",65000.840000000004,"[0.001,0.002,0.003,0.004,0.005,0.006,0.007,0.008,0.009000000000000001,0.01]",0.001,3694,mock,InstrumentType.Spot,614644944,mock,BTC-USDT
2199944884,0,0,1783610797040532761,101,depth,"[65001.049999999996,65001.149999999994,65001.25,65001.35,65001.45,65001.549999999996,65001.649999999994,65001.75,65001.85,65001.95]",65001.049999999996,"[0.001,0.002,0.003,0.004,0.005,0.006,0.007,0.008,0.009000000000000001,0.01]",0.001,"[65000.85,65000.75,65000.649999999994,65000.549999999996,65000.45,65000.35,65000.25,65000.149999999994,65000.049999999996,64999.95]",65000.85,"[0.001,0.002,0.003,0.004,0.005,0.006,0.007,0.008,0.009000000000000001,0.01]",0.001,3695,mock,InstrumentType.Spot,614645504,mock,BTC-USDT
2199944884,0,0,1783610797040827629,101,depth,"[65001.06,65001.159999999996,65001.26,65001.36,65001.46,65001.56,65001.659999999996,65001.76,65001.86,65001.96]",65001.06,"[0.001,0.002,0.003,0.004,0.005,0.006,0.007,0.008,0.009000000000000001,0.01]",0.001,"[65000.86,65000.76,65000.659999999996,65000.56,65000.46,65000.36,65000.26,65000.159999999996,65000.06,64999.96]",65000.86,"[0.001,0.002,0.003,0.004,0.005,0.006,0.007,0.008,0.009000000000000001,0.01]",0.001,3696,mock,InstrumentType.Spot,614646064,mock,BTC-USDT
2199944884,0,0,1783610797041130009,101,depth,"[65001.07,65001.17,65001.270000000004,65001.37,65001.47,65001.57,65001.67,65001.770000000004,65001.87,65001.97]",65001.07,"[0.001,0.002,0.003,0.004,0.005,0.006,0.007,0.008,0.009000000000000001,0.01]",0.001,"[65000.87,65000.770000000004,65000.67,65000.57,65000.47,65000.37,65000.270000000004,65000.17,65000.07,64999.97]",65000.87,"[0.001,0.002,0.003,0.004,0.005,0.006,0.007,0.008,0.009000000000000001,0.01]",0.001,3697,mock,InstrumentType.Spot,614646624,mock,BTC-USDT
2199944884,0,0,1783610797041427934,101,depth,"[65001.08,65001.18,65001.280000000006,65001.380000000005,65001.48,65001.58,65001.68,65001.780000000006,65001.880000000005,65001.98]",65001.08,"[0.001,0.002,0.003,0.004,0.005,0.006,0.007,0.008,0.009000000000000001,0.01]",0.001,"[65000.880000000005,65000.780000000006,65000.68,65000.58,65000.48,65000.380000000005,65000.280000000006,65000.18,65000.08,64999.98]",65000.880000000005,"[0.001,0.002,0.003,0.004,0.005,0.006,0.007,0.008,0.009000000000000001,0.01]",0.001,3698,mock,InstrumentType.Spot,614647184,mock,BTC-USDT
2199944884,0,0,1783610797041727708,101,depth,"[65001.09,65001.189999999995,65001.29,65001.39,65001.49,65001.59,65001.689999999995,65001.79,65001.89,65001.99]",65001.09,"[0.001,0.002,0.003,0.004,0.005,0.006,0.007,0.008,0.009000000000000001,0.01]",0.001,"[65000.89,65000.79,65000.689999999995,65000.59,65000.49,65000.39,65000.29,65000.189999999995,65000.09,64999.99]",65000.89,"[0.001,0.002,0.003,0.004,0.005,0.006,0.007,0.008,0.009000000000000001,0.01]",0.001,3699,mock,InstrumentType.Spot,614647744,mock,BTC-USDT
2199944884,0,0,1783610797042027961,101,depth,"[65000.1,65000.2,65000.3,65000.4,65000.5,65000.6,65000.7,65000.8,65000.9,65001.0]",65000.1,"[0.001,0.002,0.003,0.004,0.005,0.006,0.007,0.008,0.009000000000000001,0.01]",0.001,"[64999.9,64999.8,64999.7,64999.6,64999.5,64999.4,64999.3,64999.2,64999.1,64999.0]",64999.9,"[0.001,0.002,0.003,0.004,0.005,0.006,0.007,0.008,0.009000000000000001,0.01]",0.001,3700,mock,InstrumentType.Spot,614648304,mock,BTC-USDT
2199944884,0,0,1783610797042327997,101,depth,"[65000.11,65000.21,65000.310000000005,65000.41,65000.51,65000.61,65000.71,65000.810000000005,65000.91,65001.01]",65000.11,"[0.001,0.002,0.003,0.004,0.005,0.006,0.007,0.008,0.009000000000000001,0.01]",0.001,"[64999.91,64999.810000000005,64999.71,64999.61,64999.51,64999.41,64999.310000000005,64999.21,64999.11,64999.01]",64999.91,"[0.001,0.002,0.003,0.004,0.005,0.006,0.007,0.008,0.009000000000000001,0.01]",0.001,3701,mock,InstrumentType.Spot,614648864,mock,BTC-USDT
2199944884,0,0,1783610797042629871,101,depth,"[65000.119999999995,65000.219999999994,65000.32,65000.42,65000.52,65000.619999999995,65000.719999999994,65000.82,65000.92,65001.02]",65000.119999999995,"[0.001,0.002,0.003,0.004,0.005,0.006,0.007,0.008,0.009000000000000001,0.01]",0.001,"[64999.92,64999.82,64999.719999999994,64999.619999999995,64999.52,64999.42,64999.32,64999.219999999994,64999.119999999995,64999.02]",64999.92,"[0.001,0.002,0.003,0.004,0.005,0.006,0.007,0.008,0.009000000000000001,0.01]",0.001,3702,mock,InstrumentType.Spot,614649424,mock,BTC-USDT
2199944884,0,0,1783610797042928172,101,depth,"[65000.13,65000.229999999996,65000.33,65000.43,65000.53,65000.63,65000.729999999996,65000.83,65000.93,65001.03]",65000.13,"[0.001,0.002,0.003,0.004,0.005,0.006,0.007,0.008,0.009000000000000001,0.01]",0.001,"[64999.93,64999.83,64999.729999999996,64999.63,64999.53,64999.43,64999.33,64999.229999999996,64999.13,64999.03]",64999.93,"[0.001,0.002,0.003,0.004,0.005,0.006,0.007,0.008,0.009000000000000001,0.01]",0.001,3703,mock,InstrumentType.Spot,614649984,mock,BTC-USDT
2199944884,0,0,1783610797043228277,101,depth,"[65000.14,65000.24,65000.340000000004,65000.44,65000.54,65000.64,65000.74,65000.840000000004,65000.94,65001.04]",65000.14,"[0.001,0.002,0.003,0.004,0.005,0.006,0.007,0.008,0.009000000000000001,0.01]",0.001,"[64999.94,64999.840000000004,64999.74,64999.64,64999.54,64999.44,64999.340000000004,64999.24,64999.14,64999.04]",64999.94,"[0.001,0.002,0.003,0.004,0.005,0.006,0.007,0.008,0.009000000000000001,0.01]",0.001,3704,mock,InstrumentType.Spot,614650544,mock,BTC-USDT
2199944884,0,0,1783610797043542239,101,depth,"[65000.15,65000.25,65000.350000000006,65000.450000000004,65000.55,65000.65,65000.75,65000.850000000006,65000.950000000004,65001.05]",65000.15,"[0.001,0.002,0.003,0.004,0.005,0.006,0.007,0.008,0.009000000000000001,0.01]",0.001,"[64999.950000000004,64999.850000000006,64999.75,64999.65,64999.55,64999.450000000004,64999.350000000006,64999.25,64999.15,64999.05]",64999.950000000004,"[0.001,0.002,0.003,0.004,0.005,0.006,0.007,0.008,0.009000000000000001,0.01]",0.001,3705,mock,InstrumentType.Spot,614651104,mock,BTC-USDT
2199944884,0,0,1783610797043828571,101,depth,"[65000.159999999996,65000.259999999995,65000.36,65000.46,65000.56,65000.659999999996,65000.759999999995,65000.86,65000.96,65001.06]",65000.159999999996,"[0.001,0.002,0.003,0.004,0.005,0.006,0.007,0.008,0.009000000000000001,0.01]",0.001,"[64999.96,64999.86,64999.759999999995,64999.659999999996,64999.56,64999.46,64999.36,64999.259999999995,64999.159999999996,64999.06]",64999.96,"[0.001,0.002,0.003,0.004,0.005,0.006,0.007,0.008,0.009000000000000001,0.01]",0.001,3706,mock,InstrumentType.Spot,614651664,mock,BTC-USDT
2199944884,0,0,1783610797044128567,101,depth,"[65000.17,65000.27,65000.37,65000.47,65000.57,65000.67,65000.77,65000.87,65000.97,65001.07]",65000.17,"[0.001,0.002,0.003,0.004,0.005,0.006,0.007,0.008,0.009000000000000001,0.01]",0.001,"[64999.97,64999.87,64999.77,64999.67,64999.57,64999.47,64999.37,64999.27,64999.17,64999.07]",64999.97,"[0.001,0.002,0.003,0.004,0.005,0.006,0.007,0.008,0.009000000000000001,0.01]",0.001,3707,mock,InstrumentType.Spot,614652224,mock,BTC-USDT
2199944884,0,0,1783610797044428379,101,depth,"[65000.18,65000.28,65000.380000000005,65000.48,65000.58,65000.68,65000.78,65000.880000000005,65000.98,65001.08]",65000.18,"[0.001,0.002,0.003,0.004,0.005,0.006,0.007,0.008,0.009000000000000001,0.01]",0.001,"[64999.98,64999.880000000005,64999.78,64999.68,64999.58,64999.48,64999.380000000005,64999.28,64999.18,64999.08]",64999.98,"[0.001,0.002,0.003,0.004,0.005,0.006,0.007,0.008,0.009000000000000001,0.01]",0.001,3708,mock,InstrumentType.Spot,614652784,mock,BTC-USDT
2199944884,0,0,1783610797044728672,101,depth,"[65000.189999999995,65000.28999999999,65000.39,65000.49,65000.59,65000.689999999995,65000.78999999999,65000.89,65000.99,65001.09]",65000.189999999995,"[0.001,0.002,0.003,0.004,0.005,0.006,0.007,0.008,0.009000000000000001,0.01]",0.001,"[64999.99,64999.89,64999.78999999999,64999.689999999995,64999.59,64999.49,64999.39,64999.28999999999,64999.189999999995,64999.09]",64999.99,"[0.001,0.002,0.003,0.004,0.005,0.006,0.007,0.008,0.009000000000000001,0.01]",0.001,3709,mock,InstrumentType.Spot,614653344,mock,BTC-USDT
2199944884,0,0,1783610797045028741,101,depth,"[65000.2,65000.299999999996,65000.4,65000.5,65000.6,65000.7,65000.799999999996,65000.9,65001.0,65001.1]",65000.2,"[0.001,0.002,0.003,0.004,0.005,0.006,0.007,0.008,0.009000000000000001,0.01]",0.001,"[65000.0,64999.9,64999.799999999996,64999.7,64999.6,64999.5,64999.4,64999.299999999996,64999.2,64999.1]",65000.0,"[0.001,0.002,0.003,0.004,0.005,0.006,0.007,0.008,0.009000000000000001,0.01]",0.001,3710,mock,InstrumentType.Spot,614653904,mock,BTC-USDT
2199944884,0,0,1783610797045328683,101,depth,"[65000.21,65000.31,65000.41,65000.51,65000.61,65000.71,65000.81,65000.91,65001.01,65001.11]",65000.21,"[0.001,0.002,0.003,0.004,0.005,0.006,0.007,0.008,0.009000000000000001,0.01]",0.001,"[65000.01,64999.91,64999.81,64999.71,64999.61,64999.51,64999.41,64999.31,64999.21,64999.11]",65000.01,"[0.001,0.002,0.003,0.004,0.005,0.006,0.007,0.008,0.009000000000000001,0.01]",0.001,3711,mock,InstrumentType.Spot,614654464,mock,BTC-USDT
2199944884,0,0,1783610797045628384,101,depth,"[65000.22,65000.32,65000.420000000006,65000.520000000004,65000.62,65000.72,65000.82,65000.920000000006,65001.020000000004,65001.12]",65000.22,"[0.001,0.002,0.003,0.004,0.005,0.006,0.007,0.008,0.009000000000000001,0.01]",0.001,"[65000.020000000004,64999.920000000006,64999.82,64999.72,64999.62,64999.520000000004,64999.420000000006,64999.32,64999.22,64999.12]",65000.020000000004,"[0.001,0.002,0.003,0.004,0.005,0.006,0.007,0.008,0.009000000000000001,0.01]",0.001,3712,mock,InstrumentType.Spot,614655024,mock,BTC-USDT
2199944884,0,0,1783610797045928278,101,depth,"[65000.229999999996,65000.329999999994,65000.43,65000.53,65000.63,65000.729999999996,65000.829999999994,65000.93,65001.03,65001.13]",65000.229999999996,"[0.001,0.002,0.003,0.004,0.005,0.006,0.007,0.008,0.009000000000000001,0.01]",0.001,"[65000.03,64999.93,64999.829999999994,64999.729999999996,64999.63,64999.53,64999.43,64999.329999999994,64999.229999999996,64999.13]",65000.03,"[0.001,0.002,0.003,0.004,0.005,0.006,0.007,0.008,0.009000000000000001,0.01]",0.001,3713,mock,InstrumentType.Spot,614655584,mock,BTC-USDT
2199944884,0,0,1783610797046235887,101,depth,"[65000.24,65000.34,65000.44,65000.54,65000.64,65000.74,65000.84,65000.94,65001.04,65001.14]",65000.24,"[0.001,0.002,0.003,0.004,0.005,0.006,0.007,0.008,0.009000000000000001,0.01]",0.001,"[65000.04,64999.94,64999.84,64999.74,64999.64,64999.54,64999.44,64999.34,64999.24,64999.14]",65000.04,"[0.001,0.002,0.003,0.004,0.005,0.006,0.007,0.008,0.009000000000000001,0.01]",0.001,3714,mock,InstrumentType.Spot,614894048,mock,BTC-USDT
2199944884,0,0,1783610797046528190,101,depth,"[65000.25,65000.35,65000.450000000004,65000.55,65000.65,65000.75,65000.85,65000.950000000004,65001.05,65001.15]",65000.25,"[0.001,0.002,0.003,0.004,0.005,0.006,0.007,0.008,0.009000000000000001,0.01]",0.001,"[65000.05,64999.950000000004,64999.85,64999.75,64999.65,64999.55,64999.450000000004,64999.35,64999.25,64999.15]",65000.05,"[0.001,0.002,0.003,0.004,0.005,0.006,0.007,0.008,0.009000000000000001,0.01]",0.001,3715,mock,InstrumentType.Spot,614894464,mock,BTC-USDT
2199944884,0,0,1783610797046828223,101,depth,"[65000.26,65000.36,65000.46000000001,65000.560000000005,65000.66,65000.76,65000.86,65000.96000000001,65001.060000000005,65001.16]",65000.26,"[0.001,0.002,0.003,0.004,0.005,0.006,0.007,0.008,0.009000000000000001,0.01]",0.001,"[65000.060000000005,64999.96000000001,64999.86,64999.76,64999.66,64999.560000000005,64999.46000000001,64999.36,64999.26,64999.16]",65000.060000000005,"[0.001,0.002,0.003,0.004,0.005,0.006,0.007,0.008,0.009000000000000001,0.01]",0.001,3716,mock,InstrumentType.Spot,614894992,mock,BTC-USDT
2199944884,0,0,1783610797047128111,101,depth,"[65000.27,65000.369999999995,65000.47,65000.57,65000.67,65000.77,65000.869999999995,65000.97,65001.07,65001.17]",65000.27,"[0.001,0.002,0.003,0.004,0.005,0.006,0.007,0.008,0.009000000000000001,0.01]",0.001,"[65000.07,64999.97,64999.869999999995,64999.77,64999.67,64999.57,64999.47,64999.369999999995,64999.27,64999.17]",65000.07,"[0.001,0.002,0.003,0.004,0.005,0.006,0.007,0.008,0.009000000000000001,0.01]",0.001,3717,mock,InstrumentType.Spot,614895552,mock,BTC-USDT
2199944884,0,0,1783610797047428108,101,depth,"[65000.28,65000.38,65000.48,65000.58,65000.68,65000.78,65000.88,65000.98,65001.08,65001.18]",65000.28,"[0.001,0.002,0.003,0.004,0.005,0.006,0.007,0.008,0.009000000000000001,0.01]",0.001,"[65000.08,64999.98,64999.88,64999.78,64999.68,64999.58,64999.48,64999.38,64999.28,64999.18]",65000.08,"[0.001,0.002,0.003,0.004,0.005,0.006,0.007,0.008,0.009000000000000001,0.01]",0.001,3718,mock,InstrumentType.Spot,614896112,mock,BTC-USDT
2199944884,0,0,1783610797047728110,101,depth,"[65000.29,65000.39,65000.490000000005,65000.590000000004,65000.69,65000.79,65000.89,65000.990000000005,65001.090000000004,65001.19]",65000.29,"[0.001,0.002,0.003,0.004,0.005,0.006,0.007,0.008,0.009000000000000001,0.01]",0.001,"[65000.090000000004,64999.990000000005,64999.89,64999.79,64999.69,64999.590000000004,64999.490000000005,64999.39,64999.29,64999.19]",65000.090000000004,"[0.001,0.002,0.003,0.004,0.005,0.006,0.007,0.008,0.009000000000000001,0.01]",0.001,3719,mock,InstrumentType.Spot,614896672,mock,BTC-USDT
2199944884,0,0,1783610797048027914,101,depth,"[65000.299999999996,65000.399999999994,65000.5,65000.6,65000.7,65000.799999999996,65000.899999999994,65001.0,65001.1,65001.2]",65000.299999999996,"[0.001,0.002,0.003,0.004,0.005,0.006,0.007,0.008,0.009000000000000001,0.01]",0.001,"[65000.1,65000.0,64999.899999999994,64999.799999999996,64999.7,64999.6,64999.5,64999.399999999994,64999.299999999996,64999.2]",65000.1,"[0.001,0.002,0.003,0.004,0.005,0.006,0.007,0.008,0.009000000000000001,0.01]",0.001,3720,mock,InstrumentType.Spot,614897232,mock,BTC-USDT
2199944884,0,0,1783610797048327929,101,depth,"[65000.31,65000.409999999996,65000.51,65000.61,65000.71,65000.81,65000.909999999996,65001.01,65001.11,65001.21]",65000.31,"[0.001,0.002,0.003,0.004,0.005,0.006,0.007,0.008,0.009000000000000001,0.01]",0.001,"[65000.11,65000.01,64999.909999999996,64999.81,64999.71,64999.61,64999.51,64999.409999999996,64999.31,64999.21]",65000.11,"[0.001,0.002,0.003,0.004,0.005,0.006,0.007,0.008,0.009000000000000001,0.01]",0.001,3721,mock,InstrumentType.Spot,614897792,mock,BTC-USDT
2199944884,0,0,1783610797048627948,101,depth,"[65000.32,65000.42,65000.520000000004,65000.62,65000.72,65000.82,65000.92,65001.020000000004,65001.12,65001.22]",65000.32,"[0.001,0.002,0.003,0.004,0.005,0.006,0.007,0.008,0.009000000000000001,0.01]",0.001,"[65000.12,65000.020000000004,64999.92,64999.82,64999.72,64999.62,64999.520000000004,64999.42,64999.32,64999.22]",65000.12,"[0.001,0.002,0.003,0.004,0.005,0.006,0.007,0.008,0.009000000000000001,0.01]",0.001,3722,mock,InstrumentType.Spot,614898352,mock,BTC-USDT
2199944884,0,0,1783610797048927781,101,depth,"[65000.33,65000.43,65000.530000000006,65000.630000000005,65000.73,65000.83,65000.93,65001.030000000006,65001.130000000005,65001.23]",65000.33,"[0.001,0.002,0.003,0.004,0.005,0.006,0.007,0.008,0.009000000000000001,0.01]",0.001,"[65000.130000000005,65000.030000000006,64999.93,64999.83,64999.73,64999.630000000005,64999.530000000006,64999.43,64999.33,64999.23]",65000.130000000005,"[0.001,0.002,0.003,0.004,0.005,0.006,0.007,0.008,0.009000000000000001,0.01]",0.001,3723,mock,InstrumentType.Spot,614898912,mock,BTC-USDT
2199944884,0,0,1783610797049233016,101,depth,"[65000.34,65000.439999999995,65000.54,65000.64,65000.74,65000.84,65000.939999999995,65001.04,65001.14,65001.24]",65000.34,"[0.001,0.002,0.003,0.004,0.005,0.006,0.007,0.008,0.009000000000000001,0.01]",0.001,"[65000.14,65000.04,64999.939999999995,64999.84,64999.74,64999.64,64999.54,64999.439999999995,64999.34,64999.24]",65000.14,"[0.001,0.002,0.003,0.004,0.005,0.006,0.007,0.008,0.009000000000000001,0.01]",0.001,3724,mock,InstrumentType.Spot,614899472,mock,BTC-USDT
2199944884,0,0,1783610797049528327,101,depth,"[65000.35,65000.45,65000.55,65000.65,65000.75,65000.85,65000.95,65001.05,65001.15,65001.25]",65000.35,"[0.001,0.002,0.003,0.004,0.005,0.006,0.007,0.008,0.009000000000000001,0.01]",0.001,"[65000.15,65000.05,64999.95,64999.85,64999.75,64999.65,64999.55,64999.45,64999.35,64999.25]",65000.15,"[0.001,0.002,0.003,0.004,0.005,0.006,0.007,0.008,0.009000000000000001,0.01]",0.001,3725,mock,InstrumentType.Spot,614900032,mock,BTC-USDT
2199944884,0,0,1783610797049828072,101,depth,"[65000.36,65000.46,65000.560000000005,65000.66,65000.76,65000.86,65000.96,65001.060000000005,65001.16,65001.26]",65000.36,"[0.001,0.002,0.003,0.004,0.005,0.006,0.007,0.008,0.009000000000000001,0.01]",0.001,"[65000.16,65000.060000000005,64999.96,64999.86,64999.76,64999.66,64999.560000000005,64999.46,64999.36,64999.26]",65000.16,"[0.001,0.002,0.003,0.004,0.005,0.006,0.007,0.008,0.009000000000000001,0.01]",0.001,3726,mock,InstrumentType.Spot,614900592,mock,BTC-USDT
2199944884,0,0,1783610797050128115,101,depth,"[65000.369999999995,65000.469999999994,65000.57,65000.67,65000.77,65000.869999999995,65000.969999999994,65001.07,65001.17,65001.27]",65000.369999999995,"[0.001,0.002,0.003,0.004,0.005,0.006,0.007,0.008,0.009000000000000001,0.01]",0.001,"[65000.17,65000.07,64999.969999999994,64999.869999999995,64999.77,64999.67,64999.57,64999.469999999994,64999.369999999995,64999.27]",65000.17,"[0.001,0.002,0.003,0.004,0.005,0.006,0.007,0.008,0.009000000000000001,0.01]",0.001,3727,mock,InstrumentType.Spot,614901152,mock,BTC-USDT
2199944884,0,0,1783610797050428174,101,depth,"[65000.38,65000.479999999996,65000.58,65000.68,65000.78,65000.88,65000.979999999996,65001.08,65001.18,65001.28]",65000.38,"[0.001,0.002,0.003,0.004,0.005,0.006,0.007,0.008,0.009000000000000001,0.01]",0.001,"[65000.18,65000.08,64999.979999999996,64999.88,64999.78,64999.68,64999.58,64999.479999999996,64999.38,64999.28]",65000.18,"[0.001,0.002,0.003,0.004,0.005,0.006,0.007,0.008,0.009000000000000001,0.01]",0.001,3728,mock,InstrumentType.Spot,614901712,mock,BTC-USDT
2199944884,0,0,1783610797050728364,101,depth,"[65000.39,65000.49,65000.590000000004,65000.69,65000.79,65000.89,65000.99,65001.090000000004,65001.19,65001.29]",65000.39,"[0.001,0.002,0.003,0.004,0.005,0.006,0.007,0.008,0.009000000000000001,0.01]",0.001,"[65000.19,65000.090000000004,64999.99,64999.89,64999.79,64999.69,64999.590000000004,64999.49,64999.39,64999.29]",65000.19,"[0.001,0.002,0.003,0.004,0.005,0.006,0.007,0.008,0.009000000000000001,0.01]",0.001,3729,mock,InstrumentType.Spot,614902272,mock,BTC-USDT
2199944884,0,0,1783610797051028526,101,depth,"[65000.4,65000.5,65000.600000000006,65000.700000000004,65000.8,65000.9,65001.0,65001.100000000006,65001.200000000004,65001.3]",65000.4,"[0.001,0.002,0.003,0.004,0.005,0.006,0.007,0.008,0.009000000000000001,0.01]",0.001,"[65000.200000000004,65000.100000000006,65000.0,64999.9,64999.8,64999.700000000004,64999.600000000006,64999.5,64999.4,64999.3]",65000.200000000004,"[0.001,0.002,0.003,0.004,0.005,0.006,0.007,0.008,0.009000000000000001,0.01]",0.001,3730,mock,InstrumentType.Spot,614902832,mock,BTC-USDT
2199944884,0,0,1783610797051328460,101,depth,"[65000.409999999996,65000.509999999995,65000.61,65000.71,65000.81,65000.909999999996,65001.009999999995,65001.11,65001.21,65001.31]",65000.409999999996,"[0.001,0.002,0.003,0.004,0.005,0.006,0.007,0.008,0.009000000000000001,0.01]",0.001,"[65000.21,65000.11,65000.009999999995,64999.909999999996,64999.81,64999.71,64999.61,64999.509999999995,64999.409999999996,64999.31]",65000.21,"[0.001,0.002,0.003,0.004,0.005,0.006,0.007,0.008,0.009000000000000001,0.01]",0.001,3731,mock,InstrumentType.Spot,614903392,mock,BTC-USDT
2199944884,0,0,1783610797051628531,101,depth,"[65000.42,65000.52,65000.62,65000.72,65000.82,65000.92,65001.02,65001.12,65001.22,65001.32]",65000.42,"[0.001,0.002,0.003,0.004,0.005,0.006,0.007,0.008,0.009000000000000001,0.01]",0.001,"[65000.22,65000.12,65000.02,64999.92,64999.82,64999.72,64999.62,64999.52,64999.42,64999.32]",65000.22,"[0.001,0.002,0.003,0.004,0.005,0.006,0.007,0.008,0.009000000000000001,0.01]",0.001,3732,mock,InstrumentType.Spot,614903952,mock,BTC-USDT
2199944884,0,0,1783610797051935155,101,depth,"[65000.43,65000.53,65000.630000000005,65000.73,65000.83,65000.93,65001.03,65001.130000000005,65001.23,65001.33]",65000.43,"[0.001,0.002,0.003,0.004,0.005,0.006,0.007,0.008,0.009000000000000001,0.01]",0.001,"[65000.23,65000.130000000005,65000.03,64999.93,64999.83,64999.73,64999.630000000005,64999.53,64999.43,64999.33]",65000.23,"[0.001,0.002,0.003,0.004,0.005,0.006,0.007,0.008,0.009000000000000001,0.01]",0.001,3733,mock,InstrumentType.Spot,614904512,mock,BTC-USDT
2199944884,0,0,1783610797052229644,101,depth,"[65000.439999999995,65000.53999999999,65000.64,65000.74,65000.84,65000.939999999995,65001.03999999999,65001.14,65001.24,65001.34]",65000.439999999995,"[0.001,0.002,0.003,0.004,0.005,0.006,0.007,0.008,0.009000000000000001,0.01]",0.001,"[65000.24,65000.14,65000.03999999999,64999.939999999995,64999.84,64999.74,64999.64,64999.53999999999,64999.439999999995,64999.34]",65000.24,"[0.001,0.002,0.003,0.004,0.005,0.006,0.007,0.008,0.009000000000000001,0.01]",0.001,3734,mock,InstrumentType.Spot,614905072,mock,BTC-USDT
2199944884,0,0,1783610797052528863,101,depth,"[65000.45,65000.549999999996,65000.65,65000.75,65000.85,65000.95,65001.049999999996,65001.15,65001.25,65001.35]",65000.45,"[0.001,0.002,0.003,0.004,0.005,0.006,0.007,0.008,0.009000000000000001,0.01]",0.001,"[65000.25,65000.15,65000.049999999996,64999.95,64999.85,64999.75,64999.65,64999.549999999996,64999.45,64999.35]",65000.25,"[0.001,0.002,0.003,0.004,0.005,0.006,0.007,0.008,0.009000000000000001,0.01]",0.001,3735,mock,InstrumentType.Spot,614905632,mock,BTC-USDT
2199944884,0,0,1783610797052829281,101,depth,"[65000.46,65000.56,65000.66,65000.76,65000.86,65000.96,65001.06,65001.16,65001.26,65001.36]",65000.46,"[0.001,0.002,0.003,0.004,0.005,0.006,0.007,0.008,0.009000000000000001,0.01]",0.001,"[65000.26,65000.16,65000.06,64999.96,64999.86,64999.76,64999.66,64999.56,64999.46,64999.36]",65000.26,"[0.001,0.002,0.003,0.004,0.005,0.006,0.007,0.008,0.009000000000000001,0.01]",0.001,3736,mock,InstrumentType.Spot,614906192,mock,BTC-USDT
2199944884,0,0,1783610797053129329,101,depth,"[65000.47,65000.57,65000.670000000006,65000.770000000004,65000.87,65000.97,65001.07,65001.170000000006,65001.270000000004,65001.37]",65000.47,"[0.001,0.002,0.003,0.004,0.005,0.006,0.007,0.008,0.009000000000000001,0.01]",0.001,"[65000.270000000004,65000.170000000006,65000.07,64999.97,64999.87,64999.770000000004,64999.670000000006,64999.57,64999.47,64999.37]",65000.270000000004,"[0.001,0.002,0.003,0.004,0.005,0.006,0.007,0.008,0.009000000000000001,0.01]",0.001,3737,mock,InstrumentType.Spot,614906752,mock,BTC-USDT
2199944884,0,0,1783610797053429194,101,depth,"[65000.479999999996,65000.579999999994,65000.68,65000.78,65000.88,65000.979999999996,65001.079999999994,65001.18,65001.28,65001.38]",65000.479999999996,"[0.001,0.002,0.003,0.004,0.005,0.006,0.007,0.008,0.009000000000000001,0.01]",0.001,"[65000.28,65000.18,65000.079999999994,64999.979999999996,64999.88,64999.78,64999.68,64999.579999999994,64999.479999999996,64999.38]",65000.28,"[0.001,0.002,0.003,0.004,0.005,0.006,0.007,0.008,0.009000000000000001,0.01]",0.001,3738,mock,InstrumentType.Spot,614907312,mock,BTC-USDT
2199944884,0,0,1783610797053728781,101,depth,"[65000.49,65000.59,65000.69,65000.79,65000.89,65000.99,65001.09,65001.19,65001.29,65001.39]",65000.49,"[0.001,0.002,0.003,0.004,0.005,0.006,0.007,0.008,0.009000000000000001,0.01]",0.001,"[65000.29,65000.19,65000.09,64999.99,64999.89,64999.79,64999.69,64999.59,64999.49,64999.39]",65000.29,"[0.001,0.002,0.003,0.004,0.005,0.006,0.007,0.008,0.009000000000000001,0.01]",0.001,3739,mock,InstrumentType.Spot,614907872,mock,BTC-USDT
2199944884,0,0,1783610797054028857,101,depth,"[65000.5,65000.6,65000.700000000004,65000.8,65000.9,65001.0,65001.1,65001.200000000004,65001.3,65001.4]",65000.5,"[0.001,0.002,0.003,0.004,0.005,0.006,0.007,0.008,0.009000000000000001,0.01]",0.001,"[65000.3,65000.200000000004,65000.1,65000.0,64999.9,64999.8,64999.700000000004,64999.6,64999.5,64999.4]",65000.3,"[0.001,0.002,0.003,0.004,0.005,0.006,0.007,0.008,0.009000000000000001,0.01]",0.001,3740,mock,InstrumentType.Spot,614908432,mock,BTC-USDT
2199944884,0,0,1783610797054328715,101,depth,"[65000.51,65000.61,65000.71000000001,65000.810000000005,65000.91,65001.01,65001.11,65001.21000000001,65001.310000000005,65001.41]",65000.51,"[0.001,0.002,0.003,0.004,0.005,0.006,0.007,0.008,0.009000000000000001,0.01]",0.001,"[65000.310000000005,65000.21000000001,65000.11,65000.01,64999.91,64999.810000000005,64999.71000000001,64999.61,64999.51,64999.41]",65000.310000000005,"[0.001,0.002,0.003,0.004,0.005,0.006,0.007,0.008,0.009000000000000001,0.01]",0.001,3741,mock,InstrumentType.Spot,614908992,mock,BTC-USDT
2199944884,0,0,1783610797054628388,101,depth,"[65000.52,65000.619999999995,65000.72,65000.82,65000.92,65001.02,65001.119999999995,65001.22,65001.32,65001.42]",65000.52,"[0.001,0.002,0.003,0.004,0.005,0.006,0.007,0.008,0.009000000000000001,0.01]",0.001,"[65000.32,65000.22,65000.119999999995,65000.02,64999.92,64999.82,64999.72,64999.619999999995,64999.52,64999.42]",65000.32,"[0.001,0.002,0.003,0.004,0.005,0.006,0.007,0.008,0.009000000000000001,0.01]",0.001,3742,mock,InstrumentType.Spot,614909552,mock,BTC-USDT
2199944884,0,0,1783610797054935439,101,depth,"[65000.53,65000.63,65000.73,65000.83,65000.93,65001.03,65001.13,65001.23,65001.33,65001.43]",65000.53,"[0.001,0.002,0.003,0.004,0.005,0.006,0.007,0.008,0.009000000000000001,0.01]",0.001,"[65000.33,65000.23,65000.13,65000.03,64999.93,64999.83,64999.73,64999.63,64999.53,64999.43]",65000.33,"[0.001,0.002,0.003,0.004,0.005,0.006,0.007,0.008,0.009000000000000001,0.01]",0.001,3743,mock,InstrumentType.Spot,614910112,mock,BTC-USDT
2199944884,0,0,1783610797055228639,101,depth,"[65000.54,65000.64,65000.740000000005,65000.840000000004,65000.94,65001.04,65001.14,65001.240000000005,65001.340000000004,65001.44]",65000.54,"[0.001,0.002,0.003,0.004,0.005,0.006,0.007,0.008,0.009000000000000001,0.01]",0.001,"[65000.340000000004,65000.240000000005,65000.14,65000.04,64999.94,64999.840000000004,64999.740000000005,64999.64,64999.54,64999.44]",65000.340000000004,"[0.001,0.002,0.003,0.004,0.005,0.006,0.007,0.008,0.009000000000000001,0.01]",0.001,3744,mock,InstrumentType.Spot,614910672,mock,BTC-USDT
2199944884,0,0,1783610797055528408,101,depth,"[65000.549999999996,65000.649999999994,65000.75,65000.85,65000.95,65001.049999999996,65001.149999999994,65001.25,65001.35,65001.45]",65000.549999999996,"[0.001,0.002,0.003,0.004,0.005,0.006,0.007,0.008,0.009000000000000001,0.01]",0.001,"[65000.35,65000.25,65000.149999999994,65000.049999999996,64999.95,64999.85,64999.75,64999.649999999994,64999.549999999996,64999.45]",65000.35,"[0.001,0.002,0.003,0.004,0.005,0.006,0.007,0.008,0.009000000000000001,0.01]",0.001,3745,mock,InstrumentType.Spot,614911232,mock,BTC-USDT
2199944884,0,0,1783610797055828397,101,depth,"[65000.56,65000.659999999996,65000.76,65000.86,65000.96,65001.06,65001.159999999996,65001.26,65001.36,65001.46]",65000.56,"[0.001,0.002,0.003,0.004,0.005,0.006,0.007,0.008,0.009000000000000001,0.01]",0.001,"[65000.36,65000.26,65000.159999999996,65000.06,64999.96,64999.86,64999.76,64999.659999999996,64999.56,64999.46]",65000.36,"[0.001,0.002,0.003,0.004,0.005,0.006,0.007,0.008,0.009000000000000001,0.01]",0.001,3746,mock,InstrumentType.Spot,614911792,mock,BTC-USDT
2199944884,0,0,1783610797056128541,101,depth,"[65000.57,65000.67,65000.770000000004,65000.87,65000.97,65001.07,65001.17,65001.270000000004,65001.37,65001.47]",65000.57,"[0.001,0.002,0.003,0.004,0.005,0.006,0.007,0.008,0.009000000000000001,0.01]",0.001,"[65000.37,65000.270000000004,65000.17,65000.07,64999.97,64999.87,64999.770000000004,64999.67,64999.57,64999.47]",65000.37,"[0.001,0.002,0.003,0.004,0.005,0.006,0.007,0.008,0.009000000000000001,0.01]",0.001,3747,mock,InstrumentType.Spot,614912352,mock,BTC-USDT
2199944884,0,0,1783610797056428323,101,depth,"[65000.58,65000.68,65000.780000000006,65000.880000000005,65000.98,65001.08,65001.18,65001.280000000006,65001.380000000005,65001.48]",65000.58,"[0.001,0.002,0.003,0.004,0.005,0.006,0.007,0.008,0.009000000000000001,0.01]",0.001,"[65000.380000000005,65000.280000000006,65000.18,65000.08,64999.98,64999.880000000005,64999.780000000006,64999.68,64999.58,64999.48]",65000.380000000005,"[0.001,0.002,0.003,0.004,0.005,0.006,0.007,0.008,0.009000000000000001,0.01]",0.001,3748,mock,InstrumentType.Spot,614912912,mock,BTC-USDT
2199944884,0,0,1783610797056728728,101,depth,"[65000.59,65000.689999999995,65000.79,65000.89,65000.99,65001.09,65001.189999999995,65001.29,65001.39,65001.49]",65000.59,"[0.001,0.002,0.003,0.004,0.005,0.006,0.007,0.008,0.009000000000000001,0.01]",0.001,"[65000.39,65000.29,65000.189999999995,65000.09,64999.99,64999.89,64999.79,64999.689999999995,64999.59,64999.49]",65000.39,"[0.001,0.002,0.003,0.004,0.005,0.006,0.007,0.008,0.009000000000000001,0.01]",0.001,3749,mock,InstrumentType.Spot,614913472,mock,BTC-USDT
2199944884,0,0,1783610797057028768,101,depth,"[65000.6,65000.7,65000.8,65000.9,65001.0,65001.1,65001.2,65001.3,65001.4,65001.5]",65000.6,"[0.001,0.002,0.003,0.004,0.005,0.006,0.007,0.008,0.009000000000000001,0.01]",0.001,"[65000.4,65000.3,65000.2,65000.1,65000.0,64999.9,64999.8,64999.7,64999.6,64999.5]",65000.4,"[0.001,0.002,0.003,0.004,0.005,0.006,0.007,0.008,0.009000000000000001,0.01]",0.001,3750,mock,InstrumentType.Spot,614914032,mock,BTC-USDT
2199944884,0,0,1783610797057328747,101,depth,"[65000.61,65000.71,65000.810000000005,65000.91,65001.01,65001.11,65001.21,65001.310000000005,65001.41,65001.51]",65000.61,"[0.001,0.002,0.003,0.004,0.005,0.006,0.007,0.008,0.009000000000000001,0.01]",0.001,"[65000.41,65000.310000000005,65000.21,65000.11,65000.01,64999.91,64999.810000000005,64999.71,64999.61,64999.51]",65000.41,"[0.001,0.002,0.003,0.004,0.005,0.006,0.007,0.008,0.009000000000000001,0.01]",0.001,3751,mock,InstrumentType.Spot,614914592,mock,BTC-USDT
2199944884,0,0,1783610797057629149,101,depth,"[65000.619999999995,65000.719999999994,65000.82,65000.92,65001.02,65001.119999999995,65001.219999999994,65001.32,65001.42,65001.52]",65000.619999999995,"[0.001,0.002,0.003,0.004,0.005,0.006,0.007,0.008,0.009000000000000001,0.01]",0.001,"[65000.42,65000.32,65000.219999999994,65000.119999999995,65000.02,64999.92,64999.82,64999.719999999994,64999.619999999995,64999.52]",65000.42,"[0.001,0.002,0.003,0.004,0.005,0.006,0.007,0.008,0.009000000000000001,0.01]",0.001,3752,mock,InstrumentType.Spot,614915152,mock,BTC-USDT
2199944884,0,0,1783610797057936479,101,depth,"[65000.63,65000.729999999996,65000.83,65000.93,65001.03,65001.13,65001.229999999996,65001.33,65001.43,65001.53]",65000.63,"[0.001,0.002,0.003,0.004,0.005,0.006,0.007,0.008,0.009000000000000001,0.01]",0.001,"[65000.43,65000.33,65000.229999999996,65000.13,65000.03,64999.93,64999.83,64999.729999999996,64999.63,64999.53]",65000.43,"[0.001,0.002,0.003,0.004,0.005,0.006,0.007,0.008,0.009000000000000001,0.01]",0.001,3753,mock,InstrumentType.Spot,614915712,mock,BTC-USDT
2199944884,0,0,1783610797058229487,101,depth,"[65000.64,65000.74,65000.840000000004,65000.94,65001.04,65001.14,65001.24,65001.340000000004,65001.44,65001.54]",65000.64,"[0.001,0.002,0.003,0.004,0.005,0.006,0.007,0.008,0.009000000000000001,0.01]",0.001,"[65000.44,65000.340000000004,65000.24,65000.14,65000.04,64999.94,64999.840000000004,64999.74,64999.64,64999.54]",65000.44,"[0.001,0.002,0.003,0.004,0.005,0.006,0.007,0.008,0.009000000000000001,0.01]",0.001,3754,mock,InstrumentType.Spot,614916272,mock,BTC-USDT
2199944884,0,0,1783610797058529158,101,depth,"[65000.65,65000.75,65000.850000000006,65000.950000000004,65001.05,65001.15,65001.25,65001.350000000006,65001.450000000004,65001.55]",65000.65,"[0.001,0.002,0.003,0.004,0.005,0.006,0.007,0.008,0.009000000000000001,0.01]",0.001,"[65000.450000000004,65000.350000000006,65000.25,65000.15,65000.05,64999.950000000004,64999.850000000006,64999.75,64999.65,64999.55]",65000.450000000004,"[0.001,0.002,0.003,0.004,0.005,0.006,0.007,0.008,0.009000000000000001,0.01]",0.001,3755,mock,InstrumentType.Spot,614916832,mock,BTC-USDT
2199944884,0,0,1783610797058828588,101,depth,"[65000.659999999996,65000.759999999995,65000.86,65000.96,65001.06,65001.159999999996,65001.259999999995,65001.36,65001.46,65001.56]",65000.659999999996,"[0.001,0.002,0.003,0.004,0.005,0.006,0.007,0.008,0.009000000000000001,0.01]",0.001,"[65000.46,65000.36,65000.259999999995,65000.159999999996,65000.06,64999.96,64999.86,64999.759999999995,64999.659999999996,64999.56]",65000.46,"[0.001,0.002,0.003,0.004,0.005,0.006,0.007,0.008,0.009000000000000001,0.01]",0.001,3756,mock,InstrumentType.Spot,614917392,mock,BTC-USDT
2199944884,0,0,1783610797059129009,101,depth,"[65000.67,65000.77,65000.87,65000.97,65001.07,65001.17,65001.27,65001.37,65001.47,65001.57]",65000.67,"[0.001,0.002,0.003,0.004,0.005,0.006,0.007,0.008,0.009000000000000001,0.01]",0.001,"[65000.47,65000.37,65000.27,65000.17,65000.07,64999.97,64999.87,64999.77,64999.67,64999.57]",65000.47,"[0.001,0.002,0.003,0.004,0.005,0.006,0.007,0.008,0.009000000000000001,0.01]",0.001,3757,mock,InstrumentType.Spot,614917952,mock,BTC-USDT
2199944884,0,0,1783610797059428750,101,depth,"[65000.68,65000.78,65000.880000000005,65000.98,65001.08,65001.18,65001.28,65001.380000000005,65001.48,65001.58]",65000.68,"[0.001,0.002,0.003,0.004,0.005,0.006,0.007,0.008,0.009000000000000001,0.01]",0.001,"[65000.48,65000.380000000005,65000.28,65000.18,65000.08,64999.98,64999.880000000005,64999.78,64999.68,64999.58]",65000.48,"[0.001,0.002,0.003,0.004,0.005,0.006,0.007,0.008,0.009000000000000001,0.01]",0.001,3758,mock,InstrumentType.Spot,614918512,mock,BTC-USDT
2199944884,0,0,1783610797059728371,101,depth,"[65000.689999999995,65000.78999999999,65000.89,65000.99,65001.09,65001.189999999995,65001.28999999999,65001.39,65001.49,65001.59]",65000.689999999995,"[0.001,0.002,0.003,0.004,0.005,0.006,0.007,0.008,0.009000000000000001,0.01]",0.001,"[65000.49,65000.39,65000.28999999999,65000.189999999995,65000.09,64999.99,64999.89,64999.78999999999,64999.689999999995,64999.59]",65000.49,"[0.001,0.002,0.003,0.004,0.005,0.006,0.007,0.008,0.009000000000000001,0.01]",0.001,3759,mock,InstrumentType.Spot,614919072,mock,BTC-USDT
2199944884,0,0,1783610797060028457,101,depth,"[65000.7,65000.799999999996,65000.9,65001.0,65001.1,65001.2,65001.299999999996,65001.4,65001.5,65001.6]",65000.7,"[0.001,0.002,0.003,0.004,0.005,0.006,0.007,0.008,0.009000000000000001,0.01]",0.001,"[65000.5,65000.4,65000.299999999996,65000.2,65000.1,65000.0,64999.9,64999.799999999996,64999.7,64999.6]",65000.5,"[0.001,0.002,0.003,0.004,0.005,0.006,0.007,0.008,0.009000000000000001,0.01]",0.001,3760,mock,InstrumentType.Spot,614919632,mock,BTC-USDT
2199944884,0,0,1783610797060328519,101,depth,"[65000.71,65000.81,65000.91,65001.01,65001.11,65001.21,65001.31,65001.41,65001.51,65001.61]",65000.71,"[0.001,0.002,0.003,0.004,0.005,0.006,0.007,0.008,0.009000000000000001,0.01]",0.001,"[65000.51,65000.41,65000.31,65000.21,65000.11,65000.01,64999.91,64999.81,64999.71,64999.61]",65000.51,"[0.001,0.002,0.003,0.004,0.005,0.006,0.007,0.008,0.009000000000000001,0.01]",0.001,3761,mock,InstrumentType.Spot,614920192,mock,BTC-USDT
2199944884,0,0,1783610797060633949,101,depth,"[65000.72,65000.82,65000.920000000006,65001.020000000004,65001.12,65001.22,65001.32,65001.420000000006,65001.520000000004,65001.62]",65000.72,"[0.001,0.002,0.003,0.004,0.005,0.006,0.007,0.008,0.009000000000000001,0.01]",0.001,"[65000.520000000004,65000.420000000006,65000.32,65000.22,65000.12,65000.020000000004,64999.920000000006,64999.82,64999.72,64999.62]",65000.520000000004,"[0.001,0.002,0.003,0.004,0.005,0.006,0.007,0.008,0.009000000000000001,0.01]",0.001,3762,mock,InstrumentType.Spot,614920752,mock,BTC-USDT
2199944884,0,0,1783610797060928186,101,depth,"[65000.729999999996,65000.829999999994,65000.93,65001.03,65001.13,65001.229999999996,65001.329999999994,65001.43,65001.53,65001.63]",65000.729999999996,"[0.001,0.002,0.003,0.004,0.005,0.006,0.007,0.008,0.009000000000000001,0.01]",0.001,"[65000.53,65000.43,65000.329999999994,65000.229999999996,65000.13,65000.03,64999.93,64999.829999999994,64999.729999999996,64999.63]",65000.53,"[0.001,0.002,0.003,0.004,0.005,0.006,0.007,0.008,0.009000000000000001,0.01]",0.001,3763,mock,InstrumentType.Spot,614921312,mock,BTC-USDT
2199944884,0,0,1783610797061228289,101,depth,"[65000.74,65000.84,65000.94,65001.04,65001.14,65001.24,65001.34,65001.44,65001.54,65001.64]",65000.74,"[0.001,0.002,0.003,0.004,0.005,0.006,0.007,0.008,0.009000000000000001,0.01]",0.001,"[65000.54,65000.44,65000.34,65000.24,65000.14,65000.04,64999.94,64999.84,64999.74,64999.64]",65000.54,"[0.001,0.002,0.003,0.004,0.005,0.006,0.007,0.008,0.009000000000000001,0.01]",0.001,3764,mock,InstrumentType.Spot,614921872,mock,BTC-USDT
2199944884,0,0,1783610797061528400,101,depth,"[65000.75,65000.85,65000.950000000004,65001.05,65001.15,65001.25,65001.35,65001.450000000004,65001.55,65001.65]",65000.75,"[0.001,0.002,0.003,0.004,0.005,0.006,0.007,0.008,0.009000000000000001,0.01]",0.001,"[65000.55,65000.450000000004,65000.35,65000.25,65000.15,65000.05,64999.950000000004,64999.85,64999.75,64999.65]",65000.55,"[0.001,0.002,0.003,0.004,0.005,0.006,0.007,0.008,0.009000000000000001,0.01]",0.001,3765,mock,InstrumentType.Spot,614922432,mock,BTC-USDT
2199944884,0,0,1783610797061828366,101,depth,"[65000.76,65000.86,65000.96000000001,65001.060000000005,65001.16,65001.26,65001.36,65001.46000000001,65001.560000000005,65001.66]",65000.76,"[0.001,0.002,0.003,0.004,0.005,0.006,0.007,0.008,0.009000000000000001,0.01]",0.001,"[65000.560000000005,65000.46000000001,65000.36,65000.26,65000.16,65000.060000000005,64999.96000000001,64999.86,64999.76,64999.66]",65000.560000000005,"[0.001,0.002,0.003,0.004,0.005,0.006,0.007,0.008,0.009000000000000001,0.01]",0.001,3766,mock,InstrumentType.Spot,614922992,mock,BTC-USDT
2199944884,0,0,1783610797062128340,101,depth,"[65000.77,65000.869999999995,65000.97,65001.07,65001.17,65001.27,65001.369999999995,65001.47,65001.57,65001.67]",65000.77,"[0.001,0.002,0.003,0.004,0.005,0.006,0.007,0.008,0.009000000000000001,0.01]",0.001,"[65000.57,65000.47,65000.369999999995,65000.27,65000.17,65000.07,64999.97,64999.869999999995,64999.77,64999.67]",65000.57,"[0.001,0.002,0.003,0.004,0.005,0.006,0.007,0.008,0.009000000000000001,0.01]",0.001,3767,mock,InstrumentType.Spot,614923552,mock,BTC-USDT
2199944884,0,0,1783610797062428460,101,depth,"[65000.78,65000.88,65000.98,65001.08,65001.18,65001.28,65001.38,65001.48,65001.58,65001.68]",65000.78,"[0.001,0.002,0.003,0.004,0.005,0.006,0.007,0.008,0.009000000000000001,0.01]",0.001,"[65000.58,65000.48,65000.38,65000.28,65000.18,65000.08,64999.98,64999.88,64999.78,64999.68]",65000.58,"[0.001,0.002,0.003,0.004,0.005,0.006,0.007,0.008,0.009000000000000001,0.01]",0.001,3768,mock,InstrumentType.Spot,614924112,mock,BTC-USDT
2199944884,0,0,1783610797062730871,101,depth,"[65000.79,65000.89,65000.990000000005,65001.090000000004,65001.19,65001.29,65001.39,65001.490000000005,65001.590000000004,65001.69]",65000.79,"[0.001,0.002,0.003,0.004,0.005,0.006,0.007,0.008,0.009000000000000001,0.01]",0.001,"[65000.590000000004,65000.490000000005,65000.39,65000.29,65000.19,65000.090000000004,64999.990000000005,64999.89,64999.79,64999.69]",65000.590000000004,"[0.001,0.002,0.003,0.004,0.005,0.006,0.007,0.008,0.009000000000000001,0.01]",0.001,3769,mock,InstrumentType.Spot,614924672,mock,BTC-USDT
2199944884,0,0,1783610797063028777,101,depth,"[65000.799999999996,65000.899999999994,65001.0,65001.1,65001.2,65001.299999999996,65001.399999999994,65001.5,65001.6,65001.7]",65000.799999999996,"[0.001,0.002,0.003,0.004,0.005,0.006,0.007,0.008,0.009000000000000001,0.01]",0.001,"[65000.6,65000.5,65000.399999999994,65000.299999999996,65000.2,65000.1,65000.0,64999.899999999994,64999.799999999996,64999.7]",65000.6,"[0.001,0.002,0.003,0.004,0.005,0.006,0.007,0.008,0.009000000000000001,0.01]",0.001,3770,mock,InstrumentType.Spot,614925232,mock,BTC-USDT
2199944884,0,0,1783610797063329895,101,depth,"[65000.81,65000.909999999996,65001.01,65001.11,65001.21,65001.31,65001.409999999996,65001.51,65001.61,65001.71]",65000.81,"[0.001,0.002,0.003,0.004,0.005,0.006,0.007,0.008,0.009000000000000001,0.01]",0.001,"[65000.61,65000.51,65000.409999999996,65000.31,65000.21,65000.11,65000.01,64999.909999999996,64999.81,64999.71]",65000.61,"[0.001,0.002,0.003,0.004,0.005,0.006,0.007,0.008,0.009000000000000001,0.01]",0.001,3771,mock,InstrumentType.Spot,614925792,mock,BTC-USDT
2199944884,0,0,1783610797063637737,101,depth,"[65000.82,65000.92,65001.020000000004,65001.12,65001.22,65001.32,65001.42,65001.520000000004,65001.62,65001.72]",65000.82,"[0.001,0.002,0.003,0.004,0.005,0.006,0.007,0.008,0.009000000000000001,0.01]",0.001,"[65000.62,65000.520000000004,65000.42,65000.32,65000.22,65000.12,65000.020000000004,64999.92,64999.82,64999.72]",65000.62,"[0.001,0.002,0.003,0.004,0.005,0.006,0.007,0.008,0.009000000000000001,0.01]",0.001,3772,mock,InstrumentType.Spot,614926352,mock,BTC-USDT
2199944884,0,0,1783610797063928657,101,depth,"[65000.83,65000.93,65001.030000000006,65001.130000000005,65001.23,65001.33,65001.43,65001.530000000006,65001.630000000005,65001.73]",65000.83,"[0.001,0.002,0.003,0.004,0.005,0.006,0.007,0.008,0.009000000000000001,0.01]",0.001,"[65000.630000000005,65000.530000000006,65000.43,65000.33,65000.23,65000.130000000005,65000.030000000006,64999.93,64999.83,64999.73]",65000.630000000005,"[0.001,0.002,0.003,0.004,0.005,0.006,0.007,0.008,0.009000000000000001,0.01]",0.001,3773,mock,InstrumentType.Spot,614926912,mock,BTC-USDT
2199944884,0,0,1783610797064228455,101,depth,"[65000.84,65000.939999999995,65001.04,65001.14,65001.24,65001.34,65001.439999999995,65001.54,65001.64,65001.74]",65000.84,"[0.001,0.002,0.003,0.004,0.005,0.006,0.007,0.008,0.009000000000000001,0.01]",0.001,"[65000.64,65000.54,65000.439999999995,65000.34,65000.24,65000.14,65000.04,64999.939999999995,64999.84,64999.74]",65000.64,"[0.001,0.002,0.003,0.004,0.005,0.006,0.007,0.008,0.009000000000000001,0.01]",0.001,3774,mock,InstrumentType.Spot,614927472,mock,BTC-USDT
2199944884,0,0,1783610797064528490,101,depth,"[65000.85,65000.95,65001.05,65001.15,65001.25,65001.35,65001.45,65001.55,65001.65,65001.75]",65000.85,"[0.001,0.002,0.003,0.004,0.005,0.006,0.007,0.008,0.009000000000000001,0.01]",0.001,"[65000.65,65000.55,65000.45,65000.35,65000.25,65000.15,65000.05,64999.95,64999.85,64999.75]",65000.65,"[0.001,0.002,0.003,0.004,0.005,0.006,0.007,0.008,0.009000000000000001,0.01]",0.001,3775,mock,InstrumentType.Spot,614928032,mock,BTC-USDT
2199944884,0,0,1783610797064828871,101,depth,"[65000.86,65000.96,65001.060000000005,65001.16,65001.26,65001.36,65001.46,65001.560000000005,65001.66,65001.76]",65000.86,"[0.001,0.002,0.003,0.004,0.005,0.006,0.007,0.008,0.009000000000000001,0.01]",0.001,"[65000.66,65000.560000000005,65000.46,65000.36,65000.26,65000.16,65000.060000000005,64999.96,64999.86,64999.76]",65000.66,"[0.001,0.002,0.003,0.004,0.005,0.006,0.007,0.008,0.009000000000000001,0.01]",0.001,3776,mock,InstrumentType.Spot,614928592,mock,BTC-USDT
2199944884,0,0,1783610797065132098,101,depth,"[65000.869999999995,65000.969999999994,65001.07,65001.17,65001.27,65001.369999999995,65001.469999999994,65001.57,65001.67,65001.77]",65000.869999999995,"[0.001,0.002,0.003,0.004,0.005,0.006,0.007,0.008,0.009000000000000001,0.01]",0.001,"[65000.67,65000.57,65000.469999999994,65000.369999999995,65000.27,65000.17,65000.07,64999.969999999994,64999.869999999995,64999.77]",65000.67,"[0.001,0.002,0.003,0.004,0.005,0.006,0.007,0.008,0.009000000000000001,0.01]",0.001,3777,mock,InstrumentType.Spot,614929152,mock,BTC-USDT
2199944884,0,0,1783610797065433144,101,depth,"[65000.88,65000.979999999996,65001.08,65001.18,65001.28,65001.38,65001.479999999996,65001.58,65001.68,65001.78]",65000.88,"[0.001,0.002,0.003,0.004,0.005,0.006,0.007,0.008,0.009000000000000001,0.01]",0.001,"[65000.68,65000.58,65000.479999999996,65000.38,65000.28,65000.18,65000.08,64999.979999999996,64999.88,64999.78]",65000.68,"[0.001,0.002,0.003,0.004,0.005,0.006,0.007,0.008,0.009000000000000001,0.01]",0.001,3778,mock,InstrumentType.Spot,614929712,mock,BTC-USDT
2199944884,0,0,1783610797065732358,101,depth,"[65000.89,65000.99,65001.090000000004,65001.19,65001.29,65001.39,65001.49,65001.590000000004,65001.69,65001.79]",65000.89,"[0.001,0.002,0.003,0.004,0.005,0.006,0.007,0.008,0.009000000000000001,0.01]",0.001,"[65000.69,65000.590000000004,65000.49,65000.39,65000.29,65000.19,65000.090000000004,64999.99,64999.89,64999.79]",65000.69,"[0.001,0.002,0.003,0.004,0.005,0.006,0.007,0.008,0.009000000000000001,0.01]",0.001,3779,mock,InstrumentType.Spot,614930272,mock,BTC-USDT
2199944884,0,0,1783610797066028721,101,depth,"[65000.9,65001.0,65001.100000000006,65001.200000000004,65001.3,65001.4,65001.5,65001.600000000006,65001.700000000004,65001.8]",65000.9,"[0.001,0.002,0.003,0.004,0.005,0.006,0.007,0.008,0.009000000000000001,0.01]",0.001,"[65000.700000000004,65000.600000000006,65000.5,65000.4,65000.3,65000.200000000004,65000.100000000006,65000.0,64999.9,64999.8]",65000.700000000004,"[0.001,0.002,0.003,0.004,0.005,0.006,0.007,0.008,0.009000000000000001,0.01]",0.001,3780,mock,InstrumentType.Spot,614930832,mock,BTC-USDT
2199944884,0,0,1783610797066347764,101,depth,"[65000.909999999996,65001.009999999995,65001.11,65001.21,65001.31,65001.409999999996,65001.509999999995,65001.61,65001.71,65001.81]",65000.909999999996,"[0.001,0.002,0.003,0.004,0.005,0.006,0.007,0.008,0.009000000000000001,0.01]",0.001,"[65000.71,65000.61,65000.509999999995,65000.409999999996,65000.31,65000.21,65000.11,65000.009999999995,64999.909999999996,64999.81]",65000.71,"[0.001,0.002,0.003,0.004,0.005,0.006,0.007,0.008,0.009000000000000001,0.01]",0.001,3781,mock,InstrumentType.Spot,614931392,mock,BTC-USDT
2199944884,0,0,1783610797066629225,101,depth,"[65000.92,65001.02,65001.12,65001.22,65001.32,65001.42,65001.52,65001.62,65001.72,65001.82]",65000.92,"[0.001,0.002,0.003,0.004,0.005,0.006,0.007,0.008,0.009000000000000001,0.01]",0.001,"[65000.72,65000.62,65000.52,65000.42,65000.32,65000.22,65000.12,65000.02,64999.92,64999.82]",65000.72,"[0.001,0.002,0.003,0.004,0.005,0.006,0.007,0.008,0.009000000000000001,0.01]",0.001,3782,mock,InstrumentType.Spot,614931952,mock,BTC-USDT
2199944884,0,0,1783610797066927880,101,depth,"[65000.93,65001.03,65001.130000000005,65001.23,65001.33,65001.43,65001.53,65001.630000000005,65001.73,65001.83]",65000.93,"[0.001,0.002,0.003,0.004,0.005,0.006,0.007,0.008,0.009000000000000001,0.01]",0.001,"[65000.73,65000.630000000005,65000.53,65000.43,65000.33,65000.23,65000.130000000005,65000.03,64999.93,64999.83]",65000.73,"[0.001,0.002,0.003,0.004,0.005,0.006,0.007,0.008,0.009000000000000001,0.01]",0.001,3783,mock,InstrumentType.Spot,614932512,mock,BTC-USDT
2199944884,0,0,1783610797067229769,101,depth,"[65000.939999999995,65001.03999999999,65001.14,65001.24,65001.34,65001.439999999995,65001.53999999999,65001.64,65001.74,65001.84]",65000.939999999995,"[0.001,0.002,0.003,0.004,0.005,0.006,0.007,0.008,0.009000000000000001,0.01]",0.001,"[65000.74,65000.64,65000.53999999999,65000.439999999995,65000.34,65000.24,65000.14,65000.03999999999,64999.939999999995,64999.84]",65000.74,"[0.001,0.002,0.003,0.004,0.005,0.006,0.007,0.008,0.009000000000000001,0.01]",0.001,3784,mock,InstrumentType.Spot,614933072,mock,BTC-USDT
2199944884,0,0,1783610797067528184,101,depth,"[65000.95,65001.049999999996,65001.15,65001.25,65001.35,65001.45,65001.549999999996,65001.65,65001.75,65001.85]",65000.95,"[0.001,0.002,0.003,0.004,0.005,0.006,0.007,0.008,0.009000000000000001,0.01]",0.001,"[65000.75,65000.65,65000.549999999996,65000.45,65000.35,65000.25,65000.15,65000.049999999996,64999.95,64999.85]",65000.75,"[0.001,0.002,0.003,0.004,0.005,0.006,0.007,0.008,0.009000000000000001,0.01]",0.001,3785,mock,InstrumentType.Spot,614933632,mock,BTC-USDT
2199944884,0,0,1783610797067827634,101,depth,"[65000.96,65001.06,65001.16,65001.26,65001.36,65001.46,65001.56,65001.66,65001.76,65001.86]",65000.96,"[0.001,0.002,0.003,0.004,0.005,0.006,0.007,0.008,0.009000000000000001,0.01]",0.001,"[65000.76,65000.66,65000.56,65000.46,65000.36,65000.26,65000.16,65000.06,64999.96,64999.86]",65000.76,"[0.001,0.002,0.003,0.004,0.005,0.006,0.007,0.008,0.009000000000000001,0.01]",0.001,3786,mock,InstrumentType.Spot,614934192,mock,BTC-USDT
2199944884,0,0,1783610797068127969,101,depth,"[65000.97,65001.07,65001.170000000006,65001.270000000004,65001.37,65001.47,65001.57,65001.670000000006,65001.770000000004,65001.87]",65000.97,"[0.001,0.002,0.003,0.004,0.005,0.006,0.007,0.008,0.009000000000000001,0.01]",0.001,"[65000.770000000004,65000.670000000006,65000.57,65000.47,65000.37,65000.270000000004,65000.170000000006,65000.07,64999.97,64999.87]",65000.770000000004,"[0.001,0.002,0.003,0.004,0.005,0.006,0.007,0.008,0.009000000000000001,0.01]",0.001,3787,mock,InstrumentType.Spot,614934752,mock,BTC-USDT
2199944884,0,0,1783610797068427554,101,depth,"[65000.979999999996,65001.079999999994,65001.18,65001.28,65001.38,65001.479999999996,65001.579999999994,65001.68,65001.78,65001.88]",65000.979999999996,"[0.001,0.002,0.003,0.004,0.005,0.006,0.007,0.008,0.009000000000000001,0.01]",0.001,"[65000.78,65000.68,65000.579999999994,65000.479999999996,65000.38,65000.28,65000.18,65000.079999999994,64999.979999999996,64999.88]",65000.78,"[0.001,0.002,0.003,0.004,0.005,0.006,0.007,0.008,0.009000000000000001,0.01]",0.001,3788,mock,InstrumentType.Spot,614935312,mock,BTC-USDT
2199944884,0,0,1783610797068727554,101,depth,"[65000.99,65001.09,65001.19,65001.29,65001.39,65001.49,65001.59,65001.69,65001.79,65001.89]",65000.99,"[0.001,0.002,0.003,0.004,0.005,0.006,0.007,0.008,0.009000000000000001,0.01]",0.001,"[65000.79,65000.69,65000.59,65000.49,65000.39,65000.29,65000.19,65000.09,64999.99,64999.89]",65000.79,"[0.001,0.002,0.003,0.004,0.005,0.006,0.007,0.008,0.009000000000000001,0.01]",0.001,3789,mock,InstrumentType.Spot,614935872,mock,BTC-USDT
2199944884,0,0,1783610797069027881,101,depth,"[65001.0,65001.1,65001.200000000004,65001.3,65001.4,65001.5,65001.6,65001.700000000004,65001.8,65001.9]",65001.0,"[0.001,0.002,0.003,0.004,0.005,0.006,0.007,0.008,0.009000000000000001,0.01]",0.001,"[65000.8,65000.700000000004,65000.6,65000.5,65000.4,65000.3,65000.200000000004,65000.1,65000.0,64999.9]",65000.8,"[0.001,0.002,0.003,0.004,0.005,0.006,0.007,0.008,0.009000000000000001,0.01]",0.001,3790,mock,InstrumentType.Spot,614936432,mock,BTC-USDT
2199944884,0,0,1783610797069343590,101,depth,"[65001.01,65001.11,65001.21000000001,65001.310000000005,65001.41,65001.51,65001.61,65001.71000000001,65001.810000000005,65001.91]",65001.01,"[0.001,0.002,0.003,0.004,0.005,0.006,0.007,0.008,0.009000000000000001,0.01]",0.001,"[65000.810000000005,65000.71000000001,65000.61,65000.51,65000.41,65000.310000000005,65000.21000000001,65000.11,65000.01,64999.91]",65000.810000000005,"[0.001,0.002,0.003,0.004,0.005,0.006,0.007,0.008,0.009000000000000001,0.01]",0.001,3791,mock,InstrumentType.Spot,614936992,mock,BTC-USDT
2199944884,0,0,1783610797069628046,101,depth,"[65001.02,65001.119999999995,65001.22,65001.32,65001.42,65001.52,65001.619999999995,65001.72,65001.82,65001.92]",65001.02,"[0.001,0.002,0.003,0.004,0.005,0.006,0.007,0.008,0.009000000000000001,0.01]",0.001,"[65000.82,65000.72,65000.619999999995,65000.52,65000.42,65000.32,65000.22,65000.119999999995,65000.02,64999.92]",65000.82,"[0.001,0.002,0.003,0.004,0.005,0.006,0.007,0.008,0.009000000000000001,0.01]",0.001,3792,mock,InstrumentType.Spot,614937552,mock,BTC-USDT
2199944884,0,0,1783610797069927840,101,depth,"[65001.03,65001.13,65001.23,65001.33,65001.43,65001.53,65001.63,65001.73,65001.83,65001.93]",65001.03,"[0.001,0.002,0.003,0.004,0.005,0.006,0.007,0.008,0.009000000000000001,0.01]",0.001,"[65000.83,65000.73,65000.63,65000.53,65000.43,65000.33,65000.23,65000.13,65000.03,64999.93]",65000.83,"[0.001,0.002,0.003,0.004,0.005,0.006,0.007,0.008,0.009000000000000001,0.01]",0.001,3793,mock,InstrumentType.Spot,614938112,mock,BTC-USDT
2199944884,0,0,1783610797070227853,101,depth,"[65001.04,65001.14,65001.240000000005,65001.340000000004,65001.44,65001.54,65001.64,65001.740000000005,65001.840000000004,65001.94]",65001.04,"[0.001,0.002,0.003,0.004,0.005,0.006,0.007,0.008,0.009000000000000001,0.01]",0.001,"[65000.840000000004,65000.740000000005,65000.64,65000.54,65000.44,65000.340000000004,65000.240000000005,65000.14,65000.04,64999.94]",65000.840000000004,"[0.001,0.002,0.003,0.004,0.005,0.006,0.007,0.008,0.009000000000000001,0.01]",0.001,3794,mock,InstrumentType.Spot,614938672,mock,BTC-USDT
2199944884,0,0,1783610797070527818,101,depth,"[65001.049999999996,65001.149999999994,65001.25,65001.35,65001.45,65001.549999999996,65001.649999999994,65001.75,65001.85,65001.95]",65001.049999999996,"[0.001,0.002,0.003,0.004,0.005,0.006,0.007,0.008,0.009000000000000001,0.01]",0.001,"[65000.85,65000.75,65000.649999999994,65000.549999999996,65000.45,65000.35,65000.25,65000.149999999994,65000.049999999996,64999.95]",65000.85,"[0.001,0.002,0.003,0.004,0.005,0.006,0.007,0.008,0.009000000000000001,0.01]",0.001,3795,mock,InstrumentType.Spot,614939232,mock,BTC-USDT
2199944884,0,0,1783610797070828033,101,depth,"[65001.06,65001.159999999996,65001.26,65001.36,65001.46,65001.56,65001.659999999996,65001.76,65001.86,65001.96]",65001.06,"[0.001,0.002,0.003,0.004,0.005,0.006,0.007,0.008,0.009000000000000001,0.01]",0.001,"[65000.86,65000.76,65000.659999999996,65000.56,65000.46,65000.36,65000.26,65000.159999999996,65000.06,64999.96]",65000.86,"[0.001,0.002,0.003,0.004,0.005,0.006,0.007,0.008,0.009000000000000001,0.01]",0.001,3796,mock,InstrumentType.Spot,614939792,mock,BTC-USDT
2199944884,0,0,1783610797071128158,101,depth,"[65001.07,65001.17,65001.270000000004,65001.37,65001.47,65001.57,65001.67,65001.770000000004,65001.87,65001.97]",65001.07,"[0.001,0.002,0.003,0.004,0.005,0.006,0.007,0.008,0.009000000000000001,0.01]",0.001,"[65000.87,65000.770000000004,65000.67,65000.57,65000.47,65000.37,65000.270000000004,65000.17,65000.07,64999.97]",65000.87,"[0.001,0.002,0.003,0.004,0.005,0.006,0.007,0.008,0.009000000000000001,0.01]",0.001,3797,mock,InstrumentType.Spot,614940352,mock,BTC-USDT
2199944884,0,0,1783610797071428159,101,depth,"[65001.08,65001.18,65001.280000000006,65001.380000000005,65001.48,65001.58,65001.68,65001.780000000006,65001.880000000005,65001.98]",65001.08,"[0.001,0.002,0.003,0.004,0.005,0.006,0.007,0.008,0.009000000000000001,0.01]",0.001,"[65000.880000000005,65000.780000000006,65000.68,65000.58,65000.48,65000.380000000005,65000.280000000006,65000.18,65000.08,64999.98]",65000.880000000005,"[0.001,0.002,0.003,0.004,0.005,0.006,0.007,0.008,0.009000000000000001,0.01]",0.001,3798,mock,InstrumentType.Spot,614940912,mock,BTC-USDT
2199944884,0,0,1783610797071727895,101,depth,"[65001.09,65001.189999999995,65001.29,65001.39,65001.49,65001.59,65001.689999999995,65001.79,65001.89,65001.99]",65001.09,"[0.001,0.002,0.003,0.004,0.005,0.006,0.007,0.008,0.009000000000000001,0.01]",0.001,"[65000.89,65000.79,65000.689999999995,65000.59,65000.49,65000.39,65000.29,65000.189999999995,65000.09,64999.99]",65000.89,"[0.001,0.002,0.003,0.004,0.005,0.006,0.007,0.008,0.009000000000000001,0.01]",0.001,3799,mock,InstrumentType.Spot,614941472,mock,BTC-USDT
2199944884,0,0,1783610797072034582,101,depth,"[65000.1,65000.2,65000.3,65000.4,65000.5,65000.6,65000.7,65000.8,65000.9,65001.0]",65000.1,"[0.001,0.002,0.003,0.004,0.005,0.006,0.007,0.008,0.009000000000000001,0.01]",0.001,"[64999.9,64999.8,64999.7,64999.6,64999.5,64999.4,64999.3,64999.2,64999.1,64999.0]",64999.9,"[0.001,0.002,0.003,0.004,0.005,0.006,0.007,0.008,0.009000000000000001,0.01]",0.001,3800,mock,InstrumentType.Spot,614942032,mock,BTC-USDT
2199944884,0,0,1783610797072328058,101,depth,"[65000.11,65000.21,65000.310000000005,65000.41,65000.51,65000.61,65000.71,65000.810000000005,65000.91,65001.01]",65000.11,"[0.001,0.002,0.003,0.004,0.005,0.006,0.007,0.008,0.009000000000000001,0.01]",0.001,"[64999.91,64999.810000000005,64999.71,64999.61,64999.51,64999.41,64999.310000000005,64999.21,64999.11,64999.01]",64999.91,"[0.001,0.002,0.003,0.004,0.005,0.006,0.007,0.008,0.009000000000000001,0.01]",0.001,3801,mock,InstrumentType.Spot,614942592,mock,BTC-USDT
2199944884,0,0,1783610797072627867,101,depth,"[65000.119999999995,65000.219999999994,65000.32,65000.42,65000.52,65000.619999999995,65000.719999999994,65000.82,65000.92,65001.02]",65000.119999999995,"[0.001,0.002,0.003,0.004,0.005,0.006,0.007,0.008,0.009000000000000001,0.01]",0.001,"[64999.92,64999.82,64999.719999999994,64999.619999999995,64999.52,64999.42,64999.32,64999.219999999994,64999.119999999995,64999.02]",64999.92,"[0.001,0.002,0.003,0.004,0.005,0.006,0.007,0.008,0.009000000000000001,0.01]",0.001,3802,mock,InstrumentType.Spot,614943152,mock,BTC-USDT
2199944884,0,0,1783610797072927909,101,depth,"[65000.13,65000.229999999996,65000.33,65000.43,65000.53,65000.63,65000.729999999996,65000.83,65000.93,65001.03]",65000.13,"[0.001,0.002,0.003,0.004,0.005,0.006,0.007,0.008,0.009000000000000001,0.01]",0.001,"[64999.93,64999.83,64999.729999999996,64999.63,64999.53,64999.43,64999.33,64999.229999999996,64999.13,64999.03]",64999.93,"[0.001,0.002,0.003,0.004,0.005,0.006,0.007,0.008,0.009000000000000001,0.01]",0.001,3803,mock,InstrumentType.Spot,614943712,mock,BTC-USDT
2199944884,0,0,1783610797073227753,101,depth,"[65000.14,65000.24,65000.340000000004,65000.44,65000.54,65000.64,65000.74,65000.840000000004,65000.94,65001.04]",65000.14,"[0.001,0.002,0.003,0.004,0.005,0.006,0.007,0.008,0.009000000000000001,0.01]",0.001,"[64999.94,64999.840000000004,64999.74,64999.64,64999.54,64999.44,64999.340000000004,64999.24,64999.14,64999.04]",64999.94,"[0.001,0.002,0.003,0.004,0.005,0.006,0.007,0.008,0.009000000000000001,0.01]",0.001,3804,mock,InstrumentType.Spot,614944272,mock,BTC-USDT
2199944884,0,0,1783610797073527856,101,depth,"[65000.15,65000.25,65000.350000000006,65000.450000000004,65000.55,65000.65,65000.75,65000.850000000006,65000.950000000004,65001.05]",65000.15,"[0.001,0.002,0.003,0.004,0.005,0.006,0.007,0.008,0.009000000000000001,0.01]",0.001,"[64999.950000000004,64999.850000000006,64999.75,64999.65,64999.55,64999.450000000004,64999.350000000006,64999.25,64999.15,64999.05]",64999.950000000004,"[0.001,0.002,0.003,0.004,0.005,0.006,0.007,0.008,0.009000000000000001,0.01]",0.001,3805,mock,InstrumentType.Spot,614944832,mock,BTC-USDT
2199944884,0,0,1783610797073827775,101,depth,"[65000.159999999996,65000.259999999995,65000.36,65000.46,65000.56,65000.659999999996,65000.759999999995,65000.86,65000.96,65001.06]",65000.159999999996,"[0.001,0.002,0.003,0.004,0.005,0.006,0.007,0.008,0.009000000000000001,0.01]",0.001,"[64999.96,64999.86,64999.759999999995,64999.659999999996,64999.56,64999.46,64999.36,64999.259999999995,64999.159999999996,64999.06]",64999.96,"[0.001,0.002,0.003,0.004,0.005,0.006,0.007,0.008,0.009000000000000001,0.01]",0.001,3806,mock,InstrumentType.Spot,614945392,mock,BTC-USDT
2199944884,0,0,1783610797074127883,101,depth,"[65000.17,65000.27,65000.37,65000.47,65000.57,65000.67,65000.77,65000.87,65000.97,65001.07]",65000.17,"[0.001,0.002,0.003,0.004,0.005,0.006,0.007,0.008,0.009000000000000001,0.01]",0.001,"[64999.97,64999.87,64999.77,64999.67,64999.57,64999.47,64999.37,64999.27,64999.17,64999.07]",64999.97,"[0.001,0.002,0.003,0.004,0.005,0.006,0.007,0.008,0.009000000000000001,0.01]",0.001,3807,mock,InstrumentType.Spot,614945952,mock,BTC-USDT
2199944884,0,0,1783610797074430371,101,depth,"[65000.18,65000.28,65000.380000000005,65000.48,65000.58,65000.68,65000.78,65000.880000000005,65000.98,65001.08]",65000.18,"[0.001,0.002,0.003,0.004,0.005,0.006,0.007,0.008,0.009000000000000001,0.01]",0.001,"[64999.98,64999.880000000005,64999.78,64999.68,64999.58,64999.48,64999.380000000005,64999.28,64999.18,64999.08]",64999.98,"[0.001,0.002,0.003,0.004,0.005,0.006,0.007,0.008,0.009000000000000001,0.01]",0.001,3808,mock,InstrumentType.Spot,614946512,mock,BTC-USDT
2199944884,0,0,1783610797074727904,101,depth,"[65000.189999999995,65000.28999999999,65000.39,65000.49,65000.59,65000.689999999995,65000.78999999999,65000.89,65000.99,65001.09]",65000.189999999995,"[0.001,0.002,0.003,0.004,0.005,0.006,0.007,0.008,0.009000000000000001,0.01]",0.001,"[64999.99,64999.89,64999.78999999999,64999.689999999995,64999.59,64999.49,64999.39,64999.28999999999,64999.189999999995,64999.09]",64999.99,"[0.001,0.002,0.003,0.004,0.005,0.006,0.007,0.008,0.009000000000000001,0.01]",0.001,3809,mock,InstrumentType.Spot,614947072,mock,BTC-USDT
2199944884,0,0,1783610797075037778,101,depth,"[65000.2,65000.299999999996,65000.4,65000.5,65000.6,65000.7,65000.799999999996,65000.9,65001.0,65001.1]",65000.2,"[0.001,0.002,0.003,0.004,0.005,0.006,0.007,0.008,0.009000000000000001,0.01]",0.001,"[65000.0,64999.9,64999.799999999996,64999.7,64999.6,64999.5,64999.4,64999.299999999996,64999.2,64999.1]",65000.0,"[0.001,0.002,0.003,0.004,0.005,0.006,0.007,0.008,0.009000000000000001,0.01]",0.001,3810,mock,InstrumentType.Spot,614947632,mock,BTC-USDT
2199944884,0,0,1783610797075328499,101,depth,"[65000.21,65000.31,65000.41,65000.51,65000.61,65000.71,65000.81,65000.91,65001.01,65001.11]",65000.21,"[0.001,0.002,0.003,0.004,0.005,0.006,0.007,0.008,0.009000000000000001,0.01]",0.001,"[65000.01,64999.91,64999.81,64999.71,64999.61,64999.51,64999.41,64999.31,64999.21,64999.11]",65000.01,"[0.001,0.002,0.003,0.004,0.005,0.006,0.007,0.008,0.009000000000000001,0.01]",0.001,3811,mock,InstrumentType.Spot,614948192,mock,BTC-USDT
2199944884,0,0,1783610797075628452,101,depth,"[65000.22,65000.32,65000.420000000006,65000.520000000004,65000.62,65000.72,65000.82,65000.920000000006,65001.020000000004,65001.12]",65000.22,"[0.001,0.002,0.003,0.004,0.005,0.006,0.007,0.008,0.009000000000000001,0.01]",0.001,"[65000.020000000004,64999.920000000006,64999.82,64999.72,64999.62,64999.520000000004,64999.420000000006,64999.32,64999.22,64999.12]",65000.020000000004,"[0.001,0.002,0.003,0.004,0.005,0.006,0.007,0.008,0.009000000000000001,0.01]",0.001,3812,mock,InstrumentType.Spot,614948752,mock,BTC-USDT
2199944884,0,0,1783610797075927777,101,depth,"[65000.229999999996,65000.329999999994,65000.43,65000.53,65000.63,65000.729999999996,65000.829999999994,65000.93,65001.03,65001.13]",65000.229999999996,"[0.001,0.002,0.003,0.004,0.005,0.006,0.007,0.008,0.009000000000000001,0.01]",0.001,"[65000.03,64999.93,64999.829999999994,64999.729999999996,64999.63,64999.53,64999.43,64999.329999999994,64999.229999999996,64999.13]",65000.03,"[0.001,0.002,0.003,0.004,0.005,0.006,0.007,0.008,0.009000000000000001,0.01]",0.001,3813,mock,InstrumentType.Spot,614949312,mock,BTC-USDT
2199944884,0,0,1783610797076228408,101,depth,"[65000.24,65000.34,65000.44,65000.54,65000.64,65000.74,65000.84,65000.94,65001.04,65001.14]",65000.24,"[0.001,0.002,0.003,0.004,0.005,0.006,0.007,0.008,0.009000000000000001,0.01]",0.001,"[65000.04,64999.94,64999.84,64999.74,64999.64,64999.54,64999.44,64999.34,64999.24,64999.14]",65000.04,"[0.001,0.002,0.003,0.004,0.005,0.006,0.007,0.008,0.009000000000000001,0.01]",0.001,3814,mock,InstrumentType.Spot,614949872,mock,BTC-USDT
2199944884,0,0,1783610797076532439,101,depth,"[65000.25,65000.35,65000.450000000004,65000.55,65000.65,65000.75,65000.85,65000.950000000004,65001.05,65001.15]",65000.25,"[0.001,0.002,0.003,0.004,0.005,0.006,0.007,0.008,0.009000000000000001,0.01]",0.001,"[65000.05,64999.950000000004,64999.85,64999.75,64999.65,64999.55,64999.450000000004,64999.35,64999.25,64999.15]",65000.05,"[0.001,0.002,0.003,0.004,0.005,0.006,0.007,0.008,0.009000000000000001,0.01]",0.001,3815,mock,InstrumentType.Spot,614950432,mock,BTC-USDT
2199944884,0,0,1783610797076828790,101,depth,"[65000.26,65000.36,65000.46000000001,65000.560000000005,65000.66,65000.76,65000.86,65000.96000000001,65001.060000000005,65001.16]",65000.26,"[0.001,0.002,0.003,0.004,0.005,0.006,0.007,0.008,0.009000000000000001,0.01]",0.001,"[65000.060000000005,64999.96000000001,64999.86,64999.76,64999.66,64999.560000000005,64999.46000000001,64999.36,64999.26,64999.16]",65000.060000000005,"[0.001,0.002,0.003,0.004,0.005,0.006,0.007,0.008,0.009000000000000001,0.01]",0.001,3816,mock,InstrumentType.Spot,614950992,mock,BTC-USDT
2199944884,0,0,1783610797077128768,101,depth,"[65000.27,65000.369999999995,65000.47,65000.57,65000.67,65000.77,65000.869999999995,65000.97,65001.07,65001.17]",65000.27,"[0.001,0.002,0.003,0.004,0.005,0.006,0.007,0.008,0.009000000000000001,0.01]",0.001,"[65000.07,64999.97,64999.869999999995,64999.77,64999.67,64999.57,64999.47,64999.369999999995,64999.27,64999.17]",65000.07,"[0.001,0.002,0.003,0.004,0.005,0.006,0.007,0.008,0.009000000000000001,0.01]",0.001,3817,mock,InstrumentType.Spot,614951552,mock,BTC-USDT
2199944884,0,0,1783610797077428272,101,depth,"[65000.28,65000.38,65000.48,65000.58,65000.68,65000.78,65000.88,65000.98,65001.08,65001.18]",65000.28,"[0.001,0.002,0.003,0.004,0.005,0.006,0.007,0.008,0.009000000000000001,0.01]",0.001,"[65000.08,64999.98,64999.88,64999.78,64999.68,64999.58,64999.48,64999.38,64999.28,64999.18]",65000.08,"[0.001,0.002,0.003,0.004,0.005,0.006,0.007,0.008,0.009000000000000001,0.01]",0.001,3818,mock,InstrumentType.Spot,614952112,mock,BTC-USDT
2199944884,0,0,1783610797077739121,101,depth,"[65000.29,65000.39,65000.490000000005,65000.590000000004,65000.69,65000.79,65000.89,65000.990000000005,65001.090000000004,65001.19]",65000.29,"[0.001,0.002,0.003,0.004,0.005,0.006,0.007,0.008,0.009000000000000001,0.01]",0.001,"[65000.090000000004,64999.990000000005,64999.89,64999.79,64999.69,64999.590000000004,64999.490000000005,64999.39,64999.29,64999.19]",65000.090000000004,"[0.001,0.002,0.003,0.004,0.005,0.006,0.007,0.008,0.009000000000000001,0.01]",0.001,3819,mock,InstrumentType.Spot,614952672,mock,BTC-USDT
2199944884,0,0,1783610797078028102,101,depth,"[65000.299999999996,65000.399999999994,65000.5,65000.6,65000.7,65000.799999999996,65000.899999999994,65001.0,65001.1,65001.2]",65000.299999999996,"[0.001,0.002,0.003,0.004,0.005,0.006,0.007,0.008,0.009000000000000001,0.01]",0.001,"[65000.1,65000.0,64999.899999999994,64999.799999999996,64999.7,64999.6,64999.5,64999.399999999994,64999.299999999996,64999.2]",65000.1,"[0.001,0.002,0.003,0.004,0.005,0.006,0.007,0.008,0.009000000000000001,0.01]",0.001,3820,mock,InstrumentType.Spot,614953232,mock,BTC-USDT
2199944884,0,0,1783610797078328041,101,depth,"[65000.31,65000.409999999996,65000.51,65000.61,65000.71,65000.81,65000.909999999996,65001.01,65001.11,65001.21]",65000.31,"[0.001,0.002,0.003,0.004,0.005,0.006,0.007,0.008,0.009000000000000001,0.01]",0.001,"[65000.11,65000.01,64999.909999999996,64999.81,64999.71,64999.61,64999.51,64999.409999999996,64999.31,64999.21]",65000.11,"[0.001,0.002,0.003,0.004,0.005,0.006,0.007,0.008,0.009000000000000001,0.01]",0.001,3821,mock,InstrumentType.Spot,614953792,mock,BTC-USDT
2199944884,0,0,1783610797078628193,101,depth,"[65000.32,65000.42,65000.520000000004,65000.62,65000.72,65000.82,65000.92,65001.020000000004,65001.12,65001.22]",65000.32,"[0.001,0.002,0.003,0.004,0.005,0.006,0.007,0.008,0.009000000000000001,0.01]",0.001,"[65000.12,65000.020000000004,64999.92,64999.82,64999.72,64999.62,64999.520000000004,64999.42,64999.32,64999.22]",65000.12,"[0.001,0.002,0.003,0.004,0.005,0.006,0.007,0.008,0.009000000000000001,0.01]",0.001,3822,mock,InstrumentType.Spot,614954352,mock,BTC-USDT
2199944884,0,0,1783610797078928148,101,depth,"[65000.33,65000.43,65000.530000000006,65000.630000000005,65000.73,65000.83,65000.93,65001.030000000006,65001.130000000005,65001.23]",65000.33,"[0.001,0.002,0.003,0.004,0.005,0.006,0.007,0.008,0.009000000000000001,0.01]",0.001,"[65000.130000000005,65000.030000000006,64999.93,64999.83,64999.73,64999.630000000005,64999.530000000006,64999.43,64999.33,64999.23]",65000.130000000005,"[0.001,0.002,0.003,0.004,0.005,0.006,0.007,0.008,0.009000000000000001,0.01]",0.001,3823,mock,InstrumentType.Spot,614954912,mock,BTC-USDT
2199944884,0,0,1783610797079228091,101,depth,"[65000.34,65000.439999999995,65000.54,65000.64,65000.74,65000.84,65000.939999999995,65001.04,65001.14,65001.24]",65000.34,"[0.001,0.002,0.003,0.004,0.005,0.006,0.007,0.008,0.009000000000000001,0.01]",0.001,"[65000.14,65000.04,64999.939999999995,64999.84,64999.74,64999.64,64999.54,64999.439999999995,64999.34,64999.24]",65000.14,"[0.001,0.002,0.003,0.004,0.005,0.006,0.007,0.008,0.009000000000000001,0.01]",0.001,3824,mock,InstrumentType.Spot,614955472,mock,BTC-USDT
2199944884,0,0,1783610797079528319,101,depth,"[65000.35,65000.45,65000.55,65000.65,65000.75,65000.85,65000.95,65001.05,65001.15,65001.25]",65000.35,"[0.001,0.002,0.003,0.004,0.005,0.006,0.007,0.008,0.009000000000000001,0.01]",0.001,"[65000.15,65000.05,64999.95,64999.85,64999.75,64999.65,64999.55,64999.45,64999.35,64999.25]",65000.15,"[0.001,0.002,0.003,0.004,0.005,0.006,0.007,0.008,0.009000000000000001,0.01]",0.001,3825,mock,InstrumentType.Spot,614956032,mock,BTC-USDT
2199944884,0,0,1783610797079828298,101,depth,"[65000.36,65000.46,65000.560000000005,65000.66,65000.76,65000.86,65000.96,65001.060000000005,65001.16,65001.26]",65000.36,"[0.001,0.002,0.003,0.004,0.005,0.006,0.007,0.008,0.009000000000000001,0.01]",0.001,"[65000.16,65000.060000000005,64999.96,64999.86,64999.76,64999.66,64999.560000000005,64999.46,64999.36,64999.26]",65000.16,"[0.001,0.002,0.003,0.004,0.005,0.006,0.007,0.008,0.009000000000000001,0.01]",0.001,3826,mock,InstrumentType.Spot,614956592,mock,BTC-USDT
2199944884,0,0,1783610797080128503,101,depth,"[65000.369999999995,65000.469999999994,65000.57,65000.67,65000.77,65000.869999999995,65000.969999999994,65001.07,65001.17,65001.27]",65000.369999999995,"[0.001,0.002,0.003,0.004,0.005,0.006,0.007,0.008,0.009000000000000001,0.01]",0.001,"[65000.17,65000.07,64999.969999999994,64999.869999999995,64999.77,64999.67,64999.57,64999.469999999994,64999.369999999995,64999.27]",65000.17,"[0.001,0.002,0.003,0.004,0.005,0.006,0.007,0.008,0.009000000000000001,0.01]",0.001,3827,mock,InstrumentType.Spot,614957152,mock,BTC-USDT
2199944884,0,0,1783610797080428344,101,depth,"[65000.38,65000.479999999996,65000.58,65000.68,65000.78,65000.88,65000.979999999996,65001.08,65001.18,65001.28]",65000.38,"[0.001,0.002,0.003,0.004,0.005,0.006,0.007,0.008,0.009000000000000001,0.01]",0.001,"[65000.18,65000.08,64999.979999999996,64999.88,64999.78,64999.68,64999.58,64999.479999999996,64999.38,64999.28]",65000.18,"[0.001,0.002,0.003,0.004,0.005,0.006,0.007,0.008,0.009000000000000001,0.01]",0.001,3828,mock,InstrumentType.Spot,614957712,mock,BTC-USDT
2199944884,0,0,1783610797080736549,101,depth,"[65000.39,65000.49,65000.590000000004,65000.69,65000.79,65000.89,65000.99,65001.090000000004,65001.19,65001.29]",65000.39,"[0.001,0.002,0.003,0.004,0.005,0.006,0.007,0.008,0.009000000000000001,0.01]",0.001,"[65000.19,65000.090000000004,64999.99,64999.89,64999.79,64999.69,64999.590000000004,64999.49,64999.39,64999.29]",65000.19,"[0.001,0.002,0.003,0.004,0.005,0.006,0.007,0.008,0.009000000000000001,0.01]",0.001,3829,mock,InstrumentType.Spot,614958272,mock,BTC-USDT
2199944884,0,0,1783610797081029036,101,depth,"[65000.4,65000.5,65000.600000000006,65000.700000000004,65000.8,65000.9,65001.0,65001.100000000006,65001.200000000004,65001.3]",65000.4,"[0.001,0.002,0.003,0.004,0.005,0.006,0.007,0.008,0.009000000000000001,0.01]",0.001,"[65000.200000000004,65000.100000000006,65000.0,64999.9,64999.8,64999.700000000004,64999.600000000006,64999.5,64999.4,64999.3]",65000.200000000004,"[0.001,0.002,0.003,0.004,0.005,0.006,0.007,0.008,0.009000000000000001,0.01]",0.001,3830,mock,InstrumentType.Spot,614958832,mock,BTC-USDT
2199944884,0,0,1783610797081328718,101,depth,"[65000.409999999996,65000.509999999995,65000.61,65000.71,65000.81,65000.909999999996,65001.009999999995,65001.11,65001.21,65001.31]",65000.409999999996,"[0.001,0.002,0.003,0.004,0.005,0.006,0.007,0.008,0.009000000000000001,0.01]",0.001,"[65000.21,65000.11,65000.009999999995,64999.909999999996,64999.81,64999.71,64999.61,64999.509999999995,64999.409999999996,64999.31]",65000.21,"[0.001,0.002,0.003,0.004,0.005,0.006,0.007,0.008,0.009000000000000001,0.01]",0.001,3831,mock,InstrumentType.Spot,614959392,mock,BTC-USDT
2199944884,0,0,1783610797081629136,101,depth,"[65000.42,65000.52,65000.62,65000.72,65000.82,65000.92,65001.02,65001.12,65001.22,65001.32]",65000.42,"[0.001,0.002,0.003,0.004,0.005,0.006,0.007,0.008,0.009000000000000001,0.01]",0.001,"[65000.22,65000.12,65000.02,64999.92,64999.82,64999.72,64999.62,64999.52,64999.42,64999.32]",65000.22,"[0.001,0.002,0.003,0.004,0.005,0.006,0.007,0.008,0.009000000000000001,0.01]",0.001,3832,mock,InstrumentType.Spot,614959952,mock,BTC-USDT
2199944884,0,0,1783610797081929134,101,depth,"[65000.43,65000.53,65000.630000000005,65000.73,65000.83,65000.93,65001.03,65001.130000000005,65001.23,65001.33]",65000.43,"[0.001,0.002,0.003,0.004,0.005,0.006,0.007,0.008,0.009000000000000001,0.01]",0.001,"[65000.23,65000.130000000005,65000.03,64999.93,64999.83,64999.73,64999.630000000005,64999.53,64999.43,64999.33]",65000.23,"[0.001,0.002,0.003,0.004,0.005,0.006,0.007,0.008,0.009000000000000001,0.01]",0.001,3833,mock,InstrumentType.Spot,614960512,mock,BTC-USDT
2199944884,0,0,1783610797082229315,101,depth,"[65000.439999999995,65000.53999999999,65000.64,65000.74,65000.84,65000.939999999995,65001.03999999999,65001.14,65001.24,65001.34]",65000.439999999995,"[0.001,0.002,0.003,0.004,0.005,0.006,0.007,0.008,0.009000000000000001,0.01]",0.001,"[65000.24,65000.14,65000.03999999999,64999.939999999995,64999.84,64999.74,64999.64,64999.53999999999,64999.439999999995,64999.34]",65000.24,"[0.001,0.002,0.003,0.004,0.005,0.006,0.007,0.008,0.009000000000000001,0.01]",0.001,3834,mock,InstrumentType.Spot,614961072,mock,BTC-USDT
2199944884,0,0,1783610797082529221,101,depth,"[65000.45,65000.549999999996,65000.65,65000.75,65000.85,65000.95,65001.049999999996,65001.15,65001.25,65001.35]",65000.45,"[0.001,0.002,0.003,0.004,0.005,0.006,0.007,0.008,0.009000000000000001,0.01]",0.001,"[65000.25,65000.15,65000.049999999996,64999.95,64999.85,64999.75,64999.65,64999.549999999996,64999.45,64999.35]",65000.25,"[0.001,0.002,0.003,0.004,0.005,0.006,0.007,0.008,0.009000000000000001,0.01]",0.001,3835,mock,InstrumentType.Spot,614961632,mock,BTC-USDT
2199944884,0,0,1783610797082828873,101,depth,"[65000.46,65000.56,65000.66,65000.76,65000.86,65000.96,65001.06,65001.16,65001.26,65001.36]",65000.46,"[0.001,0.002,0.003,0.004,0.005,0.006,0.007,0.008,0.009000000000000001,0.01]",0.001,"[65000.26,65000.16,65000.06,64999.96,64999.86,64999.76,64999.66,64999.56,64999.46,64999.36]",65000.26,"[0.001,0.002,0.003,0.004,0.005,0.006,0.007,0.008,0.009000000000000001,0.01]",0.001,3836,mock,InstrumentType.Spot,614962192,mock,BTC-USDT
2199944884,0,0,1783610797083129003,101,depth,"[65000.47,65000.57,65000.670000000006,65000.770000000004,65000.87,65000.97,65001.07,65001.170000000006,65001.270000000004,65001.37]",65000.47,"[0.001,0.002,0.003,0.004,0.005,0.006,0.007,0.008,0.009000000000000001,0.01]",0.001,"[65000.270000000004,65000.170000000006,65000.07,64999.97,64999.87,64999.770000000004,64999.670000000006,64999.57,64999.47,64999.37]",65000.270000000004,"[0.001,0.002,0.003,0.004,0.005,0.006,0.007,0.008,0.009000000000000001,0.01]",0.001,3837,mock,InstrumentType.Spot,614962752,mock,BTC-USDT
2199944884,0,0,1783610797083437825,101,depth,"[65000.479999999996,65000.579999999994,65000.68,65000.78,65000.88,65000.979999999996,65001.079999999994,65001.18,65001.28,65001.38]",65000.479999999996,"[0.001,0.002,0.003,0.004,0.005,0.006,0.007,0.008,0.009000000000000001,0.01]",0.001,"[65000.28,65000.18,65000.079999999994,64999.979999999996,64999.88,64999.78,64999.68,64999.579999999994,64999.479999999996,64999.38]",65000.28,"[0.001,0.002,0.003,0.004,0.005,0.006,0.007,0.008,0.009000000000000001,0.01]",0.001,3838,mock,InstrumentType.Spot,614963312,mock,BTC-USDT
2199944884,0,0,1783610797083728577,101,depth,"[65000.49,65000.59,65000.69,65000.79,65000.89,65000.99,65001.09,65001.19,65001.29,65001.39]",65000.49,"[0.001,0.002,0.003,0.004,0.005,0.006,0.007,0.008,0.009000000000000001,0.01]",0.001,"[65000.29,65000.19,65000.09,64999.99,64999.89,64999.79,64999.69,64999.59,64999.49,64999.39]",65000.29,"[0.001,0.002,0.003,0.004,0.005,0.006,0.007,0.008,0.009000000000000001,0.01]",0.001,3839,mock,InstrumentType.Spot,614963872,mock,BTC-USDT
2199944884,0,0,1783610797084028525,101,depth,"[65000.5,65000.6,65000.700000000004,65000.8,65000.9,65001.0,65001.1,65001.200000000004,65001.3,65001.4]",65000.5,"[0.001,0.002,0.003,0.004,0.005,0.006,0.007,0.008,0.009000000000000001,0.01]",0.001,"[65000.3,65000.200000000004,65000.1,65000.0,64999.9,64999.8,64999.700000000004,64999.6,64999.5,64999.4]",65000.3,"[0.001,0.002,0.003,0.004,0.005,0.006,0.007,0.008,0.009000000000000001,0.01]",0.001,3840,mock,InstrumentType.Spot,614964432,mock,BTC-USDT
2199944884,0,0,1783610797084328387,101,depth,"[65000.51,65000.61,65000.71000000001,65000.810000000005,65000.91,65001.01,65001.11,65001.21000000001,65001.310000000005,65001.41]",65000.51,"[0.001,0.002,0.003,0.004,0.005,0.006,0.007,0.008,0.009000000000000001,0.01]",0.001,"[65000.310000000005,65000.21000000001,65000.11,65000.01,64999.91,64999.810000000005,64999.71000000001,64999.61,64999.51,64999.41]",65000.310000000005,"[0.001,0.002,0.003,0.004,0.005,0.006,0.007,0.008,0.009000000000000001,0.01]",0.001,3841,mock,InstrumentType.Spot,614964992,mock,BTC-USDT
2199944884,0,0,1783610797084628212,101,depth,"[65000.52,65000.619999999995,65000.72,65000.82,65000.92,65001.02,65001.119999999995,65001.22,65001.32,65001.42]",65000.52,"[0.001,0.002,0.003,0.004,0.005,0.006,0.007,0.008,0.009000000000000001,0.01]",0.001,"[65000.32,65000.22,65000.119999999995,65000.02,64999.92,64999.82,64999.72,64999.619999999995,64999.52,64999.42]",65000.32,"[0.001,0.002,0.003,0.004,0.005,0.006,0.007,0.008,0.009000000000000001,0.01]",0.001,3842,mock,InstrumentType.Spot,614965552,mock,BTC-USDT
2199944884,0,0,1783610797084928190,101,depth,"[65000.53,65000.63,65000.73,65000.83,65000.93,65001.03,65001.13,65001.23,65001.33,65001.43]",65000.53,"[0.001,0.002,0.003,0.004,0.005,0.006,0.007,0.008,0.009000000000000001,0.01]",0.001,"[65000.33,65000.23,65000.13,65000.03,64999.93,64999.83,64999.73,64999.63,64999.53,64999.43]",65000.33,"[0.001,0.002,0.003,0.004,0.005,0.006,0.007,0.008,0.009000000000000001,0.01]",0.001,3843,mock,InstrumentType.Spot,614966112,mock,BTC-USDT
2199944884,0,0,1783610797085228184,101,depth,"[65000.54,65000.64,65000.740000000005,65000.840000000004,65000.94,65001.04,65001.14,65001.240000000005,65001.340000000004,65001.44]",65000.54,"[0.001,0.002,0.003,0.004,0.005,0.006,0.007,0.008,0.009000000000000001,0.01]",0.001,"[65000.340000000004,65000.240000000005,65000.14,65000.04,64999.94,64999.840000000004,64999.740000000005,64999.64,64999.54,64999.44]",65000.340000000004,"[0.001,0.002,0.003,0.004,0.005,0.006,0.007,0.008,0.009000000000000001,0.01]",0.001,3844,mock,InstrumentType.Spot,614966672,mock,BTC-USDT
2199944884,0,0,1783610797085528386,101,depth,"[65000.549999999996,65000.649999999994,65000.75,65000.85,65000.95,65001.049999999996,65001.149999999994,65001.25,65001.35,65001.45]",65000.549999999996,"[0.001,0.002,0.003,0.004,0.005,0.006,0.007,0.008,0.009000000000000001,0.01]",0.001,"[65000.35,65000.25,65000.149999999994,65000.049999999996,64999.95,64999.85,64999.75,64999.649999999994,64999.549999999996,64999.45]",65000.35,"[0.001,0.002,0.003,0.004,0.005,0.006,0.007,0.008,0.009000000000000001,0.01]",0.001,3845,mock,InstrumentType.Spot,614967232,mock,BTC-USDT
2199944884,0,0,1783610797085829363,101,depth,"[65000.56,65000.659999999996,65000.76,65000.86,65000.96,65001.06,65001.159999999996,65001.26,65001.36,65001.46]",65000.56,"[0.001,0.002,0.003,0.004,0.005,0.006,0.007,0.008,0.009000000000000001,0.01]",0.001,"[65000.36,65000.26,65000.159999999996,65000.06,64999.96,64999.86,64999.76,64999.659999999996,64999.56,64999.46]",65000.36,"[0.001,0.002,0.003,0.004,0.005,0.006,0.007,0.008,0.009000000000000001,0.01]",0.001,3846,mock,InstrumentType.Spot,614967792,mock,BTC-USDT
2199944884,0,0,1783610797086128663,101,depth,"[65000.57,65000.67,65000.770000000004,65000.87,65000.97,65001.07,65001.17,65001.270000000004,65001.37,65001.47]",65000.57,"[0.001,0.002,0.003,0.004,0.005,0.006,0.007,0.008,0.009000000000000001,0.01]",0.001,"[65000.37,65000.270000000004,65000.17,65000.07,64999.97,64999.87,64999.770000000004,64999.67,64999.57,64999.47]",65000.37,"[0.001,0.002,0.003,0.004,0.005,0.006,0.007,0.008,0.009000000000000001,0.01]",0.001,3847,mock,InstrumentType.Spot,614968352,mock,BTC-USDT
2199944884,0,0,1783610797086439644,101,depth,"[65000.58,65000.68,65000.780000000006,65000.880000000005,65000.98,65001.08,65001.18,65001.280000000006,65001.380000000005,65001.48]",65000.58,"[0.001,0.002,0.003,0.004,0.005,0.006,0.007,0.008,0.009000000000000001,0.01]",0.001,"[65000.380000000005,65000.280000000006,65000.18,65000.08,64999.98,64999.880000000005,64999.780000000006,64999.68,64999.58,64999.48]",65000.380000000005,"[0.001,0.002,0.003,0.004,0.005,0.006,0.007,0.008,0.009000000000000001,0.01]",0.001,3848,mock,InstrumentType.Spot,614968912,mock,BTC-USDT
2199944884,0,0,1783610797086728497,101,depth,"[65000.59,65000.689999999995,65000.79,65000.89,65000.99,65001.09,65001.189999999995,65001.29,65001.39,65001.49]",65000.59,"[0.001,0.002,0.003,0.004,0.005,0.006,0.007,0.008,0.009000000000000001,0.01]",0.001,"[65000.39,65000.29,65000.189999999995,65000.09,64999.99,64999.89,64999.79,64999.689999999995,64999.59,64999.49]",65000.39,"[0.001,0.002,0.003,0.004,0.005,0.006,0.007,0.008,0.009000000000000001,0.01]",0.001,3849,mock,InstrumentType.Spot,614969472,mock,BTC-USDT
2199944884,0,0,1783610797087028876,101,depth,"[65000.6,65000.7,65000.8,65000.9,65001.0,65001.1,65001.2,65001.3,65001.4,65001.5]",65000.6,"[0.001,0.002,0.003,0.004,0.005,0.006,0.007,0.008,0.009000000000000001,0.01]",0.001,"[65000.4,65000.3,65000.2,65000.1,65000.0,64999.9,64999.8,64999.7,64999.6,64999.5]",65000.4,"[0.001,0.002,0.003,0.004,0.005,0.006,0.007,0.008,0.009000000000000001,0.01]",0.001,3850,mock,InstrumentType.Spot,614970032,mock,BTC-USDT
2199944884,0,0,1783610797087328811,101,depth,"[65000.61,65000.71,65000.810000000005,65000.91,65001.01,65001.11,65001.21,65001.310000000005,65001.41,65001.51]",65000.61,"[0.001,0.002,0.003,0.004,0.005,0.006,0.007,0.008,0.009000000000000001,0.01]",0.001,"[65000.41,65000.310000000005,65000.21,65000.11,65000.01,64999.91,64999.810000000005,64999.71,64999.61,64999.51]",65000.41,"[0.001,0.002,0.003,0.004,0.005,0.006,0.007,0.008,0.009000000000000001,0.01]",0.001,3851,mock,InstrumentType.Spot,614970592,mock,BTC-USDT
2199944884,0,0,1783610797087628562,101,depth,"[65000.619999999995,65000.719999999994,65000.82,65000.92,65001.02,65001.119999999995,65001.219999999994,65001.32,65001.42,65001.52]",65000.619999999995,"[0.001,0.002,0.003,0.004,0.005,0.006,0.007,0.008,0.009000000000000001,0.01]",0.001,"[65000.42,65000.32,65000.219999999994,65000.119999999995,65000.02,64999.92,64999.82,64999.719999999994,64999.619999999995,64999.52]",65000.42,"[0.001,0.002,0.003,0.004,0.005,0.006,0.007,0.008,0.009000000000000001,0.01]",0.001,3852,mock,InstrumentType.Spot,614971152,mock,BTC-USDT
2199944884,0,0,1783610797087928980,101,depth,"[65000.63,65000.729999999996,65000.83,65000.93,65001.03,65001.13,65001.229999999996,65001.33,65001.43,65001.53]",65000.63,"[0.001,0.002,0.003,0.004,0.005,0.006,0.007,0.008,0.009000000000000001,0.01]",0.001,"[65000.43,65000.33,65000.229999999996,65000.13,65000.03,64999.93,64999.83,64999.729999999996,64999.63,64999.53]",65000.43,"[0.001,0.002,0.003,0.004,0.005,0.006,0.007,0.008,0.009000000000000001,0.01]",0.001,3853,mock,InstrumentType.Spot,614971712,mock,BTC-USDT
2199944884,0,0,1783610797088228987,101,depth,"[65000.64,65000.74,65000.840000000004,65000.94,65001.04,65001.14,65001.24,65001.340000000004,65001.44,65001.54]",65000.64,"[0.001,0.002,0.003,0.004,0.005,0.006,0.007,0.008,0.009000000000000001,0.01]",0.001,"[65000.44,65000.340000000004,65000.24,65000.14,65000.04,64999.94,64999.840000000004,64999.74,64999.64,64999.54]",65000.44,"[0.001,0.002,0.003,0.004,0.005,0.006,0.007,0.008,0.009000000000000001,0.01]",0.001,3854,mock,InstrumentType.Spot,614972272,mock,BTC-USDT
2199944884,0,0,1783610797088529082,101,depth,"[65000.65,65000.75,65000.850000000006,65000.950000000004,65001.05,65001.15,65001.25,65001.350000000006,65001.450000000004,65001.55]",65000.65,"[0.001,0.002,0.003,0.004,0.005,0.006,0.007,0.008,0.009000000000000001,0.01]",0.001,"[65000.450000000004,65000.350000000006,65000.25,65000.15,65000.05,64999.950000000004,64999.850000000006,64999.75,64999.65,64999.55]",65000.450000000004,"[0.001,0.002,0.003,0.004,0.005,0.006,0.007,0.008,0.009000000000000001,0.01]",0.001,3855,mock,InstrumentType.Spot,614972832,mock,BTC-USDT
2199944884,0,0,1783610797088828728,101,depth,"[65000.659999999996,65000.759999999995,65000.86,65000.96,65001.06,65001.159999999996,65001.259999999995,65001.36,65001.46,65001.56]",65000.659999999996,"[0.001,0.002,0.003,0.004,0.005,0.006,0.007,0.008,0.009000000000000001,0.01]",0.001,"[65000.46,65000.36,65000.259999999995,65000.159999999996,65000.06,64999.96,64999.86,64999.759999999995,64999.659999999996,64999.56]",65000.46,"[0.001,0.002,0.003,0.004,0.005,0.006,0.007,0.008,0.009000000000000001,0.01]",0.001,3856,mock,InstrumentType.Spot,614973392,mock,BTC-USDT
2199944884,0,0,1783610797089128802,101,depth,"[65000.67,65000.77,65000.87,65000.97,65001.07,65001.17,65001.27,65001.37,65001.47,65001.57]",65000.67,"[0.001,0.002,0.003,0.004,0.005,0.006,0.007,0.008,0.009000000000000001,0.01]",0.001,"[65000.47,65000.37,65000.27,65000.17,65000.07,64999.97,64999.87,64999.77,64999.67,64999.57]",65000.47,"[0.001,0.002,0.003,0.004,0.005,0.006,0.007,0.008,0.009000000000000001,0.01]",0.001,3857,mock,InstrumentType.Spot,614973952,mock,BTC-USDT
2199944884,0,0,1783610797089436154,101,depth,"[65000.68,65000.78,65000.880000000005,65000.98,65001.08,65001.18,65001.28,65001.380000000005,65001.48,65001.58]",65000.68,"[0.001,0.002,0.003,0.004,0.005,0.006,0.007,0.008,0.009000000000000001,0.01]",0.001,"[65000.48,65000.380000000005,65000.28,65000.18,65000.08,64999.98,64999.880000000005,64999.78,64999.68,64999.58]",65000.48,"[0.001,0.002,0.003,0.004,0.005,0.006,0.007,0.008,0.009000000000000001,0.01]",0.001,3858,mock,InstrumentType.Spot,614974512,mock,BTC-USDT
2199944884,0,0,1783610797089728542,101,depth,"[65000.689999999995,65000.78999999999,65000.89,65000.99,65001.09,65001.189999999995,65001.28999999999,65001.39,65001.49,65001.59]",65000.689999999995,"[0.001,0.002,0.003,0.004,0.005,0.006,0.007,0.008,0.009000000000000001,0.01]",0.001,"[65000.49,65000.39,65000.28999999999,65000.189999999995,65000.09,64999.99,64999.89,64999.78999999999,64999.689999999995,64999.59]",65000.49,"[0.001,0.002,0.003,0.004,0.005,0.006,0.007,0.008,0.009000000000000001,0.01]",0.001,3859,mock,InstrumentType.Spot,614975072,mock,BTC-USDT
2199944884,0,0,1783610797090028464,101,depth,"[65000.7,65000.799999999996,65000.9,65001.0,65001.1,65001.2,65001.299999999996,65001.4,65001.5,65001.6]",65000.7,"[0.001,0.002,0.003,0.004,0.005,0.006,0.007,0.008,0.009000000000000001,0.01]",0.001,"[65000.5,65000.4,65000.299999999996,65000.2,65000.1,65000.0,64999.9,64999.799999999996,64999.7,64999.6]",65000.5,"[0.001,0.002,0.003,0.004,0.005,0.006,0.007,0.008,0.009000000000000001,0.01]",0.001,3860,mock,InstrumentType.Spot,614975632,mock,BTC-USDT
2199944884,0,0,1783610797090328310,101,depth,"[65000.71,65000.81,65000.91,65001.01,65001.11,65001.21,65001.31,65001.41,65001.51,65001.61]",65000.71,"[0.001,0.002,0.003,0.004,0.005,0.006,0.007,0.008,0.009000000000000001,0.01]",0.001,"[65000.51,65000.41,65000.31,65000.21,65000.11,65000.01,64999.91,64999.81,64999.71,64999.61]",65000.51,"[0.001,0.002,0.003,0.004,0.005,0.006,0.007,0.008,0.009000000000000001,0.01]",0.001,3861,mock,InstrumentType.Spot,614976192,mock,BTC-USDT
2199944884,0,0,1783610797090628244,101,depth,"[65000.72,65000.82,65000.920000000006,65001.020000000004,65001.12,65001.22,65001.32,65001.420000000006,65001.520000000004,65001.62]",65000.72,"[0.001,0.002,0.003,0.004,0.005,0.006,0.007,0.008,0.009000000000000001,0.01]",0.001,"[65000.520000000004,65000.420000000006,65000.32,65000.22,65000.12,65000.020000000004,64999.920000000006,64999.82,64999.72,64999.62]",65000.520000000004,"[0.001,0.002,0.003,0.004,0.005,0.006,0.007,0.008,0.009000000000000001,0.01]",0.001,3862,mock,InstrumentType.Spot,614976752,mock,BTC-USDT
2199944884,0,0,1783610797090928128,101,depth,"[65000.729999999996,65000.829999999994,65000.93,65001.03,65001.13,65001.229999999996,65001.329999999994,65001.43,65001.53,65001.63]",65000.729999999996,"[0.001,0.002,0.003,0.004,0.005,0.006,0.007,0.008,0.009000000000000001,0.01]",0.001,"[65000.53,65000.43,65000.329999999994,65000.229999999996,65000.13,65000.03,64999.93,64999.829999999994,64999.729999999996,64999.63]",65000.53,"[0.001,0.002,0.003,0.004,0.005,0.006,0.007,0.008,0.009000000000000001,0.01]",0.001,3863,mock,InstrumentType.Spot,614977312,mock,BTC-USDT
2199944884,0,0,1783610797091228072,101,depth,"[65000.74,65000.84,65000.94,65001.04,65001.14,65001.24,65001.34,65001.44,65001.54,65001.64]",65000.74,"[0.001,0.002,0.003,0.004,0.005,0.006,0.007,0.008,0.009000000000000001,0.01]",0.001,"[65000.54,65000.44,65000.34,65000.24,65000.14,65000.04,64999.94,64999.84,64999.74,64999.64]",65000.54,"[0.001,0.002,0.003,0.004,0.005,0.006,0.007,0.008,0.009000000000000001,0.01]",0.001,3864,mock,InstrumentType.Spot,614977872,mock,BTC-USDT
2199944884,0,0,1783610797091528015,101,depth,"[65000.75,65000.85,65000.950000000004,65001.05,65001.15,65001.25,65001.35,65001.450000000004,65001.55,65001.65]",65000.75,"[0.001,0.002,0.003,0.004,0.005,0.006,0.007,0.008,0.009000000000000001,0.01]",0.001,"[65000.55,65000.450000000004,65000.35,65000.25,65000.15,65000.05,64999.950000000004,64999.85,64999.75,64999.65]",65000.55,"[0.001,0.002,0.003,0.004,0.005,0.006,0.007,0.008,0.009000000000000001,0.01]",0.001,3865,mock,InstrumentType.Spot,614978432,mock,BTC-USDT
2199944884,0,0,1783610797091828427,101,depth,"[65000.76,65000.86,65000.96000000001,65001.060000000005,65001.16,65001.26,65001.36,65001.46000000001,65001.560000000005,65001.66]",65000.76,"[0.001,0.002,0.003,0.004,0.005,0.006,0.007,0.008,0.009000000000000001,0.01]",0.001,"[65000.560000000005,65000.46000000001,65000.36,65000.26,65000.16,65000.060000000005,64999.96000000001,64999.86,64999.76,64999.66]",65000.560000000005,"[0.001,0.002,0.003,0.004,0.005,0.006,0.007,0.008,0.009000000000000001,0.01]",0.001,3866,mock,InstrumentType.Spot,614978992,mock,BTC-USDT
2199944884,0,0,1783610797092134526,101,depth,"[65000.77,65000.869999999995,65000.97,65001.07,65001.17,65001.27,65001.369999999995,65001.47,65001.57,65001.67]",65000.77,"[0.001,0.002,0.003,0.004,0.005,0.006,0.007,0.008,0.009000000000000001,0.01]",0.001,"[65000.57,65000.47,65000.369999999995,65000.27,65000.17,65000.07,64999.97,64999.869999999995,64999.77,64999.67]",65000.57,"[0.001,0.002,0.003,0.004,0.005,0.006,0.007,0.008,0.009000000000000001,0.01]",0.001,3867,mock,InstrumentType.Spot,614979552,mock,BTC-USDT
2199944884,0,0,1783610797092428498,101,depth,"[65000.78,65000.88,65000.98,65001.08,65001.18,65001.28,65001.38,65001.48,65001.58,65001.68]",65000.78,"[0.001,0.002,0.003,0.004,0.005,0.006,0.007,0.008,0.009000000000000001,0.01]",0.001,"[65000.58,65000.48,65000.38,65000.28,65000.18,65000.08,64999.98,64999.88,64999.78,64999.68]",65000.58,"[0.001,0.002,0.003,0.004,0.005,0.006,0.007,0.008,0.009000000000000001,0.01]",0.001,3868,mock,InstrumentType.Spot,614980112,mock,BTC-USDT
2199944884,0,0,1783610797092728541,101,depth,"[65000.79,65000.89,65000.990000000005,65001.090000000004,65001.19,65001.29,65001.39,65001.490000000005,65001.590000000004,65001.69]",65000.79,"[0.001,0.002,0.003,0.004,0.005,0.006,0.007,0.008,0.009000000000000001,0.01]",0.001,"[65000.590000000004,65000.490000000005,65000.39,65000.29,65000.19,65000.090000000004,64999.990000000005,64999.89,64999.79,64999.69]",65000.590000000004,"[0.001,0.002,0.003,0.004,0.005,0.006,0.007,0.008,0.009000000000000001,0.01]",0.001,3869,mock,InstrumentType.Spot,614980672,mock,BTC-USDT
2199944884,0,0,1783610797093028708,101,depth,"[65000.799999999996,65000.899999999994,65001.0,65001.1,65001.2,65001.299999999996,65001.399999999994,65001.5,65001.6,65001.7]",65000.799999999996,"[0.001,0.002,0.003,0.004,0.005,0.006,0.007,0.008,0.009000000000000001,0.01]",0.001,"[65000.6,65000.5,65000.399999999994,65000.299999999996,65000.2,65000.1,65000.0,64999.899999999994,64999.799999999996,64999.7]",65000.6,"[0.001,0.002,0.003,0.004,0.005,0.006,0.007,0.008,0.009000000000000001,0.01]",0.001,3870,mock,InstrumentType.Spot,614981232,mock,BTC-USDT
2199944884,0,0,1783610797093328696,101,depth,"[65000.81,65000.909999999996,65001.01,65001.11,65001.21,65001.31,65001.409999999996,65001.51,65001.61,65001.71]",65000.81,"[0.001,0.002,0.003,0.004,0.005,0.006,0.007,0.008,0.009000000000000001,0.01]",0.001,"[65000.61,65000.51,65000.409999999996,65000.31,65000.21,65000.11,65000.01,64999.909999999996,64999.81,64999.71]",65000.61,"[0.001,0.002,0.003,0.004,0.005,0.006,0.007,0.008,0.009000000000000001,0.01]",0.001,3871,mock,InstrumentType.Spot,614981792,mock,BTC-USDT
2199944884,0,0,1783610797093628753,101,depth,"[65000.82,65000.92,65001.020000000004,65001.12,65001.22,65001.32,65001.42,65001.520000000004,65001.62,65001.72]",65000.82,"[0.001,0.002,0.003,0.004,0.005,0.006,0.007,0.008,0.009000000000000001,0.01]",0.001,"[65000.62,65000.520000000004,65000.42,65000.32,65000.22,65000.12,65000.020000000004,64999.92,64999.82,64999.72]",65000.62,"[0.001,0.002,0.003,0.004,0.005,0.006,0.007,0.008,0.009000000000000001,0.01]",0.001,3872,mock,InstrumentType.Spot,614982352,mock,BTC-USDT
2199944884,0,0,1783610797093929214,101,depth,"[65000.83,65000.93,65001.030000000006,65001.130000000005,65001.23,65001.33,65001.43,65001.530000000006,65001.630000000005,65001.73]",65000.83,"[0.001,0.002,0.003,0.004,0.005,0.006,0.007,0.008,0.009000000000000001,0.01]",0.001,"[65000.630000000005,65000.530000000006,65000.43,65000.33,65000.23,65000.130000000005,65000.030000000006,64999.93,64999.83,64999.73]",65000.630000000005,"[0.001,0.002,0.003,0.004,0.005,0.006,0.007,0.008,0.009000000000000001,0.01]",0.001,3873,mock,InstrumentType.Spot,614982912,mock,BTC-USDT
2199944884,0,0,1783610797094229099,101,depth,"[65000.84,65000.939999999995,65001.04,65001.14,65001.24,65001.34,65001.439999999995,65001.54,65001.64,65001.74]",65000.84,"[0.001,0.002,0.003,0.004,0.005,0.006,0.007,0.008,0.009000000000000001,0.01]",0.001,"[65000.64,65000.54,65000.439999999995,65000.34,65000.24,65000.14,65000.04,64999.939999999995,64999.84,64999.74]",65000.64,"[0.001,0.002,0.003,0.004,0.005,0.006,0.007,0.008,0.009000000000000001,0.01]",0.001,3874,mock,InstrumentType.Spot,614983472,mock,BTC-USDT
2199944884,0,0,1783610797094529126,101,depth,"[65000.85,65000.95,65001.05,65001.15,65001.25,65001.35,65001.45,65001.55,65001.65,65001.75]",65000.85,"[0.001,0.002,0.003,0.004,0.005,0.006,0.007,0.008,0.009000000000000001,0.01]",0.001,"[65000.65,65000.55,65000.45,65000.35,65000.25,65000.15,65000.05,64999.95,64999.85,64999.75]",65000.65,"[0.001,0.002,0.003,0.004,0.005,0.006,0.007,0.008,0.009000000000000001,0.01]",0.001,3875,mock,InstrumentType.Spot,614984032,mock,BTC-USDT
2199944884,0,0,1783610797094828524,101,depth,"[65000.86,65000.96,65001.060000000005,65001.16,65001.26,65001.36,65001.46,65001.560000000005,65001.66,65001.76]",65000.86,"[0.001,0.002,0.003,0.004,0.005,0.006,0.007,0.008,0.009000000000000001,0.01]",0.001,"[65000.66,65000.560000000005,65000.46,65000.36,65000.26,65000.16,65000.060000000005,64999.96,64999.86,64999.76]",65000.66,"[0.001,0.002,0.003,0.004,0.005,0.006,0.007,0.008,0.009000000000000001,0.01]",0.001,3876,mock,InstrumentType.Spot,614984592,mock,BTC-USDT
2199944884,0,0,1783610797095135477,101,depth,"[65000.869999999995,65000.969999999994,65001.07,65001.17,65001.27,65001.369999999995,65001.469999999994,65001.57,65001.67,65001.77]",65000.869999999995,"[0.001,0.002,0.003,0.004,0.005,0.006,0.007,0.008,0.009000000000000001,0.01]",0.001,"[65000.67,65000.57,65000.469999999994,65000.369999999995,65000.27,65000.17,65000.07,64999.969999999994,64999.869999999995,64999.77]",65000.67,"[0.001,0.002,0.003,0.004,0.005,0.006,0.007,0.008,0.009000000000000001,0.01]",0.001,3877,mock,InstrumentType.Spot,614985152,mock,BTC-USDT
2199944884,0,0,1783610797095428673,101,depth,"[65000.88,65000.979999999996,65001.08,65001.18,65001.28,65001.38,65001.479999999996,65001.58,65001.68,65001.78]",65000.88,"[0.001,0.002,0.003,0.004,0.005,0.006,0.007,0.008,0.009000000000000001,0.01]",0.001,"[65000.68,65000.58,65000.479999999996,65000.38,65000.28,65000.18,65000.08,64999.979999999996,64999.88,64999.78]",65000.68,"[0.001,0.002,0.003,0.004,0.005,0.006,0.007,0.008,0.009000000000000001,0.01]",0.001,3878,mock,InstrumentType.Spot,614985712,mock,BTC-USDT
2199944884,0,0,1783610797095728258,101,depth,"[65000.89,65000.99,65001.090000000004,65001.19,65001.29,65001.39,65001.49,65001.590000000004,65001.69,65001.79]",65000.89,"[0.001,0.002,0.003,0.004,0.005,0.006,0.007,0.008,0.009000000000000001,0.01]",0.001,"[65000.69,65000.590000000004,65000.49,65000.39,65000.29,65000.19,65000.090000000004,64999.99,64999.89,64999.79]",65000.69,"[0.001,0.002,0.003,0.004,0.005,0.006,0.007,0.008,0.009000000000000001,0.01]",0.001,3879,mock,InstrumentType.Spot,614986272,mock,BTC-USDT
2199944884,0,0,1783610797096028622,101,depth,"[65000.9,65001.0,65001.100000000006,65001.200000000004,65001.3,65001.4,65001.5,65001.600000000006,65001.700000000004,65001.8]",65000.9,"[0.001,0.002,0.003,0.004,0.005,0.006,0.007,0.008,0.009000000000000001,0.01]",0.001,"[65000.700000000004,65000.600000000006,65000.5,65000.4,65000.3,65000.200000000004,65000.100000000006,65000.0,64999.9,64999.8]",65000.700000000004,"[0.001,0.002,0.003,0.004,0.005,0.006,0.007,0.008,0.009000000000000001,0.01]",0.001,3880,mock,InstrumentType.Spot,614986832,mock,BTC-USDT
2199944884,0,0,1783610797096328753,101,depth,"[65000.909999999996,65001.009999999995,65001.11,65001.21,65001.31,65001.409999999996,65001.509999999995,65001.61,65001.71,65001.81]",65000.909999999996,"[0.001,0.002,0.003,0.004,0.005,0.006,0.007,0.008,0.009000000000000001,0.01]",0.001,"[65000.71,65000.61,65000.509999999995,65000.409999999996,65000.31,65000.21,65000.11,65000.009999999995,64999.909999999996,64999.81]",65000.71,"[0.001,0.002,0.003,0.004,0.005,0.006,0.007,0.008,0.009000000000000001,0.01]",0.001,3881,mock,InstrumentType.Spot,614987392,mock,BTC-USDT
2199944884,0,0,1783610797097722073,101,depth,"[65000.92,65001.02,65001.12,65001.22,65001.32,65001.42,65001.52,65001.62,65001.72,65001.82]",65000.92,"[0.001,0.002,0.003,0.004,0.005,0.006,0.007,0.008,0.009000000000000001,0.01]",0.001,"[65000.72,65000.62,65000.52,65000.42,65000.32,65000.22,65000.12,65000.02,64999.92,64999.82]",65000.72,"[0.001,0.002,0.003,0.004,0.005,0.006,0.007,0.008,0.009000000000000001,0.01]",0.001,3882,mock,InstrumentType.Spot,614987952,mock,BTC-USDT
2199944884,0,0,1783610797097741531,101,depth,"[65000.93,65001.03,65001.130000000005,65001.23,65001.33,65001.43,65001.53,65001.630000000005,65001.73,65001.83]",65000.93,"[0.001,0.002,0.003,0.004,0.005,0.006,0.007,0.008,0.009000000000000001,0.01]",0.001,"[65000.73,65000.630000000005,65000.53,65000.43,65000.33,65000.23,65000.130000000005,65000.03,64999.93,64999.83]",65000.73,"[0.001,0.002,0.003,0.004,0.005,0.006,0.007,0.008,0.009000000000000001,0.01]",0.001,3883,mock,InstrumentType.Spot,614988512,mock,BTC-USDT
2199944884,0,0,1783610797097747927,101,depth,"[65000.939999999995,65001.03999999999,65001.14,65001.24,65001.34,65001.439999999995,65001.53999999999,65001.64,65001.74,65001.84]",65000.939999999995,"[0.001,0.002,0.003,0.004,0.005,0.006,0.007,0.008,0.009000000000000001,0.01]",0.001,"[65000.74,65000.64,65000.53999999999,65000.439999999995,65000.34,65000.24,65000.14,65000.03999999999,64999.939999999995,64999.84]",65000.74,"[0.001,0.002,0.003,0.004,0.005,0.006,0.007,0.008,0.009000000000000001,0.01]",0.001,3884,mock,InstrumentType.Spot,614989072,mock,BTC-USDT
2199944884,0,0,1783610797097753289,101,depth,"[65000.95,65001.049999999996,65001.15,65001.25,65001.35,65001.45,65001.549999999996,65001.65,65001.75,65001.85]",65000.95,"[0.001,0.002,0.003,0.004,0.005,0.006,0.007,0.008,0.009000000000000001,0.01]",0.001,"[65000.75,65000.65,65000.549999999996,65000.45,65000.35,65000.25,65000.15,65000.049999999996,64999.95,64999.85]",65000.75,"[0.001,0.002,0.003,0.004,0.005,0.006,0.007,0.008,0.009000000000000001,0.01]",0.001,3885,mock,InstrumentType.Spot,614989632,mock,BTC-USDT
2199944884,0,0,1783610797097852028,101,depth,"[65000.96,65001.06,65001.16,65001.26,65001.36,65001.46,65001.56,65001.66,65001.76,65001.86]",65000.96,"[0.001,0.002,0.003,0.004,0.005,0.006,0.007,0.008,0.009000000000000001,0.01]",0.001,"[65000.76,65000.66,65000.56,65000.46,65000.36,65000.26,65000.16,65000.06,64999.96,64999.86]",65000.76,"[0.001,0.002,0.003,0.004,0.005,0.006,0.007,0.008,0.009000000000000001,0.01]",0.001,3886,mock,InstrumentType.Spot,614990192,mock,BTC-USDT
2199944884,0,0,1783610797098128556,101,depth,"[65000.97,65001.07,65001.170000000006,65001.270000000004,65001.37,65001.47,65001.57,65001.670000000006,65001.770000000004,65001.87]",65000.97,"[0.001,0.002,0.003,0.004,0.005,0.006,0.007,0.008,0.009000000000000001,0.01]",0.001,"[65000.770000000004,65000.670000000006,65000.57,65000.47,65000.37,65000.270000000004,65000.170000000006,65000.07,64999.97,64999.87]",65000.770000000004,"[0.001,0.002,0.003,0.004,0.005,0.006,0.007,0.008,0.009000000000000001,0.01]",0.001,3887,mock,InstrumentType.Spot,614990752,mock,BTC-USDT
2199944884,0,0,1783610797098430034,101,depth,"[65000.979999999996,65001.079999999994,65001.18,65001.28,65001.38,65001.479999999996,65001.579999999994,65001.68,65001.78,65001.88]",65000.979999999996,"[0.001,0.002,0.003,0.004,0.005,0.006,0.007,0.008,0.009000000000000001,0.01]",0.001,"[65000.78,65000.68,65000.579999999994,65000.479999999996,65000.38,65000.28,65000.18,65000.079999999994,64999.979999999996,64999.88]",65000.78,"[0.001,0.002,0.003,0.004,0.005,0.006,0.007,0.008,0.009000000000000001,0.01]",0.001,3888,mock,InstrumentType.Spot,614991312,mock,BTC-USDT
2199944884,0,0,1783610797098727860,101,depth,"[65000.99,65001.09,65001.19,65001.29,65001.39,65001.49,65001.59,65001.69,65001.79,65001.89]",65000.99,"[0.001,0.002,0.003,0.004,0.005,0.006,0.007,0.008,0.009000000000000001,0.01]",0.001,"[65000.79,65000.69,65000.59,65000.49,65000.39,65000.29,65000.19,65000.09,64999.99,64999.89]",65000.79,"[0.001,0.002,0.003,0.004,0.005,0.006,0.007,0.008,0.009000000000000001,0.01]",0.001,3889,mock,InstrumentType.Spot,614991872,mock,BTC-USDT
2199944884,0,0,1783610797099027848,101,depth,"[65001.0,65001.1,65001.200000000004,65001.3,65001.4,65001.5,65001.6,65001.700000000004,65001.8,65001.9]",65001.0,"[0.001,0.002,0.003,0.004,0.005,0.006,0.007,0.008,0.009000000000000001,0.01]",0.001,"[65000.8,65000.700000000004,65000.6,65000.5,65000.4,65000.3,65000.200000000004,65000.1,65000.0,64999.9]",65000.8,"[0.001,0.002,0.003,0.004,0.005,0.006,0.007,0.008,0.009000000000000001,0.01]",0.001,3890,mock,InstrumentType.Spot,614992432,mock,BTC-USDT
2199944884,0,0,1783610797099327853,101,depth,"[65001.01,65001.11,65001.21000000001,65001.310000000005,65001.41,65001.51,65001.61,65001.71000000001,65001.810000000005,65001.91]",65001.01,"[0.001,0.002,0.003,0.004,0.005,0.006,0.007,0.008,0.009000000000000001,0.01]",0.001,"[65000.810000000005,65000.71000000001,65000.61,65000.51,65000.41,65000.310000000005,65000.21000000001,65000.11,65000.01,64999.91]",65000.810000000005,"[0.001,0.002,0.003,0.004,0.005,0.006,0.007,0.008,0.009000000000000001,0.01]",0.001,3891,mock,InstrumentType.Spot,614992992,mock,BTC-USDT
2199944884,0,0,1783610797099627918,101,depth,"[65001.02,65001.119999999995,65001.22,65001.32,65001.42,65001.52,65001.619999999995,65001.72,65001.82,65001.92]",65001.02,"[0.001,0.002,0.003,0.004,0.005,0.006,0.007,0.008,0.009000000000000001,0.01]",0.001,"[65000.82,65000.72,65000.619999999995,65000.52,65000.42,65000.32,65000.22,65000.119999999995,65000.02,64999.92]",65000.82,"[0.001,0.002,0.003,0.004,0.005,0.006,0.007,0.008,0.009000000000000001,0.01]",0.001,3892,mock,InstrumentType.Spot,614993552,mock,BTC-USDT
2199944884,0,0,1783610797099927738,101,depth,"[65001.03,65001.13,65001.23,65001.33,65001.43,65001.53,65001.63,65001.73,65001.83,65001.93]",65001.03,"[0.001,0.002,0.003,0.004,0.005,0.006,0.007,0.008,0.009000000000000001,0.01]",0.001,"[65000.83,65000.73,65000.63,65000.53,65000.43,65000.33,65000.23,65000.13,65000.03,64999.93]",65000.83,"[0.001,0.002,0.003,0.004,0.005,0.006,0.007,0.008,0.009000000000000001,0.01]",0.001,3893,mock,InstrumentType.Spot,614994112,mock,BTC-USDT
2199944884,0,0,1783610797100227629,101,depth,"[65001.04,65001.14,65001.240000000005,65001.340000000004,65001.44,65001.54,65001.64,65001.740000000005,65001.840000000004,65001.94]",65001.04,"[0.001,0.002,0.003,0.004,0.005,0.006,0.007,0.008,0.009000000000000001,0.01]",0.001,"[65000.840000000004,65000.740000000005,65000.64,65000.54,65000.44,65000.340000000004,65000.240000000005,65000.14,65000.04,64999.94]",65000.840000000004,"[0.001,0.002,0.003,0.004,0.005,0.006,0.007,0.008,0.009000000000000001,0.01]",0.001,3894,mock,InstrumentType.Spot,614994672,mock,BTC-USDT
2199944884,0,0,1783610797100527671,101,depth,"[65001.049999999996,65001.149999999994,65001.25,65001.35,65001.45,65001.549999999996,65001.649999999994,65001.75,65001.85,65001.95]",65001.049999999996,"[0.001,0.002,0.003,0.004,0.005,0.006,0.007,0.008,0.009000000000000001,0.01]",0.001,"[65000.85,65000.75,65000.649999999994,65000.549999999996,65000.45,65000.35,65000.25,65000.149999999994,65000.049999999996,64999.95]",65000.85,"[0.001,0.002,0.003,0.004,0.005,0.006,0.007,0.008,0.009000000000000001,0.01]",0.001,3895,mock,InstrumentType.Spot,614995232,mock,BTC-USDT
2199944884,0,0,1783610797100839641,101,depth,"[65001.06,65001.159999999996,65001.26,65001.36,65001.46,65001.56,65001.659999999996,65001.76,65001.86,65001.96]",65001.06,"[0.001,0.002,0.003,0.004,0.005,0.006,0.007,0.008,0.009000000000000001,0.01]",0.001,"[65000.86,65000.76,65000.659999999996,65000.56,65000.46,65000.36,65000.26,65000.159999999996,65000.06,64999.96]",65000.86,"[0.001,0.002,0.003,0.004,0.005,0.006,0.007,0.008,0.009000000000000001,0.01]",0.001,3896,mock,InstrumentType.Spot,614995792,mock,BTC-USDT
2199944884,0,0,1783610797101128156,101,depth,"[65001.07,65001.17,65001.270000000004,65001.37,65001.47,65001.57,65001.67,65001.770000000004,65001.87,65001.97]",65001.07,"[0.001,0.002,0.003,0.004,0.005,0.006,0.007,0.008,0.009000000000000001,0.01]",0.001,"[65000.87,65000.770000000004,65000.67,65000.57,65000.47,65000.37,65000.270000000004,65000.17,65000.07,64999.97]",65000.87,"[0.001,0.002,0.003,0.004,0.005,0.006,0.007,0.008,0.009000000000000001,0.01]",0.001,3897,mock,InstrumentType.Spot,614996352,mock,BTC-USDT
2199944884,0,0,1783610797101427956,101,depth,"[65001.08,65001.18,65001.280000000006,65001.380000000005,65001.48,65001.58,65001.68,65001.780000000006,65001.880000000005,65001.98]",65001.08,"[0.001,0.002,0.003,0.004,0.005,0.006,0.007,0.008,0.009000000000000001,0.01]",0.001,"[65000.880000000005,65000.780000000006,65000.68,65000.58,65000.48,65000.380000000005,65000.280000000006,65000.18,65000.08,64999.98]",65000.880000000005,"[0.001,0.002,0.003,0.004,0.005,0.006,0.007,0.008,0.009000000000000001,0.01]",0.001,3898,mock,InstrumentType.Spot,614996912,mock,BTC-USDT
2199944884,0,0,1783610797101727875,101,depth,"[65001.09,65001.189999999995,65001.29,65001.39,65001.49,65001.59,65001.689999999995,65001.79,65001.89,65001.99]",65001.09,"[0.001,0.002,0.003,0.004,0.005,0.006,0.007,0.008,0.009000000000000001,0.01]",0.001,"[65000.89,65000.79,65000.689999999995,65000.59,65000.49,65000.39,65000.29,65000.189999999995,65000.09,64999.99]",65000.89,"[0.001,0.002,0.003,0.004,0.005,0.006,0.007,0.008,0.009000000000000001,0.01]",0.001,3899,mock,InstrumentType.Spot,614997472,mock,BTC-USDT
2199944884,0,0,1783610797102027937,101,depth,"[65000.1,65000.2,65000.3,65000.4,65000.5,65000.6,65000.7,65000.8,65000.9,65001.0]",65000.1,"[0.001,0.002,0.003,0.004,0.005,0.006,0.007,0.008,0.009000000000000001,0.01]",0.001,"[64999.9,64999.8,64999.7,64999.6,64999.5,64999.4,64999.3,64999.2,64999.1,64999.0]",64999.9,"[0.001,0.002,0.003,0.004,0.005,0.006,0.007,0.008,0.009000000000000001,0.01]",0.001,3900,mock,InstrumentType.Spot,614998032,mock,BTC-USDT
2199944884,0,0,1783610797102327875,101,depth,"[65000.11,65000.21,65000.310000000005,65000.41,65000.51,65000.61,65000.71,65000.810000000005,65000.91,65001.01]",65000.11,"[0.001,0.002,0.003,0.004,0.005,0.006,0.007,0.008,0.009000000000000001,0.01]",0.001,"[64999.91,64999.810000000005,64999.71,64999.61,64999.51,64999.41,64999.310000000005,64999.21,64999.11,64999.01]",64999.91,"[0.001,0.002,0.003,0.004,0.005,0.006,0.007,0.008,0.009000000000000001,0.01]",0.001,3901,mock,InstrumentType.Spot,614998592,mock,BTC-USDT
2199944884,0,0,1783610797102627970,101,depth,"[65000.119999999995,65000.219999999994,65000.32,65000.42,65000.52,65000.619999999995,65000.719999999994,65000.82,65000.92,65001.02]",65000.119999999995,"[0.001,0.002,0.003,0.004,0.005,0.006,0.007,0.008,0.009000000000000001,0.01]",0.001,"[64999.92,64999.82,64999.719999999994,64999.619999999995,64999.52,64999.42,64999.32,64999.219999999994,64999.119999999995,64999.02]",64999.92,"[0.001,0.002,0.003,0.004,0.005,0.006,0.007,0.008,0.009000000000000001,0.01]",0.001,3902,mock,InstrumentType.Spot,614999152,mock,BTC-USDT
2199944884,0,0,1783610797102928218,101,depth,"[65000.13,65000.229999999996,65000.33,65000.43,65000.53,65000.63,65000.729999999996,65000.83,65000.93,65001.03]",65000.13,"[0.001,0.002,0.003,0.004,0.005,0.006,0.007,0.008,0.009000000000000001,0.01]",0.001,"[64999.93,64999.83,64999.729999999996,64999.63,64999.53,64999.43,64999.33,64999.229999999996,64999.13,64999.03]",64999.93,"[0.001,0.002,0.003,0.004,0.005,0.006,0.007,0.008,0.009000000000000001,0.01]",0.001,3903,mock,InstrumentType.Spot,614999712,mock,BTC-USDT
2199944884,0,0,1783610797103228297,101,depth,"[65000.14,65000.24,65000.340000000004,65000.44,65000.54,65000.64,65000.74,65000.840000000004,65000.94,65001.04]",65000.14,"[0.001,0.002,0.003,0.004,0.005,0.006,0.007,0.008,0.009000000000000001,0.01]",0.001,"[64999.94,64999.840000000004,64999.74,64999.64,64999.54,64999.44,64999.340000000004,64999.24,64999.14,64999.04]",64999.94,"[0.001,0.002,0.003,0.004,0.005,0.006,0.007,0.008,0.009000000000000001,0.01]",0.001,3904,mock,InstrumentType.Spot,615000272,mock,BTC-USDT
2199944884,0,0,1783610797103534369,101,depth,"[65000.15,65000.25,65000.350000000006,65000.450000000004,65000.55,65000.65,65000.75,65000.850000000006,65000.950000000004,65001.05]",65000.15,"[0.001,0.002,0.003,0.004,0.005,0.006,0.007,0.008,0.009000000000000001,0.01]",0.001,"[64999.950000000004,64999.850000000006,64999.75,64999.65,64999.55,64999.450000000004,64999.350000000006,64999.25,64999.15,64999.05]",64999.950000000004,"[0.001,0.002,0.003,0.004,0.005,0.006,0.007,0.008,0.009000000000000001,0.01]",0.001,3905,mock,InstrumentType.Spot,615000832,mock,BTC-USDT
2199944884,0,0,1783610797103828644,101,depth,"[65000.159999999996,65000.259999999995,65000.36,65000.46,65000.56,65000.659999999996,65000.759999999995,65000.86,65000.96,65001.06]",65000.159999999996,"[0.001,0.002,0.003,0.004,0.005,0.006,0.007,0.008,0.009000000000000001,0.01]",0.001,"[64999.96,64999.86,64999.759999999995,64999.659999999996,64999.56,64999.46,64999.36,64999.259999999995,64999.159999999996,64999.06]",64999.96,"[0.001,0.002,0.003,0.004,0.005,0.006,0.007,0.008,0.009000000000000001,0.01]",0.001,3906,mock,InstrumentType.Spot,615001392,mock,BTC-USDT
2199944884,0,0,1783610797104128524,101,depth,"[65000.17,65000.27,65000.37,65000.47,65000.57,65000.67,65000.77,65000.87,65000.97,65001.07]",65000.17,"[0.001,0.002,0.003,0.004,0.005,0.006,0.007,0.008,0.009000000000000001,0.01]",0.001,"[64999.97,64999.87,64999.77,64999.67,64999.57,64999.47,64999.37,64999.27,64999.17,64999.07]",64999.97,"[0.001,0.002,0.003,0.004,0.005,0.006,0.007,0.008,0.009000000000000001,0.01]",0.001,3907,mock,InstrumentType.Spot,615001952,mock,BTC-USDT
2199944884,0,0,1783610797104428649,101,depth,"[65000.18,65000.28,65000.380000000005,65000.48,65000.58,65000.68,65000.78,65000.880000000005,65000.98,65001.08]",65000.18,"[0.001,0.002,0.003,0.004,0.005,0.006,0.007,0.008,0.009000000000000001,0.01]",0.001,"[64999.98,64999.880000000005,64999.78,64999.68,64999.58,64999.48,64999.380000000005,64999.28,64999.18,64999.08]",64999.98,"[0.001,0.002,0.003,0.004,0.005,0.006,0.007,0.008,0.009000000000000001,0.01]",0.001,3908,mock,InstrumentType.Spot,615002512,mock,BTC-USDT
2199944884,0,0,1783610797104728532,101,depth,"[65000.189999999995,65000.28999999999,65000.39,65000.49,65000.59,65000.689999999995,65000.78999999999,65000.89,65000.99,65001.09]",65000.189999999995,"[0.001,0.002,0.003,0.004,0.005,0.006,0.007,0.008,0.009000000000000001,0.01]",0.001,"[64999.99,64999.89,64999.78999999999,64999.689999999995,64999.59,64999.49,64999.39,64999.28999999999,64999.189999999995,64999.09]",64999.99,"[0.001,0.002,0.003,0.004,0.005,0.006,0.007,0.008,0.009000000000000001,0.01]",0.001,3909,mock,InstrumentType.Spot,615003072,mock,BTC-USDT
2199944884,0,0,1783610797105029001,101,depth,"[65000.2,65000.299999999996,65000.4,65000.5,65000.6,65000.7,65000.799999999996,65000.9,65001.0,65001.1]",65000.2,"[0.001,0.002,0.003,0.004,0.005,0.006,0.007,0.008,0.009000000000000001,0.01]",0.001,"[65000.0,64999.9,64999.799999999996,64999.7,64999.6,64999.5,64999.4,64999.299999999996,64999.2,64999.1]",65000.0,"[0.001,0.002,0.003,0.004,0.005,0.006,0.007,0.008,0.009000000000000001,0.01]",0.001,3910,mock,InstrumentType.Spot,615003632,mock,BTC-USDT
2199944884,0,0,1783610797105328792,101,depth,"[65000.21,65000.31,65000.41,65000.51,65000.61,65000.71,65000.81,65000.91,65001.01,65001.11]",65000.21,"[0.001,0.002,0.003,0.004,0.005,0.006,0.007,0.008,0.009000000000000001,0.01]",0.001,"[65000.01,64999.91,64999.81,64999.71,64999.61,64999.51,64999.41,64999.31,64999.21,64999.11]",65000.01,"[0.001,0.002,0.003,0.004,0.005,0.006,0.007,0.008,0.009000000000000001,0.01]",0.001,3911,mock,InstrumentType.Spot,615004192,mock,BTC-USDT
2199944884,0,0,1783610797105630730,101,depth,"[65000.22,65000.32,65000.420000000006,65000.520000000004,65000.62,65000.72,65000.82,65000.920000000006,65001.020000000004,65001.12]",65000.22,"[0.001,0.002,0.003,0.004,0.005,0.006,0.007,0.008,0.009000000000000001,0.01]",0.001,"[65000.020000000004,64999.920000000006,64999.82,64999.72,64999.62,64999.520000000004,64999.420000000006,64999.32,64999.22,64999.12]",65000.020000000004,"[0.001,0.002,0.003,0.004,0.005,0.006,0.007,0.008,0.009000000000000001,0.01]",0.001,3912,mock,InstrumentType.Spot,615004752,mock,BTC-USDT
2199944884,0,0,1783610797105929111,101,depth,"[65000.229999999996,65000.329999999994,65000.43,65000.53,65000.63,65000.729999999996,65000.829999999994,65000.93,65001.03,65001.13]",65000.229999999996,"[0.001,0.002,0.003,0.004,0.005,0.006,0.007,0.008,0.009000000000000001,0.01]",0.001,"[65000.03,64999.93,64999.829999999994,64999.729999999996,64999.63,64999.53,64999.43,64999.329999999994,64999.229999999996,64999.13]",65000.03,"[0.001,0.002,0.003,0.004,0.005,0.006,0.007,0.008,0.009000000000000001,0.01]",0.001,3913,mock,InstrumentType.Spot,615005312,mock,BTC-USDT
2199944884,0,0,1783610797106229236,101,depth,"[65000.24,65000.34,65000.44,65000.54,65000.64,65000.74,65000.84,65000.94,65001.04,65001.14]",65000.24,"[0.001,0.002,0.003,0.004,0.005,0.006,0.007,0.008,0.009000000000000001,0.01]",0.001,"[65000.04,64999.94,64999.84,64999.74,64999.64,64999.54,64999.44,64999.34,64999.24,64999.14]",65000.04,"[0.001,0.002,0.003,0.004,0.005,0.006,0.007,0.008,0.009000000000000001,0.01]",0.001,3914,mock,InstrumentType.Spot,615005872,mock,BTC-USDT
2199944884,0,0,1783610797106537819,101,depth,"[65000.25,65000.35,65000.450000000004,65000.55,65000.65,65000.75,65000.85,65000.950000000004,65001.05,65001.15]",65000.25,"[0.001,0.002,0.003,0.004,0.005,0.006,0.007,0.008,0.009000000000000001,0.01]",0.001,"[65000.05,64999.950000000004,64999.85,64999.75,64999.65,64999.55,64999.450000000004,64999.35,64999.25,64999.15]",65000.05,"[0.001,0.002,0.003,0.004,0.005,0.006,0.007,0.008,0.009000000000000001,0.01]",0.001,3915,mock,InstrumentType.Spot,615006432,mock,BTC-USDT
2199944884,0,0,1783610797106828998,101,depth,"[65000.26,65000.36,65000.46000000001,65000.560000000005,65000.66,65000.76,65000.86,65000.96000000001,65001.060000000005,65001.16]",65000.26,"[0.001,0.002,0.003,0.004,0.005,0.006,0.007,0.008,0.009000000000000001,0.01]",0.001,"[65000.060000000005,64999.96000000001,64999.86,64999.76,64999.66,64999.560000000005,64999.46000000001,64999.36,64999.26,64999.16]",65000.060000000005,"[0.001,0.002,0.003,0.004,0.005,0.006,0.007,0.008,0.009000000000000001,0.01]",0.001,3916,mock,InstrumentType.Spot,615006992,mock,BTC-USDT
2199944884,0,0,1783610797107129037,101,depth,"[65000.27,65000.369999999995,65000.47,65000.57,65000.67,65000.77,65000.869999999995,65000.97,65001.07,65001.17]",65000.27,"[0.001,0.002,0.003,0.004,0.005,0.006,0.007,0.008,0.009000000000000001,0.01]",0.001,"[65000.07,64999.97,64999.869999999995,64999.77,64999.67,64999.57,64999.47,64999.369999999995,64999.27,64999.17]",65000.07,"[0.001,0.002,0.003,0.004,0.005,0.006,0.007,0.008,0.009000000000000001,0.01]",0.001,3917,mock,InstrumentType.Spot,615007552,mock,BTC-USDT
2199944884,0,0,1783610797107428746,101,depth,"[65000.28,65000.38,65000.48,65000.58,65000.68,65000.78,65000.88,65000.98,65001.08,65001.18]",65000.28,"[0.001,0.002,0.003,0.004,0.005,0.006,0.007,0.008,0.009000000000000001,0.01]",0.001,"[65000.08,64999.98,64999.88,64999.78,64999.68,64999.58,64999.48,64999.38,64999.28,64999.18]",65000.08,"[0.001,0.002,0.003,0.004,0.005,0.006,0.007,0.008,0.009000000000000001,0.01]",0.001,3918,mock,InstrumentType.Spot,615008112,mock,BTC-USDT
2199944884,0,0,1783610797107729294,101,depth,"[65000.29,65000.39,65000.490000000005,65000.590000000004,65000.69,65000.79,65000.89,65000.990000000005,65001.090000000004,65001.19]",65000.29,"[0.001,0.002,0.003,0.004,0.005,0.006,0.007,0.008,0.009000000000000001,0.01]",0.001,"[65000.090000000004,64999.990000000005,64999.89,64999.79,64999.69,64999.590000000004,64999.490000000005,64999.39,64999.29,64999.19]",65000.090000000004,"[0.001,0.002,0.003,0.004,0.005,0.006,0.007,0.008,0.009000000000000001,0.01]",0.001,3919,mock,InstrumentType.Spot,615008672,mock,BTC-USDT
2199944884,0,0,1783610797108029623,101,depth,"[65000.299999999996,65000.399999999994,65000.5,65000.6,65000.7,65000.799999999996,65000.899999999994,65001.0,65001.1,65001.2]",65000.299999999996,"[0.001,0.002,0.003,0.004,0.005,0.006,0.007,0.008,0.009000000000000001,0.01]",0.001,"[65000.1,65000.0,64999.899999999994,64999.799999999996,64999.7,64999.6,64999.5,64999.399999999994,64999.299999999996,64999.2]",65000.1,"[0.001,0.002,0.003,0.004,0.005,0.006,0.007,0.008,0.009000000000000001,0.01]",0.001,3920,mock,InstrumentType.Spot,615009232,mock,BTC-USDT
2199944884,0,0,1783610797108328601,101,depth,"[65000.31,65000.409999999996,65000.51,65000.61,65000.71,65000.81,65000.909999999996,65001.01,65001.11,65001.21]",65000.31,"[0.001,0.002,0.003,0.004,0.005,0.006,0.007,0.008,0.009000000000000001,0.01]",0.001,"[65000.11,65000.01,64999.909999999996,64999.81,64999.71,64999.61,64999.51,64999.409999999996,64999.31,64999.21]",65000.11,"[0.001,0.002,0.003,0.004,0.005,0.006,0.007,0.008,0.009000000000000001,0.01]",0.001,3921,mock,InstrumentType.Spot,615009792,mock,BTC-USDT
2199944884,0,0,1783610797108628262,101,depth,"[65000.32,65000.42,65000.520000000004,65000.62,65000.72,65000.82,65000.92,65001.020000000004,65001.12,65001.22]",65000.32,"[0.001,0.002,0.003,0.004,0.005,0.006,0.007,0.008,0.009000000000000001,0.01]",0.001,"[65000.12,65000.020000000004,64999.92,64999.82,64999.72,64999.62,64999.520000000004,64999.42,64999.32,64999.22]",65000.12,"[0.001,0.002,0.003,0.004,0.005,0.006,0.007,0.008,0.009000000000000001,0.01]",0.001,3922,mock,InstrumentType.Spot,615010352,mock,BTC-USDT
2199944884,0,0,1783610797108928173,101,depth,"[65000.33,65000.43,65000.530000000006,65000.630000000005,65000.73,65000.83,65000.93,65001.030000000006,65001.130000000005,65001.23]",65000.33,"[0.001,0.002,0.003,0.004,0.005,0.006,0.007,0.008,0.009000000000000001,0.01]",0.001,"[65000.130000000005,65000.030000000006,64999.93,64999.83,64999.73,64999.630000000005,64999.530000000006,64999.43,64999.33,64999.23]",65000.130000000005,"[0.001,0.002,0.003,0.004,0.005,0.006,0.007,0.008,0.009000000000000001,0.01]",0.001,3923,mock,InstrumentType.Spot,615010912,mock,BTC-USDT
2199944884,0,0,1783610797109237455,101,depth,"[65000.34,65000.439999999995,65000.54,65000.64,65000.74,65000.84,65000.939999999995,65001.04,65001.14,65001.24]",65000.34,"[0.001,0.002,0.003,0.004,0.005,0.006,0.007,0.008,0.009000000000000001,0.01]",0.001,"[65000.14,65000.04,64999.939999999995,64999.84,64999.74,64999.64,64999.54,64999.439999999995,64999.34,64999.24]",65000.14,"[0.001,0.002,0.003,0.004,0.005,0.006,0.007,0.008,0.009000000000000001,0.01]",0.001,3924,mock,InstrumentType.Spot,615011472,mock,BTC-USDT
2199944884,0,0,1783610797109529336,101,depth,"[65000.35,65000.45,65000.55,65000.65,65000.75,65000.85,65000.95,65001.05,65001.15,65001.25]",65000.35,"[0.001,0.002,0.003,0.004,0.005,0.006,0.007,0.008,0.009000000000000001,0.01]",0.001,"[65000.15,65000.05,64999.95,64999.85,64999.75,64999.65,64999.55,64999.45,64999.35,64999.25]",65000.15,"[0.001,0.002,0.003,0.004,0.005,0.006,0.007,0.008,0.009000000000000001,0.01]",0.001,3925,mock,InstrumentType.Spot,615012032,mock,BTC-USDT
2199944884,0,0,1783610797109828981,101,depth,"[65000.36,65000.46,65000.560000000005,65000.66,65000.76,65000.86,65000.96,65001.060000000005,65001.16,65001.26]",65000.36,"[0.001,0.002,0.003,0.004,0.005,0.006,0.007,0.008,0.009000000000000001,0.01]",0.001,"[65000.16,65000.060000000005,64999.96,64999.86,64999.76,64999.66,64999.560000000005,64999.46,64999.36,64999.26]",65000.16,"[0.001,0.002,0.003,0.004,0.005,0.006,0.007,0.008,0.009000000000000001,0.01]",0.001,3926,mock,InstrumentType.Spot,615012592,mock,BTC-USDT
2199944884,0,0,1783610797110128006,101,depth,"[65000.369999999995,65000.469999999994,65000.57,65000.67,65000.77,65000.869999999995,65000.969999999994,65001.07,65001.17,65001.27]",65000.369999999995,"[0.001,0.002,0.003,0.004,0.005,0.006,0.007,0.008,0.009000000000000001,0.01]",0.001,"[65000.17,65000.07,64999.969999999994,64999.869999999995,64999.77,64999.67,64999.57,64999.469999999994,64999.369999999995,64999.27]",65000.17,"[0.001,0.002,0.003,0.004,0.005,0.006,0.007,0.008,0.009000000000000001,0.01]",0.001,3927,mock,InstrumentType.Spot,615013152,mock,BTC-USDT
2199944884,0,0,1783610797110427947,101,depth,"[65000.38,65000.479999999996,65000.58,65000.68,65000.78,65000.88,65000.979999999996,65001.08,65001.18,65001.28]",65000.38,"[0.001,0.002,0.003,0.004,0.005,0.006,0.007,0.008,0.009000000000000001,0.01]",0.001,"[65000.18,65000.08,64999.979999999996,64999.88,64999.78,64999.68,64999.58,64999.479999999996,64999.38,64999.28]",65000.18,"[0.001,0.002,0.003,0.004,0.005,0.006,0.007,0.008,0.009000000000000001,0.01]",0.001,3928,mock,InstrumentType.Spot,615013712,mock,BTC-USDT
2199944884,0,0,1783610797110728281,101,depth,"[65000.39,65000.49,65000.590000000004,65000.69,65000.79,65000.89,65000.99,65001.090000000004,65001.19,65001.29]",65000.39,"[0.001,0.002,0.003,0.004,0.005,0.006,0.007,0.008,0.009000000000000001,0.01]",0.001,"[65000.19,65000.090000000004,64999.99,64999.89,64999.79,64999.69,64999.590000000004,64999.49,64999.39,64999.29]",65000.19,"[0.001,0.002,0.003,0.004,0.005,0.006,0.007,0.008,0.009000000000000001,0.01]",0.001,3929,mock,InstrumentType.Spot,615014272,mock,BTC-USDT
2199944884,0,0,1783610797111028191,101,depth,"[65000.4,65000.5,65000.600000000006,65000.700000000004,65000.8,65000.9,65001.0,65001.100000000006,65001.200000000004,65001.3]",65000.4,"[0.001,0.002,0.003,0.004,0.005,0.006,0.007,0.008,0.009000000000000001,0.01]",0.001,"[65000.200000000004,65000.100000000006,65000.0,64999.9,64999.8,64999.700000000004,64999.600000000006,64999.5,64999.4,64999.3]",65000.200000000004,"[0.001,0.002,0.003,0.004,0.005,0.006,0.007,0.008,0.009000000000000001,0.01]",0.001,3930,mock,InstrumentType.Spot,615014832,mock,BTC-USDT
2199944884,0,0,1783610797111328189,101,depth,"[65000.409999999996,65000.509999999995,65000.61,65000.71,65000.81,65000.909999999996,65001.009999999995,65001.11,65001.21,65001.31]",65000.409999999996,"[0.001,0.002,0.003,0.004,0.005,0.006,0.007,0.008,0.009000000000000001,0.01]",0.001,"[65000.21,65000.11,65000.009999999995,64999.909999999996,64999.81,64999.71,64999.61,64999.509999999995,64999.409999999996,64999.31]",65000.21,"[0.001,0.002,0.003,0.004,0.005,0.006,0.007,0.008,0.009000000000000001,0.01]",0.001,3931,mock,InstrumentType.Spot,615015392,mock,BTC-USDT
2199944884,0,0,1783610797111628418,101,depth,"[65000.42,65000.52,65000.62,65000.72,65000.82,65000.92,65001.02,65001.12,65001.22,65001.32]",65000.42,"[0.001,0.002,0.003,0.004,0.005,0.006,0.007,0.008,0.009000000000000001,0.01]",0.001,"[65000.22,65000.12,65000.02,64999.92,64999.82,64999.72,64999.62,64999.52,64999.42,64999.32]",65000.22,"[0.001,0.002,0.003,0.004,0.005,0.006,0.007,0.008,0.009000000000000001,0.01]",0.001,3932,mock,InstrumentType.Spot,615015952,mock,BTC-USDT
2199944884,0,0,1783610797111928643,101,depth,"[65000.43,65000.53,65000.630000000005,65000.73,65000.83,65000.93,65001.03,65001.130000000005,65001.23,65001.33]",65000.43,"[0.001,0.002,0.003,0.004,0.005,0.006,0.007,0.008,0.009000000000000001,0.01]",0.001,"[65000.23,65000.130000000005,65000.03,64999.93,64999.83,64999.73,64999.630000000005,64999.53,64999.43,64999.33]",65000.23,"[0.001,0.002,0.003,0.004,0.005,0.006,0.007,0.008,0.009000000000000001,0.01]",0.001,3933,mock,InstrumentType.Spot,615016512,mock,BTC-USDT
2199944884,0,0,1783610797112238201,101,depth,"[65000.439999999995,65000.53999999999,65000.64,65000.74,65000.84,65000.939999999995,65001.03999999999,65001.14,65001.24,65001.34]",65000.439999999995,"[0.001,0.002,0.003,0.004,0.005,0.006,0.007,0.008,0.009000000000000001,0.01]",0.001,"[65000.24,65000.14,65000.03999999999,64999.939999999995,64999.84,64999.74,64999.64,64999.53999999999,64999.439999999995,64999.34]",65000.24,"[0.001,0.002,0.003,0.004,0.005,0.006,0.007,0.008,0.009000000000000001,0.01]",0.001,3934,mock,InstrumentType.Spot,615017072,mock,BTC-USDT
2199944884,0,0,1783610797112528961,101,depth,"[65000.45,65000.549999999996,65000.65,65000.75,65000.85,65000.95,65001.049999999996,65001.15,65001.25,65001.35]",65000.45,"[0.001,0.002,0.003,0.004,0.005,0.006,0.007,0.008,0.009000000000000001,0.01]",0.001,"[65000.25,65000.15,65000.049999999996,64999.95,64999.85,64999.75,64999.65,64999.549999999996,64999.45,64999.35]",65000.25,"[0.001,0.002,0.003,0.004,0.005,0.006,0.007,0.008,0.009000000000000001,0.01]",0.001,3935,mock,InstrumentType.Spot,615017632,mock,BTC-USDT
2199944884,0,0,1783610797112829197,101,depth,"[65000.46,65000.56,65000.66,65000.76,65000.86,65000.96,65001.06,65001.16,65001.26,65001.36]",65000.46,"[0.001,0.002,0.003,0.004,0.005,0.006,0.007,0.008,0.009000000000000001,0.01]",0.001,"[65000.26,65000.16,65000.06,64999.96,64999.86,64999.76,64999.66,64999.56,64999.46,64999.36]",65000.26,"[0.001,0.002,0.003,0.004,0.005,0.006,0.007,0.008,0.009000000000000001,0.01]",0.001,3936,mock,InstrumentType.Spot,615018192,mock,BTC-USDT
2199944884,0,0,1783610797113128983,101,depth,"[65000.47,65000.57,65000.670000000006,65000.770000000004,65000.87,65000.97,65001.07,65001.170000000006,65001.270000000004,65001.37]",65000.47,"[0.001,0.002,0.003,0.004,0.005,0.006,0.007,0.008,0.009000000000000001,0.01]",0.001,"[65000.270000000004,65000.170000000006,65000.07,64999.97,64999.87,64999.770000000004,64999.670000000006,64999.57,64999.47,64999.37]",65000.270000000004,"[0.001,0.002,0.003,0.004,0.005,0.006,0.007,0.008,0.009000000000000001,0.01]",0.001,3937,mock,InstrumentType.Spot,615018752,mock,BTC-USDT
2199944884,0,0,1783610797113428797,101,depth,"[65000.479999999996,65000.579999999994,65000.68,65000.78,65000.88,65000.979999999996,65001.079999999994,65001.18,65001.28,65001.38]",65000.479999999996,"[0.001,0.002,0.003,0.004,0.005,0.006,0.007,0.008,0.009000000000000001,0.01]",0.001,"[65000.28,65000.18,65000.079999999994,64999.979999999996,64999.88,64999.78,64999.68,64999.579999999994,64999.479999999996,64999.38]",65000.28,"[0.001,0.002,0.003,0.004,0.005,0.006,0.007,0.008,0.009000000000000001,0.01]",0.001,3938,mock,InstrumentType.Spot,615019312,mock,BTC-USDT
2199944884,0,0,1783610797113729101,101,depth,"[65000.49,65000.59,65000.69,65000.79,65000.89,65000.99,65001.09,65001.19,65001.29,65001.39]",65000.49,"[0.001,0.002,0.003,0.004,0.005,0.006,0.007,0.008,0.009000000000000001,0.01]",0.001,"[65000.29,65000.19,65000.09,64999.99,64999.89,64999.79,64999.69,64999.59,64999.49,64999.39]",65000.29,"[0.001,0.002,0.003,0.004,0.005,0.006,0.007,0.008,0.009000000000000001,0.01]",0.001,3939,mock,InstrumentType.Spot,615019872,mock,BTC-USDT
2199944884,0,0,1783610797114029196,101,depth,"[65000.5,65000.6,65000.700000000004,65000.8,65000.9,65001.0,65001.1,65001.200000000004,65001.3,65001.4]",65000.5,"[0.001,0.002,0.003,0.004,0.005,0.006,0.007,0.008,0.009000000000000001,0.01]",0.001,"[65000.3,65000.200000000004,65000.1,65000.0,64999.9,64999.8,64999.700000000004,64999.6,64999.5,64999.4]",65000.3,"[0.001,0.002,0.003,0.004,0.005,0.006,0.007,0.008,0.009000000000000001,0.01]",0.001,3940,mock,InstrumentType.Spot,615020432,mock,BTC-USDT
2199944884,0,0,1783610797114329103,101,depth,"[65000.51,65000.61,65000.71000000001,65000.810000000005,65000.91,65001.01,65001.11,65001.21000000001,65001.310000000005,65001.41]",65000.51,"[0.001,0.002,0.003,0.004,0.005,0.006,0.007,0.008,0.009000000000000001,0.01]",0.001,"[65000.310000000005,65000.21000000001,65000.11,65000.01,64999.91,64999.810000000005,64999.71000000001,64999.61,64999.51,64999.41]",65000.310000000005,"[0.001,0.002,0.003,0.004,0.005,0.006,0.007,0.008,0.009000000000000001,0.01]",0.001,3941,mock,InstrumentType.Spot,615020992,mock,BTC-USDT
2199944884,0,0,1783610797114628742,101,depth,"[65000.52,65000.619999999995,65000.72,65000.82,65000.92,65001.02,65001.119999999995,65001.22,65001.32,65001.42]",65000.52,"[0.001,0.002,0.003,0.004,0.005,0.006,0.007,0.008,0.009000000000000001,0.01]",0.001,"[65000.32,65000.22,65000.119999999995,65000.02,64999.92,64999.82,64999.72,64999.619999999995,64999.52,64999.42]",65000.32,"[0.001,0.002,0.003,0.004,0.005,0.006,0.007,0.008,0.009000000000000001,0.01]",0.001,3942,mock,InstrumentType.Spot,615021552,mock,BTC-USDT
2199944884,0,0,1783610797114928790,101,depth,"[65000.53,65000.63,65000.73,65000.83,65000.93,65001.03,65001.13,65001.23,65001.33,65001.43]",65000.53,"[0.001,0.002,0.003,0.004,0.005,0.006,0.007,0.008,0.009000000000000001,0.01]",0.001,"[65000.33,65000.23,65000.13,65000.03,64999.93,64999.83,64999.73,64999.63,64999.53,64999.43]",65000.33,"[0.001,0.002,0.003,0.004,0.005,0.006,0.007,0.008,0.009000000000000001,0.01]",0.001,3943,mock,InstrumentType.Spot,615022112,mock,BTC-USDT
2199944884,0,0,1783610797115237005,101,depth,"[65000.54,65000.64,65000.740000000005,65000.840000000004,65000.94,65001.04,65001.14,65001.240000000005,65001.340000000004,65001.44]",65000.54,"[0.001,0.002,0.003,0.004,0.005,0.006,0.007,0.008,0.009000000000000001,0.01]",0.001,"[65000.340000000004,65000.240000000005,65000.14,65000.04,64999.94,64999.840000000004,64999.740000000005,64999.64,64999.54,64999.44]",65000.340000000004,"[0.001,0.002,0.003,0.004,0.005,0.006,0.007,0.008,0.009000000000000001,0.01]",0.001,3944,mock,InstrumentType.Spot,608384464,mock,BTC-USDT
2199944884,0,0,1783610797115529041,101,depth,"[65000.549999999996,65000.649999999994,65000.75,65000.85,65000.95,65001.049999999996,65001.149999999994,65001.25,65001.35,65001.45]",65000.549999999996,"[0.001,0.002,0.003,0.004,0.005,0.006,0.007,0.008,0.009000000000000001,0.01]",0.001,"[65000.35,65000.25,65000.149999999994,65000.049999999996,64999.95,64999.85,64999.75,64999.649999999994,64999.549999999996,64999.45]",65000.35,"[0.001,0.002,0.003,0.004,0.005,0.006,0.007,0.008,0.009000000000000001,0.01]",0.001,3945,mock,InstrumentType.Spot,608385024,mock,BTC-USDT
2199944884,0,0,1783610797115828423,101,depth,"[65000.56,65000.659999999996,65000.76,65000.86,65000.96,65001.06,65001.159999999996,65001.26,65001.36,65001.46]",65000.56,"[0.001,0.002,0.003,0.004,0.005,0.006,0.007,0.008,0.009000000000000001,0.01]",0.001,"[65000.36,65000.26,65000.159999999996,65000.06,64999.96,64999.86,64999.76,64999.659999999996,64999.56,64999.46]",65000.36,"[0.001,0.002,0.003,0.004,0.005,0.006,0.007,0.008,0.009000000000000001,0.01]",0.001,3946,mock,InstrumentType.Spot,608385584,mock,BTC-USDT
2199944884,0,0,1783610797116128872,101,depth,"[65000.57,65000.67,65000.770000000004,65000.87,65000.97,65001.07,65001.17,65001.270000000004,65001.37,65001.47]",65000.57,"[0.001,0.002,0.003,0.004,0.005,0.006,0.007,0.008,0.009000000000000001,0.01]",0.001,"[65000.37,65000.270000000004,65000.17,65000.07,64999.97,64999.87,64999.770000000004,64999.67,64999.57,64999.47]",65000.37,"[0.001,0.002,0.003,0.004,0.005,0.006,0.007,0.008,0.009000000000000001,0.01]",0.001,3947,mock,InstrumentType.Spot,615025904,mock,BTC-USDT
2199944884,0,0,1783610797116428444,101,depth,"[65000.58,65000.68,65000.780000000006,65000.880000000005,65000.98,65001.08,65001.18,65001.280000000006,65001.380000000005,65001.48]",65000.58,"[0.001,0.002,0.003,0.004,0.005,0.006,0.007,0.008,0.009000000000000001,0.01]",0.001,"[65000.380000000005,65000.280000000006,65000.18,65000.08,64999.98,64999.880000000005,64999.780000000006,64999.68,64999.58,64999.48]",65000.380000000005,"[0.001,0.002,0.003,0.004,0.005,0.006,0.007,0.008,0.009000000000000001,0.01]",0.001,3948,mock,InstrumentType.Spot,615026464,mock,BTC-USDT
2199944884,0,0,1783610797116728191,101,depth,"[65000.59,65000.689999999995,65000.79,65000.89,65000.99,65001.09,65001.189999999995,65001.29,65001.39,65001.49]",65000.59,"[0.001,0.002,0.003,0.004,0.005,0.006,0.007,0.008,0.009000000000000001,0.01]",0.001,"[65000.39,65000.29,65000.189999999995,65000.09,64999.99,64999.89,64999.79,64999.689999999995,64999.59,64999.49]",65000.39,"[0.001,0.002,0.003,0.004,0.005,0.006,0.007,0.008,0.009000000000000001,0.01]",0.001,3949,mock,InstrumentType.Spot,615027024,mock,BTC-USDT
2199944884,0,0,1783610797117028130,101,depth,"[65000.6,65000.7,65000.8,65000.9,65001.0,65001.1,65001.2,65001.3,65001.4,65001.5]",65000.6,"[0.001,0.002,0.003,0.004,0.005,0.006,0.007,0.008,0.009000000000000001,0.01]",0.001,"[65000.4,65000.3,65000.2,65000.1,65000.0,64999.9,64999.8,64999.7,64999.6,64999.5]",65000.4,"[0.001,0.002,0.003,0.004,0.005,0.006,0.007,0.008,0.009000000000000001,0.01]",0.001,3950,mock,InstrumentType.Spot,615027584,mock,BTC-USDT
2199944884,0,0,1783610797117328193,101,depth,"[65000.61,65000.71,65000.810000000005,65000.91,65001.01,65001.11,65001.21,65001.310000000005,65001.41,65001.51]",65000.61,"[0.001,0.002,0.003,0.004,0.005,0.006,0.007,0.008,0.009000000000000001,0.01]",0.001,"[65000.41,65000.310000000005,65000.21,65000.11,65000.01,64999.91,64999.810000000005,64999.71,64999.61,64999.51]",65000.41,"[0.001,0.002,0.003,0.004,0.005,0.006,0.007,0.008,0.009000000000000001,0.01]",0.001,3951,mock,InstrumentType.Spot,615028144,mock,BTC-USDT
2199944884,0,0,1783610797117627784,101,depth,"[65000.619999999995,65000.719999999994,65000.82,65000.92,65001.02,65001.119999999995,65001.219999999994,65001.32,65001.42,65001.52]",65000.619999999995,"[0.001,0.002,0.003,0.004,0.005,0.006,0.007,0.008,0.009000000000000001,0.01]",0.001,"[65000.42,65000.32,65000.219999999994,65000.119999999995,65000.02,64999.92,64999.82,64999.719999999994,64999.619999999995,64999.52]",65000.42,"[0.001,0.002,0.003,0.004,0.005,0.006,0.007,0.008,0.009000000000000001,0.01]",0.001,3952,mock,InstrumentType.Spot,615028704,mock,BTC-USDT
2199944884,0,0,1783610797117932955,101,depth,"[65000.63,65000.729999999996,65000.83,65000.93,65001.03,65001.13,65001.229999999996,65001.33,65001.43,65001.53]",65000.63,"[0.001,0.002,0.003,0.004,0.005,0.006,0.007,0.008,0.009000000000000001,0.01]",0.001,"[65000.43,65000.33,65000.229999999996,65000.13,65000.03,64999.93,64999.83,64999.729999999996,64999.63,64999.53]",65000.43,"[0.001,0.002,0.003,0.004,0.005,0.006,0.007,0.008,0.009000000000000001,0.01]",0.001,3953,mock,InstrumentType.Spot,615029264,mock,BTC-USDT
2199944884,0,0,1783610797118228064,101,depth,"[65000.64,65000.74,65000.840000000004,65000.94,65001.04,65001.14,65001.24,65001.340000000004,65001.44,65001.54]",65000.64,"[0.001,0.002,0.003,0.004,0.005,0.006,0.007,0.008,0.009000000000000001,0.01]",0.001,"[65000.44,65000.340000000004,65000.24,65000.14,65000.04,64999.94,64999.840000000004,64999.74,64999.64,64999.54]",65000.44,"[0.001,0.002,0.003,0.004,0.005,0.006,0.007,0.008,0.009000000000000001,0.01]",0.001,3954,mock,InstrumentType.Spot,615029824,mock,BTC-USDT
2199944884,0,0,1783610797118534304,101,depth,"[65000.65,65000.75,65000.850000000006,65000.950000000004,65001.05,65001.15,65001.25,65001.350000000006,65001.450000000004,65001.55]",65000.65,"[0.001,0.002,0.003,0.004,0.005,0.006,0.007,0.008,0.009000000000000001,0.01]",0.001,"[65000.450000000004,65000.350000000006,65000.25,65000.15,65000.05,64999.950000000004,64999.850000000006,64999.75,64999.65,64999.55]",65000.450000000004,"[0.001,0.002,0.003,0.004,0.005,0.006,0.007,0.008,0.009000000000000001,0.01]",0.001,3955,mock,InstrumentType.Spot,615030384,mock,BTC-USDT
2199944884,0,0,1783610797118830955,101,depth,"[65000.659999999996,65000.759999999995,65000.86,65000.96,65001.06,65001.159999999996,65001.259999999995,65001.36,65001.46,65001.56]",65000.659999999996,"[0.001,0.002,0.003,0.004,0.005,0.006,0.007,0.008,0.009000000000000001,0.01]",0.001,"[65000.46,65000.36,65000.259999999995,65000.159999999996,65000.06,64999.96,64999.86,64999.759999999995,64999.659999999996,64999.56]",65000.46,"[0.001,0.002,0.003,0.004,0.005,0.006,0.007,0.008,0.009000000000000001,0.01]",0.001,3956,mock,InstrumentType.Spot,615030944,mock,BTC-USDT
2199944884,0,0,1783610797119128672,101,depth,"[65000.67,65000.77,65000.87,65000.97,65001.07,65001.17,65001.27,65001.37,65001.47,65001.57]",65000.67,"[0.001,0.002,0.003,0.004,0.005,0.006,0.007,0.008,0.009000000000000001,0.01]",0.001,"[65000.47,65000.37,65000.27,65000.17,65000.07,64999.97,64999.87,64999.77,64999.67,64999.57]",65000.47,"[0.001,0.002,0.003,0.004,0.005,0.006,0.007,0.008,0.009000000000000001,0.01]",0.001,3957,mock,InstrumentType.Spot,615031504,mock,BTC-USDT
2199944884,0,0,1783610797119428332,101,depth,"[65000.68,65000.78,65000.880000000005,65000.98,65001.08,65001.18,65001.28,65001.380000000005,65001.48,65001.58]",65000.68,"[0.001,0.002,0.003,0.004,0.005,0.006,0.007,0.008,0.009000000000000001,0.01]",0.001,"[65000.48,65000.380000000005,65000.28,65000.18,65000.08,64999.98,64999.880000000005,64999.78,64999.68,64999.58]",65000.48,"[0.001,0.002,0.003,0.004,0.005,0.006,0.007,0.008,0.009000000000000001,0.01]",0.001,3958,mock,InstrumentType.Spot,615032064,mock,BTC-USDT
2199944884,0,0,1783610797119728199,101,depth,"[65000.689999999995,65000.78999999999,65000.89,65000.99,65001.09,65001.189999999995,65001.28999999999,65001.39,65001.49,65001.59]",65000.689999999995,"[0.001,0.002,0.003,0.004,0.005,0.006,0.007,0.008,0.009000000000000001,0.01]",0.001,"[65000.49,65000.39,65000.28999999999,65000.189999999995,65000.09,64999.99,64999.89,64999.78999999999,64999.689999999995,64999.59]",65000.49,"[0.001,0.002,0.003,0.004,0.005,0.006,0.007,0.008,0.009000000000000001,0.01]",0.001,3959,mock,InstrumentType.Spot,615032624,mock,BTC-USDT
2199944884,0,0,1783610797120028258,101,depth,"[65000.7,65000.799999999996,65000.9,65001.0,65001.1,65001.2,65001.299999999996,65001.4,65001.5,65001.6]",65000.7,"[0.001,0.002,0.003,0.004,0.005,0.006,0.007,0.008,0.009000000000000001,0.01]",0.001,"[65000.5,65000.4,65000.299999999996,65000.2,65000.1,65000.0,64999.9,64999.799999999996,64999.7,64999.6]",65000.5,"[0.001,0.002,0.003,0.004,0.005,0.006,0.007,0.008,0.009000000000000001,0.01]",0.001,3960,mock,InstrumentType.Spot,615033184,mock,BTC-USDT
2199944884,0,0,1783610797120327895,101,depth,"[65000.71,65000.81,65000.91,65001.01,65001.11,65001.21,65001.31,65001.41,65001.51,65001.61]",65000.71,"[0.001,0.002,0.003,0.004,0.005,0.006,0.007,0.008,0.009000000000000001,0.01]",0.001,"[65000.51,65000.41,65000.31,65000.21,65000.11,65000.01,64999.91,64999.81,64999.71,64999.61]",65000.51,"[0.001,0.002,0.003,0.004,0.005,0.006,0.007,0.008,0.009000000000000001,0.01]",0.001,3961,mock,InstrumentType.Spot,615033744,mock,BTC-USDT
2199944884,0,0,1783610797120627997,101,depth,"[65000.72,65000.82,65000.920000000006,65001.020000000004,65001.12,65001.22,65001.32,65001.420000000006,65001.520000000004,65001.62]",65000.72,"[0.001,0.002,0.003,0.004,0.005,0.006,0.007,0.008,0.009000000000000001,0.01]",0.001,"[65000.520000000004,65000.420000000006,65000.32,65000.22,65000.12,65000.020000000004,64999.920000000006,64999.82,64999.72,64999.62]",65000.520000000004,"[0.001,0.002,0.003,0.004,0.005,0.006,0.007,0.008,0.009000000000000001,0.01]",0.001,3962,mock,InstrumentType.Spot,615034304,mock,BTC-USDT
2199944884,0,0,1783610797120944103,101,depth,"[65000.729999999996,65000.829999999994,65000.93,65001.03,65001.13,65001.229999999996,65001.329999999994,65001.43,65001.53,65001.63]",65000.729999999996,"[0.001,0.002,0.003,0.004,0.005,0.006,0.007,0.008,0.009000000000000001,0.01]",0.001,"[65000.53,65000.43,65000.329999999994,65000.229999999996,65000.13,65000.03,64999.93,64999.829999999994,64999.729999999996,64999.63]",65000.53,"[0.001,0.002,0.003,0.004,0.005,0.006,0.007,0.008,0.009000000000000001,0.01]",0.001,3963,mock,InstrumentType.Spot,615034864,mock,BTC-USDT
2199944884,0,0,1783610797121228320,101,depth,"[65000.74,65000.84,65000.94,65001.04,65001.14,65001.24,65001.34,65001.44,65001.54,65001.64]",65000.74,"[0.001,0.002,0.003,0.004,0.005,0.006,0.007,0.008,0.009000000000000001,0.01]",0.001,"[65000.54,65000.44,65000.34,65000.24,65000.14,65000.04,64999.94,64999.84,64999.74,64999.64]",65000.54,"[0.001,0.002,0.003,0.004,0.005,0.006,0.007,0.008,0.009000000000000001,0.01]",0.001,3964,mock,InstrumentType.Spot,615035424,mock,BTC-USDT
2199944884,0,0,1783610797121528148,101,depth,"[65000.75,65000.85,65000.950000000004,65001.05,65001.15,65001.25,65001.35,65001.450000000004,65001.55,65001.65]",65000.75,"[0.001,0.002,0.003,0.004,0.005,0.006,0.007,0.008,0.009000000000000001,0.01]",0.001,"[65000.55,65000.450000000004,65000.35,65000.25,65000.15,65000.05,64999.950000000004,64999.85,64999.75,64999.65]",65000.55,"[0.001,0.002,0.003,0.004,0.005,0.006,0.007,0.008,0.009000000000000001,0.01]",0.001,3965,mock,InstrumentType.Spot,615035984,mock,BTC-USDT
2199944884,0,0,1783610797121828450,101,depth,"[65000.76,65000.86,65000.96000000001,65001.060000000005,65001.16,65001.26,65001.36,65001.46000000001,65001.560000000005,65001.66]",65000.76,"[0.001,0.002,0.003,0.004,0.005,0.006,0.007,0.008,0.009000000000000001,0.01]",0.001,"[65000.560000000005,65000.46000000001,65000.36,65000.26,65000.16,65000.060000000005,64999.96000000001,64999.86,64999.76,64999.66]",65000.560000000005,"[0.001,0.002,0.003,0.004,0.005,0.006,0.007,0.008,0.009000000000000001,0.01]",0.001,3966,mock,InstrumentType.Spot,615036544,mock,BTC-USDT
2199944884,0,0,1783610797122128628,101,depth,"[65000.77,65000.869999999995,65000.97,65001.07,65001.17,65001.27,65001.369999999995,65001.47,65001.57,65001.67]",65000.77,"[0.001,0.002,0.003,0.004,0.005,0.006,0.007,0.008,0.009000000000000001,0.01]",0.001,"[65000.57,65000.47,65000.369999999995,65000.27,65000.17,65000.07,64999.97,64999.869999999995,64999.77,64999.67]",65000.57,"[0.001,0.002,0.003,0.004,0.005,0.006,0.007,0.008,0.009000000000000001,0.01]",0.001,3967,mock,InstrumentType.Spot,615037104,mock,BTC-USDT
2199944884,0,0,1783610797122428492,101,depth,"[65000.78,65000.88,65000.98,65001.08,65001.18,65001.28,65001.38,65001.48,65001.58,65001.68]",65000.78,"[0.001,0.002,0.003,0.004,0.005,0.006,0.007,0.008,0.009000000000000001,0.01]",0.001,"[65000.58,65000.48,65000.38,65000.28,65000.18,65000.08,64999.98,64999.88,64999.78,64999.68]",65000.58,"[0.001,0.002,0.003,0.004,0.005,0.006,0.007,0.008,0.009000000000000001,0.01]",0.001,3968,mock,InstrumentType.Spot,615037664,mock,BTC-USDT
2199944884,0,0,1783610797122728815,101,depth,"[65000.79,65000.89,65000.990000000005,65001.090000000004,65001.19,65001.29,65001.39,65001.490000000005,65001.590000000004,65001.69]",65000.79,"[0.001,0.002,0.003,0.004,0.005,0.006,0.007,0.008,0.009000000000000001,0.01]",0.001,"[65000.590000000004,65000.490000000005,65000.39,65000.29,65000.19,65000.090000000004,64999.990000000005,64999.89,64999.79,64999.69]",65000.590000000004,"[0.001,0.002,0.003,0.004,0.005,0.006,0.007,0.008,0.009000000000000001,0.01]",0.001,3969,mock,InstrumentType.Spot,615038224,mock,BTC-USDT
2199944884,0,0,1783610797123028968,101,depth,"[65000.799999999996,65000.899999999994,65001.0,65001.1,65001.2,65001.299999999996,65001.399999999994,65001.5,65001.6,65001.7]",65000.799999999996,"[0.001,0.002,0.003,0.004,0.005,0.006,0.007,0.008,0.009000000000000001,0.01]",0.001,"[65000.6,65000.5,65000.399999999994,65000.299999999996,65000.2,65000.1,65000.0,64999.899999999994,64999.799999999996,64999.7]",65000.6,"[0.001,0.002,0.003,0.004,0.005,0.006,0.007,0.008,0.009000000000000001,0.01]",0.001,3970,mock,InstrumentType.Spot,615038784,mock,BTC-USDT
2199944884,0,0,1783610797123328805,101,depth,"[65000.81,65000.909999999996,65001.01,65001.11,65001.21,65001.31,65001.409999999996,65001.51,65001.61,65001.71]",65000.81,"[0.001,0.002,0.003,0.004,0.005,0.006,0.007,0.008,0.009000000000000001,0.01]",0.001,"[65000.61,65000.51,65000.409999999996,65000.31,65000.21,65000.11,65000.01,64999.909999999996,64999.81,64999.71]",65000.61,"[0.001,0.002,0.003,0.004,0.005,0.006,0.007,0.008,0.009000000000000001,0.01]",0.001,3971,mock,InstrumentType.Spot,615039344,mock,BTC-USDT
2199944884,0,0,1783610797123715527,101,depth,"[65000.82,65000.92,65001.020000000004,65001.12,65001.22,65001.32,65001.42,65001.520000000004,65001.62,65001.72]",65000.82,"[0.001,0.002,0.003,0.004,0.005,0.006,0.007,0.008,0.009000000000000001,0.01]",0.001,"[65000.62,65000.520000000004,65000.42,65000.32,65000.22,65000.12,65000.020000000004,64999.92,64999.82,64999.72]",65000.62,"[0.001,0.002,0.003,0.004,0.005,0.006,0.007,0.008,0.009000000000000001,0.01]",0.001,3972,mock,InstrumentType.Spot,615039904,mock,BTC-USDT
2199944884,0,0,1783610797123929767,101,depth,"[65000.83,65000.93,65001.030000000006,65001.130000000005,65001.23,65001.33,65001.43,65001.530000000006,65001.630000000005,65001.73]",65000.83,"[0.001,0.002,0.003,0.004,0.005,0.006,0.007,0.008,0.009000000000000001,0.01]",0.001,"[65000.630000000005,65000.530000000006,65000.43,65000.33,65000.23,65000.130000000005,65000.030000000006,64999.93,64999.83,64999.73]",65000.630000000005,"[0.001,0.002,0.003,0.004,0.005,0.006,0.007,0.008,0.009000000000000001,0.01]",0.001,3973,mock,InstrumentType.Spot,615040464,mock,BTC-USDT
2199944884,0,0,1783610797124229301,101,depth,"[65000.84,65000.939999999995,65001.04,65001.14,65001.24,65001.34,65001.439999999995,65001.54,65001.64,65001.74]",65000.84,"[0.001,0.002,0.003,0.004,0.005,0.006,0.007,0.008,0.009000000000000001,0.01]",0.001,"[65000.64,65000.54,65000.439999999995,65000.34,65000.24,65000.14,65000.04,64999.939999999995,64999.84,64999.74]",65000.64,"[0.001,0.002,0.003,0.004,0.005,0.006,0.007,0.008,0.009000000000000001,0.01]",0.001,3974,mock,InstrumentType.Spot,615041024,mock,BTC-USDT
2199944884,0,0,1783610797124529081,101,depth,"[65000.85,65000.95,65001.05,65001.15,65001.25,65001.35,65001.45,65001.55,65001.65,65001.75]",65000.85,"[0.001,0.002,0.003,0.004,0.005,0.006,0.007,0.008,0.009000000000000001,0.01]",0.001,"[65000.65,65000.55,65000.45,65000.35,65000.25,65000.15,65000.05,64999.95,64999.85,64999.75]",65000.65,"[0.001,0.002,0.003,0.004,0.005,0.006,0.007,0.008,0.009000000000000001,0.01]",0.001,3975,mock,InstrumentType.Spot,615041584,mock,BTC-USDT
2199944884,0,0,1783610797124828772,101,depth,"[65000.86,65000.96,65001.060000000005,65001.16,65001.26,65001.36,65001.46,65001.560000000005,65001.66,65001.76]",65000.86,"[0.001,0.002,0.003,0.004,0.005,0.006,0.007,0.008,0.009000000000000001,0.01]",0.001,"[65000.66,65000.560000000005,65000.46,65000.36,65000.26,65000.16,65000.060000000005,64999.96,64999.86,64999.76]",65000.66,"[0.001,0.002,0.003,0.004,0.005,0.006,0.007,0.008,0.009000000000000001,0.01]",0.001,3976,mock,InstrumentType.Spot,615042144,mock,BTC-USDT
2199944884,0,0,1783610797125128941,101,depth,"[65000.869999999995,65000.969999999994,65001.07,65001.17,65001.27,65001.369999999995,65001.469999999994,65001.57,65001.67,65001.77]",65000.869999999995,"[0.001,0.002,0.003,0.004,0.005,0.006,0.007,0.008,0.009000000000000001,0.01]",0.001,"[65000.67,65000.57,65000.469999999994,65000.369999999995,65000.27,65000.17,65000.07,64999.969999999994,64999.869999999995,64999.77]",65000.67,"[0.001,0.002,0.003,0.004,0.005,0.006,0.007,0.008,0.009000000000000001,0.01]",0.001,3977,mock,InstrumentType.Spot,615042704,mock,BTC-USDT
2199944884,0,0,1783610797125428881,101,depth,"[65000.88,65000.979999999996,65001.08,65001.18,65001.28,65001.38,65001.479999999996,65001.58,65001.68,65001.78]",65000.88,"[0.001,0.002,0.003,0.004,0.005,0.006,0.007,0.008,0.009000000000000001,0.01]",0.001,"[65000.68,65000.58,65000.479999999996,65000.38,65000.28,65000.18,65000.08,64999.979999999996,64999.88,64999.78]",65000.68,"[0.001,0.002,0.003,0.004,0.005,0.006,0.007,0.008,0.009000000000000001,0.01]",0.001,3978,mock,InstrumentType.Spot,615043264,mock,BTC-USDT
2199944884,0,0,1783610797125728422,101,depth,"[65000.89,65000.99,65001.090000000004,65001.19,65001.29,65001.39,65001.49,65001.590000000004,65001.69,65001.79]",65000.89,"[0.001,0.002,0.003,0.004,0.005,0.006,0.007,0.008,0.009000000000000001,0.01]",0.001,"[65000.69,65000.590000000004,65000.49,65000.39,65000.29,65000.19,65000.090000000004,64999.99,64999.89,64999.79]",65000.69,"[0.001,0.002,0.003,0.004,0.005,0.006,0.007,0.008,0.009000000000000001,0.01]",0.001,3979,mock,InstrumentType.Spot,615043824,mock,BTC-USDT
2199944884,0,0,1783610797126028593,101,depth,"[65000.9,65001.0,65001.100000000006,65001.200000000004,65001.3,65001.4,65001.5,65001.600000000006,65001.700000000004,65001.8]",65000.9,"[0.001,0.002,0.003,0.004,0.005,0.006,0.007,0.008,0.009000000000000001,0.01]",0.001,"[65000.700000000004,65000.600000000006,65000.5,65000.4,65000.3,65000.200000000004,65000.100000000006,65000.0,64999.9,64999.8]",65000.700000000004,"[0.001,0.002,0.003,0.004,0.005,0.006,0.007,0.008,0.009000000000000001,0.01]",0.001,3980,mock,InstrumentType.Spot,615044384,mock,BTC-USDT
2199944884,0,0,1783610797126328504,101,depth,"[65000.909999999996,65001.009999999995,65001.11,65001.21,65001.31,65001.409999999996,65001.509999999995,65001.61,65001.71,65001.81]",65000.909999999996,"[0.001,0.002,0.003,0.004,0.005,0.006,0.007,0.008,0.009000000000000001,0.01]",0.001,"[65000.71,65000.61,65000.509999999995,65000.409999999996,65000.31,65000.21,65000.11,65000.009999999995,64999.909999999996,64999.81]",65000.71,"[0.001,0.002,0.003,0.004,0.005,0.006,0.007,0.008,0.009000000000000001,0.01]",0.001,3981,mock,InstrumentType.Spot,615044944,mock,BTC-USDT
2199944884,0,0,1783610797126637197,101,depth,"[65000.92,65001.02,65001.12,65001.22,65001.32,65001.42,65001.52,65001.62,65001.72,65001.82]",65000.92,"[0.001,0.002,0.003,0.004,0.005,0.006,0.007,0.008,0.009000000000000001,0.01]",0.001,"[65000.72,65000.62,65000.52,65000.42,65000.32,65000.22,65000.12,65000.02,64999.92,64999.82]",65000.72,"[0.001,0.002,0.003,0.004,0.005,0.006,0.007,0.008,0.009000000000000001,0.01]",0.001,3982,mock,InstrumentType.Spot,615045504,mock,BTC-USDT
2199944884,0,0,1783610797126928250,101,depth,"[65000.93,65001.03,65001.130000000005,65001.23,65001.33,65001.43,65001.53,65001.630000000005,65001.73,65001.83]",65000.93,"[0.001,0.002,0.003,0.004,0.005,0.006,0.007,0.008,0.009000000000000001,0.01]",0.001,"[65000.73,65000.630000000005,65000.53,65000.43,65000.33,65000.23,65000.130000000005,65000.03,64999.93,64999.83]",65000.73,"[0.001,0.002,0.003,0.004,0.005,0.006,0.007,0.008,0.009000000000000001,0.01]",0.001,3983,mock,InstrumentType.Spot,615046064,mock,BTC-USDT
2199944884,0,0,1783610797127228157,101,depth,"[65000.939999999995,65001.03999999999,65001.14,65001.24,65001.34,65001.439999999995,65001.53999999999,65001.64,65001.74,65001.84]",65000.939999999995,"[0.001,0.002,0.003,0.004,0.005,0.006,0.007,0.008,0.009000000000000001,0.01]",0.001,"[65000.74,65000.64,65000.53999999999,65000.439999999995,65000.34,65000.24,65000.14,65000.03999999999,64999.939999999995,64999.84]",65000.74,"[0.001,0.002,0.003,0.004,0.005,0.006,0.007,0.008,0.009000000000000001,0.01]",0.001,3984,mock,InstrumentType.Spot,615046624,mock,BTC-USDT
2199944884,0,0,1783610797127528105,101,depth,"[65000.95,65001.049999999996,65001.15,65001.25,65001.35,65001.45,65001.549999999996,65001.65,65001.75,65001.85]",65000.95,"[0.001,0.002,0.003,0.004,0.005,0.006,0.007,0.008,0.009000000000000001,0.01]",0.001,"[65000.75,65000.65,65000.549999999996,65000.45,65000.35,65000.25,65000.15,65000.049999999996,64999.95,64999.85]",65000.75,"[0.001,0.002,0.003,0.004,0.005,0.006,0.007,0.008,0.009000000000000001,0.01]",0.001,3985,mock,InstrumentType.Spot,615047184,mock,BTC-USDT
2199944884,0,0,1783610797127827943,101,depth,"[65000.96,65001.06,65001.16,65001.26,65001.36,65001.46,65001.56,65001.66,65001.76,65001.86]",65000.96,"[0.001,0.002,0.003,0.004,0.005,0.006,0.007,0.008,0.009000000000000001,0.01]",0.001,"[65000.76,65000.66,65000.56,65000.46,65000.36,65000.26,65000.16,65000.06,64999.96,64999.86]",65000.76,"[0.001,0.002,0.003,0.004,0.005,0.006,0.007,0.008,0.009000000000000001,0.01]",0.001,3986,mock,InstrumentType.Spot,615047744,mock,BTC-USDT
2199944884,0,0,1783610797128128005,101,depth,"[65000.97,65001.07,65001.170000000006,65001.270000000004,65001.37,65001.47,65001.57,65001.670000000006,65001.770000000004,65001.87]",65000.97,"[0.001,0.002,0.003,0.004,0.005,0.006,0.007,0.008,0.009000000000000001,0.01]",0.001,"[65000.770000000004,65000.670000000006,65000.57,65000.47,65000.37,65000.270000000004,65000.170000000006,65000.07,64999.97,64999.87]",65000.770000000004,"[0.001,0.002,0.003,0.004,0.005,0.006,0.007,0.008,0.009000000000000001,0.01]",0.001,3987,mock,InstrumentType.Spot,615048304,mock,BTC-USDT
2199944884,0,0,1783610797128427813,101,depth,"[65000.979999999996,65001.079999999994,65001.18,65001.28,65001.38,65001.479999999996,65001.579999999994,65001.68,65001.78,65001.88]",65000.979999999996,"[0.001,0.002,0.003,0.004,0.005,0.006,0.007,0.008,0.009000000000000001,0.01]",0.001,"[65000.78,65000.68,65000.579999999994,65000.479999999996,65000.38,65000.28,65000.18,65000.079999999994,64999.979999999996,64999.88]",65000.78,"[0.001,0.002,0.003,0.004,0.005,0.006,0.007,0.008,0.009000000000000001,0.01]",0.001,3988,mock,InstrumentType.Spot,615048864,mock,BTC-USDT
2199944884,0,0,1783610797128728228,101,depth,"[65000.99,65001.09,65001.19,65001.29,65001.39,65001.49,65001.59,65001.69,65001.79,65001.89]",65000.99,"[0.001,0.002,0.003,0.004,0.005,0.006,0.007,0.008,0.009000000000000001,0.01]",0.001,"[65000.79,65000.69,65000.59,65000.49,65000.39,65000.29,65000.19,65000.09,64999.99,64999.89]",65000.79,"[0.001,0.002,0.003,0.004,0.005,0.006,0.007,0.008,0.009000000000000001,0.01]",0.001,3989,mock,InstrumentType.Spot,615049424,mock,BTC-USDT
2199944884,0,0,1783610797129028203,101,depth,"[65001.0,65001.1,65001.200000000004,65001.3,65001.4,65001.5,65001.6,65001.700000000004,65001.8,65001.9]",65001.0,"[0.001,0.002,0.003,0.004,0.005,0.006,0.007,0.008,0.009000000000000001,0.01]",0.001,"[65000.8,65000.700000000004,65000.6,65000.5,65000.4,65000.3,65000.200000000004,65000.1,65000.0,64999.9]",65000.8,"[0.001,0.002,0.003,0.004,0.005,0.006,0.007,0.008,0.009000000000000001,0.01]",0.001,3990,mock,InstrumentType.Spot,615049984,mock,BTC-USDT
2199944884,0,0,1783610797129335775,101,depth,"[65001.01,65001.11,65001.21000000001,65001.310000000005,65001.41,65001.51,65001.61,65001.71000000001,65001.810000000005,65001.91]",65001.01,"[0.001,0.002,0.003,0.004,0.005,0.006,0.007,0.008,0.009000000000000001,0.01]",0.001,"[65000.810000000005,65000.71000000001,65000.61,65000.51,65000.41,65000.310000000005,65000.21000000001,65000.11,65000.01,64999.91]",65000.810000000005,"[0.001,0.002,0.003,0.004,0.005,0.006,0.007,0.008,0.009000000000000001,0.01]",0.001,3991,mock,InstrumentType.Spot,615050544,mock,BTC-USDT
2199944884,0,0,1783610797129628609,101,depth,"[65001.02,65001.119999999995,65001.22,65001.32,65001.42,65001.52,65001.619999999995,65001.72,65001.82,65001.92]",65001.02,"[0.001,0.002,0.003,0.004,0.005,0.006,0.007,0.008,0.009000000000000001,0.01]",0.001,"[65000.82,65000.72,65000.619999999995,65000.52,65000.42,65000.32,65000.22,65000.119999999995,65000.02,64999.92]",65000.82,"[0.001,0.002,0.003,0.004,0.005,0.006,0.007,0.008,0.009000000000000001,0.01]",0.001,3992,mock,InstrumentType.Spot,615051104,mock,BTC-USDT
2199944884,0,0,1783610797129994480,101,depth,"[65001.03,65001.13,65001.23,65001.33,65001.43,65001.53,65001.63,65001.73,65001.83,65001.93]",65001.03,"[0.001,0.002,0.003,0.004,0.005,0.006,0.007,0.008,0.009000000000000001,0.01]",0.001,"[65000.83,65000.73,65000.63,65000.53,65000.43,65000.33,65000.23,65000.13,65000.03,64999.93]",65000.83,"[0.001,0.002,0.003,0.004,0.005,0.006,0.007,0.008,0.009000000000000001,0.01]",0.001,3993,mock,InstrumentType.Spot,615051664,mock,BTC-USDT
2199944884,0,0,1783610797130229683,101,depth,"[65001.04,65001.14,65001.240000000005,65001.340000000004,65001.44,65001.54,65001.64,65001.740000000005,65001.840000000004,65001.94]",65001.04,"[0.001,0.002,0.003,0.004,0.005,0.006,0.007,0.008,0.009000000000000001,0.01]",0.001,"[65000.840000000004,65000.740000000005,65000.64,65000.54,65000.44,65000.340000000004,65000.240000000005,65000.14,65000.04,64999.94]",65000.840000000004,"[0.001,0.002,0.003,0.004,0.005,0.006,0.007,0.008,0.009000000000000001,0.01]",0.001,3994,mock,InstrumentType.Spot,615052224,mock,BTC-USDT
2199944884,0,0,1783610797130528546,101,depth,"[65001.049999999996,65001.149999999994,65001.25,65001.35,65001.45,65001.549999999996,65001.649999999994,65001.75,65001.85,65001.95]",65001.049999999996,"[0.001,0.002,0.003,0.004,0.005,0.006,0.007,0.008,0.009000000000000001,0.01]",0.001,"[65000.85,65000.75,65000.649999999994,65000.549999999996,65000.45,65000.35,65000.25,65000.149999999994,65000.049999999996,64999.95]",65000.85,"[0.001,0.002,0.003,0.004,0.005,0.006,0.007,0.008,0.009000000000000001,0.01]",0.001,3995,mock,InstrumentType.Spot,615052784,mock,BTC-USDT
2199944884,0,0,1783610797130828545,101,depth,"[65001.06,65001.159999999996,65001.26,65001.36,65001.46,65001.56,65001.659999999996,65001.76,65001.86,65001.96]",65001.06,"[0.001,0.002,0.003,0.004,0.005,0.006,0.007,0.008,0.009000000000000001,0.01]",0.001,"[65000.86,65000.76,65000.659999999996,65000.56,65000.46,65000.36,65000.26,65000.159999999996,65000.06,64999.96]",65000.86,"[0.001,0.002,0.003,0.004,0.005,0.006,0.007,0.008,0.009000000000000001,0.01]",0.001,3996,mock,InstrumentType.Spot,615053344,mock,BTC-USDT
2199944884,0,0,1783610797131128233,101,depth,"[65001.07,65001.17,65001.270000000004,65001.37,65001.47,65001.57,65001.67,65001.770000000004,65001.87,65001.97]",65001.07,"[0.001,0.002,0.003,0.004,0.005,0.006,0.007,0.008,0.009000000000000001,0.01]",0.001,"[65000.87,65000.770000000004,65000.67,65000.57,65000.47,65000.37,65000.270000000004,65000.17,65000.07,64999.97]",65000.87,"[0.001,0.002,0.003,0.004,0.005,0.006,0.007,0.008,0.009000000000000001,0.01]",0.001,3997,mock,InstrumentType.Spot,615053904,mock,BTC-USDT
2199944884,0,0,1783610797131428237,101,depth,"[65001.08,65001.18,65001.280000000006,65001.380000000005,65001.48,65001.58,65001.68,65001.780000000006,65001.880000000005,65001.98]",65001.08,"[0.001,0.002,0.003,0.004,0.005,0.006,0.007,0.008,0.009000000000000001,0.01]",0.001,"[65000.880000000005,65000.780000000006,65000.68,65000.58,65000.48,65000.380000000005,65000.280000000006,65000.18,65000.08,64999.98]",65000.880000000005,"[0.001,0.002,0.003,0.004,0.005,0.006,0.007,0.008,0.009000000000000001,0.01]",0.001,3998,mock,InstrumentType.Spot,615054464,mock,BTC-USDT
2199944884,0,0,1783610797131727807,101,depth,"[65001.09,65001.189999999995,65001.29,65001.39,65001.49,65001.59,65001.689999999995,65001.79,65001.89,65001.99]",65001.09,"[0.001,0.002,0.003,0.004,0.005,0.006,0.007,0.008,0.009000000000000001,0.01]",0.001,"[65000.89,65000.79,65000.689999999995,65000.59,65000.49,65000.39,65000.29,65000.189999999995,65000.09,64999.99]",65000.89,"[0.001,0.002,0.003,0.004,0.005,0.006,0.007,0.008,0.009000000000000001,0.01]",0.001,3999,mock,InstrumentType.Spot,615055024,mock,BTC-USDT
2199944884,0,0,1783610797132027941,101,depth,"[65000.1,65000.2,65000.3,65000.4,65000.5,65000.6,65000.7,65000.8,65000.9,65001.0]",65000.1,"[0.001,0.002,0.003,0.004,0.005,0.006,0.007,0.008,0.009000000000000001,0.01]",0.001,"[64999.9,64999.8,64999.7,64999.6,64999.5,64999.4,64999.3,64999.2,64999.1,64999.0]",64999.9,"[0.001,0.002,0.003,0.004,0.005,0.006,0.007,0.008,0.009000000000000001,0.01]",0.001,4000,mock,InstrumentType.Spot,615055584,mock,BTC-USDT
2199944884,0,0,1783610797132341837,101,depth,"[65000.11,65000.21,65000.310000000005,65000.41,65000.51,65000.61,65000.71,65000.810000000005,65000.91,65001.01]",65000.11,"[0.001,0.002,0.003,0.004,0.005,0.006,0.007,0.008,0.009000000000000001,0.01]",0.001,"[64999.91,64999.810000000005,64999.71,64999.61,64999.51,64999.41,64999.310000000005,64999.21,64999.11,64999.01]",64999.91,"[0.001,0.002,0.003,0.004,0.005,0.006,0.007,0.008,0.009000000000000001,0.01]",0.001,4001,mock,InstrumentType.Spot,615056144,mock,BTC-USDT
2199944884,0,0,1783610797132627973,101,depth,"[65000.119999999995,65000.219999999994,65000.32,65000.42,65000.52,65000.619999999995,65000.719999999994,65000.82,65000.92,65001.02]",65000.119999999995,"[0.001,0.002,0.003,0.004,0.005,0.006,0.007,0.008,0.009000000000000001,0.01]",0.001,"[64999.92,64999.82,64999.719999999994,64999.619999999995,64999.52,64999.42,64999.32,64999.219999999994,64999.119999999995,64999.02]",64999.92,"[0.001,0.002,0.003,0.004,0.005,0.006,0.007,0.008,0.009000000000000001,0.01]",0.001,4002,mock,InstrumentType.Spot,615056704,mock,BTC-USDT
2199944884,0,0,1783610797132927689,101,depth,"[65000.13,65000.229999999996,65000.33,65000.43,65000.53,65000.63,65000.729999999996,65000.83,65000.93,65001.03]",65000.13,"[0.001,0.002,0.003,0.004,0.005,0.006,0.007,0.008,0.009000000000000001,0.01]",0.001,"[64999.93,64999.83,64999.729999999996,64999.63,64999.53,64999.43,64999.33,64999.229999999996,64999.13,64999.03]",64999.93,"[0.001,0.002,0.003,0.004,0.005,0.006,0.007,0.008,0.009000000000000001,0.01]",0.001,4003,mock,InstrumentType.Spot,615057264,mock,BTC-USDT
2199944884,0,0,1783610797133227761,101,depth,"[65000.14,65000.24,65000.340000000004,65000.44,65000.54,65000.64,65000.74,65000.840000000004,65000.94,65001.04]",65000.14,"[0.001,0.002,0.003,0.004,0.005,0.006,0.007,0.008,0.009000000000000001,0.01]",0.001,"[64999.94,64999.840000000004,64999.74,64999.64,64999.54,64999.44,64999.340000000004,64999.24,64999.14,64999.04]",64999.94,"[0.001,0.002,0.003,0.004,0.005,0.006,0.007,0.008,0.009000000000000001,0.01]",0.001,4004,mock,InstrumentType.Spot,615057824,mock,BTC-USDT
2199944884,0,0,1783610797133527805,101,depth,"[65000.15,65000.25,65000.350000000006,65000.450000000004,65000.55,65000.65,65000.75,65000.850000000006,65000.950000000004,65001.05]",65000.15,"[0.001,0.002,0.003,0.004,0.005,0.006,0.007,0.008,0.009000000000000001,0.01]",0.001,"[64999.950000000004,64999.850000000006,64999.75,64999.65,64999.55,64999.450000000004,64999.350000000006,64999.25,64999.15,64999.05]",64999.950000000004,"[0.001,0.002,0.003,0.004,0.005,0.006,0.007,0.008,0.009000000000000001,0.01]",0.001,4005,mock,InstrumentType.Spot,615058384,mock,BTC-USDT
2199944884,0,0,1783610797133827750,101,depth,"[65000.159999999996,65000.259999999995,65000.36,65000.46,65000.56,65000.659999999996,65000.759999999995,65000.86,65000.96,65001.06]",65000.159999999996,"[0.001,0.002,0.003,0.004,0.005,0.006,0.007,0.008,0.009000000000000001,0.01]",0.001,"[64999.96,64999.86,64999.759999999995,64999.659999999996,64999.56,64999.46,64999.36,64999.259999999995,64999.159999999996,64999.06]",64999.96,"[0.001,0.002,0.003,0.004,0.005,0.006,0.007,0.008,0.009000000000000001,0.01]",0.001,4006,mock,InstrumentType.Spot,615058944,mock,BTC-USDT
2199944884,0,0,1783610797134127728,101,depth,"[65000.17,65000.27,65000.37,65000.47,65000.57,65000.67,65000.77,65000.87,65000.97,65001.07]",65000.17,"[0.001,0.002,0.003,0.004,0.005,0.006,0.007,0.008,0.009000000000000001,0.01]",0.001,"[64999.97,64999.87,64999.77,64999.67,64999.57,64999.47,64999.37,64999.27,64999.17,64999.07]",64999.97,"[0.001,0.002,0.003,0.004,0.005,0.006,0.007,0.008,0.009000000000000001,0.01]",0.001,4007,mock,InstrumentType.Spot,615059504,mock,BTC-USDT
2199944884,0,0,1783610797134427690,101,depth,"[65000.18,65000.28,65000.380000000005,65000.48,65000.58,65000.68,65000.78,65000.880000000005,65000.98,65001.08]",65000.18,"[0.001,0.002,0.003,0.004,0.005,0.006,0.007,0.008,0.009000000000000001,0.01]",0.001,"[64999.98,64999.880000000005,64999.78,64999.68,64999.58,64999.48,64999.380000000005,64999.28,64999.18,64999.08]",64999.98,"[0.001,0.002,0.003,0.004,0.005,0.006,0.007,0.008,0.009000000000000001,0.01]",0.001,4008,mock,InstrumentType.Spot,615060064,mock,BTC-USDT
2199944884,0,0,1783610797134727620,101,depth,"[65000.189999999995,65000.28999999999,65000.39,65000.49,65000.59,65000.689999999995,65000.78999999999,65000.89,65000.99,65001.09]",65000.189999999995,"[0.001,0.002,0.003,0.004,0.005,0.006,0.007,0.008,0.009000000000000001,0.01]",0.001,"[64999.99,64999.89,64999.78999999999,64999.689999999995,64999.59,64999.49,64999.39,64999.28999999999,64999.189999999995,64999.09]",64999.99,"[0.001,0.002,0.003,0.004,0.005,0.006,0.007,0.008,0.009000000000000001,0.01]",0.001,4009,mock,InstrumentType.Spot,615060624,mock,BTC-USDT
2199944884,0,0,1783610797135035815,101,depth,"[65000.2,65000.299999999996,65000.4,65000.5,65000.6,65000.7,65000.799999999996,65000.9,65001.0,65001.1]",65000.2,"[0.001,0.002,0.003,0.004,0.005,0.006,0.007,0.008,0.009000000000000001,0.01]",0.001,"[65000.0,64999.9,64999.799999999996,64999.7,64999.6,64999.5,64999.4,64999.299999999996,64999.2,64999.1]",65000.0,"[0.001,0.002,0.003,0.004,0.005,0.006,0.007,0.008,0.009000000000000001,0.01]",0.001,4010,mock,InstrumentType.Spot,615061184,mock,BTC-USDT
2199944884,0,0,1783610797135328082,101,depth,"[65000.21,65000.31,65000.41,65000.51,65000.61,65000.71,65000.81,65000.91,65001.01,65001.11]",65000.21,"[0.001,0.002,0.003,0.004,0.005,0.006,0.007,0.008,0.009000000000000001,0.01]",0.001,"[65000.01,64999.91,64999.81,64999.71,64999.61,64999.51,64999.41,64999.31,64999.21,64999.11]",65000.01,"[0.001,0.002,0.003,0.004,0.005,0.006,0.007,0.008,0.009000000000000001,0.01]",0.001,4011,mock,InstrumentType.Spot,615061744,mock,BTC-USDT
2199944884,0,0,1783610797135627768,101,depth,"[65000.22,65000.32,65000.420000000006,65000.520000000004,65000.62,65000.72,65000.82,65000.920000000006,65001.020000000004,65001.12]",65000.22,"[0.001,0.002,0.003,0.004,0.005,0.006,0.007,0.008,0.009000000000000001,0.01]",0.001,"[65000.020000000004,64999.920000000006,64999.82,64999.72,64999.62,64999.520000000004,64999.420000000006,64999.32,64999.22,64999.12]",65000.020000000004,"[0.001,0.002,0.003,0.004,0.005,0.006,0.007,0.008,0.009000000000000001,0.01]",0.001,4012,mock,InstrumentType.Spot,615062304,mock,BTC-USDT
2199944884,0,0,1783610797135927773,101,depth,"[65000.229999999996,65000.329999999994,65000.43,65000.53,65000.63,65000.729999999996,65000.829999999994,65000.93,65001.03,65001.13]",65000.229999999996,"[0.001,0.002,0.003,0.004,0.005,0.006,0.007,0.008,0.009000000000000001,0.01]",0.001,"[65000.03,64999.93,64999.829999999994,64999.729999999996,64999.63,64999.53,64999.43,64999.329999999994,64999.229999999996,64999.13]",65000.03,"[0.001,0.002,0.003,0.004,0.005,0.006,0.007,0.008,0.009000000000000001,0.01]",0.001,4013,mock,InstrumentType.Spot,615062864,mock,BTC-USDT
2199944884,0,0,1783610797136228148,101,depth,"[65000.24,65000.34,65000.44,65000.54,65000.64,65000.74,65000.84,65000.94,65001.04,65001.14]",65000.24,"[0.001,0.002,0.003,0.004,0.005,0.006,0.007,0.008,0.009000000000000001,0.01]",0.001,"[65000.04,64999.94,64999.84,64999.74,64999.64,64999.54,64999.44,64999.34,64999.24,64999.14]",65000.04,"[0.001,0.002,0.003,0.004,0.005,0.006,0.007,0.008,0.009000000000000001,0.01]",0.001,4014,mock,InstrumentType.Spot,615063424,mock,BTC-USDT
2199944884,0,0,1783610797136527919,101,depth,"[65000.25,65000.35,65000.450000000004,65000.55,65000.65,65000.75,65000.85,65000.950000000004,65001.05,65001.15]",65000.25,"[0.001,0.002,0.003,0.004,0.005,0.006,0.007,0.008,0.009000000000000001,0.01]",0.001,"[65000.05,64999.950000000004,64999.85,64999.75,64999.65,64999.55,64999.450000000004,64999.35,64999.25,64999.15]",65000.05,"[0.001,0.002,0.003,0.004,0.005,0.006,0.007,0.008,0.009000000000000001,0.01]",0.001,4015,mock,InstrumentType.Spot,615063984,mock,BTC-USDT
2199944884,0,0,1783610797136827717,101,depth,"[65000.26,65000.36,65000.46000000001,65000.560000000005,65000.66,65000.76,65000.86,65000.96000000001,65001.060000000005,65001.16]",65000.26,"[0.001,0.002,0.003,0.004,0.005,0.006,0.007,0.008,0.009000000000000001,0.01]",0.001,"[65000.060000000005,64999.96000000001,64999.86,64999.76,64999.66,64999.560000000005,64999.46000000001,64999.36,64999.26,64999.16]",65000.060000000005,"[0.001,0.002,0.003,0.004,0.005,0.006,0.007,0.008,0.009000000000000001,0.01]",0.001,4016,mock,InstrumentType.Spot,615064544,mock,BTC-USDT
2199944884,0,0,1783610797137127670,101,depth,"[65000.27,65000.369999999995,65000.47,65000.57,65000.67,65000.77,65000.869999999995,65000.97,65001.07,65001.17]",65000.27,"[0.001,0.002,0.003,0.004,0.005,0.006,0.007,0.008,0.009000000000000001,0.01]",0.001,"[65000.07,64999.97,64999.869999999995,64999.77,64999.67,64999.57,64999.47,64999.369999999995,64999.27,64999.17]",65000.07,"[0.001,0.002,0.003,0.004,0.005,0.006,0.007,0.008,0.009000000000000001,0.01]",0.001,4017,mock,InstrumentType.Spot,615065104,mock,BTC-USDT
2199944884,0,0,1783610797137427590,101,depth,"[65000.28,65000.38,65000.48,65000.58,65000.68,65000.78,65000.88,65000.98,65001.08,65001.18]",65000.28,"[0.001,0.002,0.003,0.004,0.005,0.006,0.007,0.008,0.009000000000000001,0.01]",0.001,"[65000.08,64999.98,64999.88,64999.78,64999.68,64999.58,64999.48,64999.38,64999.28,64999.18]",65000.08,"[0.001,0.002,0.003,0.004,0.005,0.006,0.007,0.008,0.009000000000000001,0.01]",0.001,4018,mock,InstrumentType.Spot,615065664,mock,BTC-USDT
2199944884,0,0,1783610797137727804,101,depth,"[65000.29,65000.39,65000.490000000005,65000.590000000004,65000.69,65000.79,65000.89,65000.990000000005,65001.090000000004,65001.19]",65000.29,"[0.001,0.002,0.003,0.004,0.005,0.006,0.007,0.008,0.009000000000000001,0.01]",0.001,"[65000.090000000004,64999.990000000005,64999.89,64999.79,64999.69,64999.590000000004,64999.490000000005,64999.39,64999.29,64999.19]",65000.090000000004,"[0.001,0.002,0.003,0.004,0.005,0.006,0.007,0.008,0.009000000000000001,0.01]",0.001,4019,mock,InstrumentType.Spot,615066224,mock,BTC-USDT
2199944884,0,0,1783610797138034519,101,depth,"[65000.299999999996,65000.399999999994,65000.5,65000.6,65000.7,65000.799999999996,65000.899999999994,65001.0,65001.1,65001.2]",65000.299999999996,"[0.001,0.002,0.003,0.004,0.005,0.006,0.007,0.008,0.009000000000000001,0.01]",0.001,"[65000.1,65000.0,64999.899999999994,64999.799999999996,64999.7,64999.6,64999.5,64999.399999999994,64999.299999999996,64999.2]",65000.1,"[0.001,0.002,0.003,0.004,0.005,0.006,0.007,0.008,0.009000000000000001,0.01]",0.001,4020,mock,InstrumentType.Spot,615066784,mock,BTC-USDT
2199944884,0,0,1783610797138327617,101,depth,"[65000.31,65000.409999999996,65000.51,65000.61,65000.71,65000.81,65000.909999999996,65001.01,65001.11,65001.21]",65000.31,"[0.001,0.002,0.003,0.004,0.005,0.006,0.007,0.008,0.009000000000000001,0.01]",0.001,"[65000.11,65000.01,64999.909999999996,64999.81,64999.71,64999.61,64999.51,64999.409999999996,64999.31,64999.21]",65000.11,"[0.001,0.002,0.003,0.004,0.005,0.006,0.007,0.008,0.009000000000000001,0.01]",0.001,4021,mock,InstrumentType.Spot,615067344,mock,BTC-USDT
2199944884,0,0,1783610797138627679,101,depth,"[65000.32,65000.42,65000.520000000004,65000.62,65000.72,65000.82,65000.92,65001.020000000004,65001.12,65001.22]",65000.32,"[0.001,0.002,0.003,0.004,0.005,0.006,0.007,0.008,0.009000000000000001,0.01]",0.001,"[65000.12,65000.020000000004,64999.92,64999.82,64999.72,64999.62,64999.520000000004,64999.42,64999.32,64999.22]",65000.12,"[0.001,0.002,0.003,0.004,0.005,0.006,0.007,0.008,0.009000000000000001,0.01]",0.001,4022,mock,InstrumentType.Spot,615067904,mock,BTC-USDT
2199944884,0,0,1783610797138927627,101,depth,"[65000.33,65000.43,65000.530000000006,65000.630000000005,65000.73,65000.83,65000.93,65001.030000000006,65001.130000000005,65001.23]",65000.33,"[0.001,0.002,0.003,0.004,0.005,0.006,0.007,0.008,0.009000000000000001,0.01]",0.001,"[65000.130000000005,65000.030000000006,64999.93,64999.83,64999.73,64999.630000000005,64999.530000000006,64999.43,64999.33,64999.23]",65000.130000000005,"[0.001,0.002,0.003,0.004,0.005,0.006,0.007,0.008,0.009000000000000001,0.01]",0.001,4023,mock,InstrumentType.Spot,615068464,mock,BTC-USDT
2199944884,0,0,1783610797139227734,101,depth,"[65000.34,65000.439999999995,65000.54,65000.64,65000.74,65000.84,65000.939999999995,65001.04,65001.14,65001.24]",65000.34,"[0.001,0.002,0.003,0.004,0.005,0.006,0.007,0.008,0.009000000000000001,0.01]",0.001,"[65000.14,65000.04,64999.939999999995,64999.84,64999.74,64999.64,64999.54,64999.439999999995,64999.34,64999.24]",65000.14,"[0.001,0.002,0.003,0.004,0.005,0.006,0.007,0.008,0.009000000000000001,0.01]",0.001,4024,mock,InstrumentType.Spot,615069024,mock,BTC-USDT
2199944884,0,0,1783610797139527886,101,depth,"[65000.35,65000.45,65000.55,65000.65,65000.75,65000.85,65000.95,65001.05,65001.15,65001.25]",65000.35,"[0.001,0.002,0.003,0.004,0.005,0.006,0.007,0.008,0.009000000000000001,0.01]",0.001,"[65000.15,65000.05,64999.95,64999.85,64999.75,64999.65,64999.55,64999.45,64999.35,64999.25]",65000.15,"[0.001,0.002,0.003,0.004,0.005,0.006,0.007,0.008,0.009000000000000001,0.01]",0.001,4025,mock,InstrumentType.Spot,615069584,mock,BTC-USDT
2199944884,0,0,1783610797139827924,101,depth,"[65000.36,65000.46,65000.560000000005,65000.66,65000.76,65000.86,65000.96,65001.060000000005,65001.16,65001.26]",65000.36,"[0.001,0.002,0.003,0.004,0.005,0.006,0.007,0.008,0.009000000000000001,0.01]",0.001,"[65000.16,65000.060000000005,64999.96,64999.86,64999.76,64999.66,64999.560000000005,64999.46,64999.36,64999.26]",65000.16,"[0.001,0.002,0.003,0.004,0.005,0.006,0.007,0.008,0.009000000000000001,0.01]",0.001,4026,mock,InstrumentType.Spot,615070144,mock,BTC-USDT
2199944884,0,0,1783610797140127939,101,depth,"[65000.369999999995,65000.469999999994,65000.57,65000.67,65000.77,65000.869999999995,65000.969999999994,65001.07,65001.17,65001.27]",65000.369999999995,"[0.001,0.002,0.003,0.004,0.005,0.006,0.007,0.008,0.009000000000000001,0.01]",0.001,"[65000.17,65000.07,64999.969999999994,64999.869999999995,64999.77,64999.67,64999.57,64999.469999999994,64999.369999999995,64999.27]",65000.17,"[0.001,0.002,0.003,0.004,0.005,0.006,0.007,0.008,0.009000000000000001,0.01]",0.001,4027,mock,InstrumentType.Spot,615070704,mock,BTC-USDT
2199944884,0,0,1783610797140427848,101,depth,"[65000.38,65000.479999999996,65000.58,65000.68,65000.78,65000.88,65000.979999999996,65001.08,65001.18,65001.28]",65000.38,"[0.001,0.002,0.003,0.004,0.005,0.006,0.007,0.008,0.009000000000000001,0.01]",0.001,"[65000.18,65000.08,64999.979999999996,64999.88,64999.78,64999.68,64999.58,64999.479999999996,64999.38,64999.28]",65000.18,"[0.001,0.002,0.003,0.004,0.005,0.006,0.007,0.008,0.009000000000000001,0.01]",0.001,4028,mock,InstrumentType.Spot,615071264,mock,BTC-USDT
2199944884,0,0,1783610797140733483,101,depth,"[65000.39,65000.49,65000.590000000004,65000.69,65000.79,65000.89,65000.99,65001.090000000004,65001.19,65001.29]",65000.39,"[0.001,0.002,0.003,0.004,0.005,0.006,0.007,0.008,0.009000000000000001,0.01]",0.001,"[65000.19,65000.090000000004,64999.99,64999.89,64999.79,64999.69,64999.590000000004,64999.49,64999.39,64999.29]",65000.19,"[0.001,0.002,0.003,0.004,0.005,0.006,0.007,0.008,0.009000000000000001,0.01]",0.001,4029,mock,InstrumentType.Spot,615071824,mock,BTC-USDT
2199944884,0,0,1783610797141031114,101,depth,"[65000.4,65000.5,65000.600000000006,65000.700000000004,65000.8,65000.9,65001.0,65001.100000000006,65001.200000000004,65001.3]",65000.4,"[0.001,0.002,0.003,0.004,0.005,0.006,0.007,0.008,0.009000000000000001,0.01]",0.001,"[65000.200000000004,65000.100000000006,65000.0,64999.9,64999.8,64999.700000000004,64999.600000000006,64999.5,64999.4,64999.3]",65000.200000000004,"[0.001,0.002,0.003,0.004,0.005,0.006,0.007,0.008,0.009000000000000001,0.01]",0.001,4030,mock,InstrumentType.Spot,615072384,mock,BTC-USDT
2199944884,0,0,1783610797141329449,101,depth,"[65000.409999999996,65000.509999999995,65000.61,65000.71,65000.81,65000.909999999996,65001.009999999995,65001.11,65001.21,65001.31]",65000.409999999996,"[0.001,0.002,0.003,0.004,0.005,0.006,0.007,0.008,0.009000000000000001,0.01]",0.001,"[65000.21,65000.11,65000.009999999995,64999.909999999996,64999.81,64999.71,64999.61,64999.509999999995,64999.409999999996,64999.31]",65000.21,"[0.001,0.002,0.003,0.004,0.005,0.006,0.007,0.008,0.009000000000000001,0.01]",0.001,4031,mock,InstrumentType.Spot,615072944,mock,BTC-USDT
2199944884,0,0,1783610797141628181,101,depth,"[65000.42,65000.52,65000.62,65000.72,65000.82,65000.92,65001.02,65001.12,65001.22,65001.32]",65000.42,"[0.001,0.002,0.003,0.004,0.005,0.006,0.007,0.008,0.009000000000000001,0.01]",0.001,"[65000.22,65000.12,65000.02,64999.92,64999.82,64999.72,64999.62,64999.52,64999.42,64999.32]",65000.22,"[0.001,0.002,0.003,0.004,0.005,0.006,0.007,0.008,0.009000000000000001,0.01]",0.001,4032,mock,InstrumentType.Spot,615073504,mock,BTC-USDT
2199944884,0,0,1783610797141928278,101,depth,"[65000.43,65000.53,65000.630000000005,65000.73,65000.83,65000.93,65001.03,65001.130000000005,65001.23,65001.33]",65000.43,"[0.001,0.002,0.003,0.004,0.005,0.006,0.007,0.008,0.009000000000000001,0.01]",0.001,"[65000.23,65000.130000000005,65000.03,64999.93,64999.83,64999.73,64999.630000000005,64999.53,64999.43,64999.33]",65000.23,"[0.001,0.002,0.003,0.004,0.005,0.006,0.007,0.008,0.009000000000000001,0.01]",0.001,4033,mock,InstrumentType.Spot,615074064,mock,BTC-USDT
2199944884,0,0,1783610797142228309,101,depth,"[65000.439999999995,65000.53999999999,65000.64,65000.74,65000.84,65000.939999999995,65001.03999999999,65001.14,65001.24,65001.34]",65000.439999999995,"[0.001,0.002,0.003,0.004,0.005,0.006,0.007,0.008,0.009000000000000001,0.01]",0.001,"[65000.24,65000.14,65000.03999999999,64999.939999999995,64999.84,64999.74,64999.64,64999.53999999999,64999.439999999995,64999.34]",65000.24,"[0.001,0.002,0.003,0.004,0.005,0.006,0.007,0.008,0.009000000000000001,0.01]",0.001,4034,mock,InstrumentType.Spot,615074624,mock,BTC-USDT
2199944884,0,0,1783610797142530954,101,depth,"[65000.45,65000.549999999996,65000.65,65000.75,65000.85,65000.95,65001.049999999996,65001.15,65001.25,65001.35]",65000.45,"[0.001,0.002,0.003,0.004,0.005,0.006,0.007,0.008,0.009000000000000001,0.01]",0.001,"[65000.25,65000.15,65000.049999999996,64999.95,64999.85,64999.75,64999.65,64999.549999999996,64999.45,64999.35]",65000.25,"[0.001,0.002,0.003,0.004,0.005,0.006,0.007,0.008,0.009000000000000001,0.01]",0.001,4035,mock,InstrumentType.Spot,615075184,mock,BTC-USDT
2199944884,0,0,1783610797142829788,101,depth,"[65000.46,65000.56,65000.66,65000.76,65000.86,65000.96,65001.06,65001.16,65001.26,65001.36]",65000.46,"[0.001,0.002,0.003,0.004,0.005,0.006,0.007,0.008,0.009000000000000001,0.01]",0.001,"[65000.26,65000.16,65000.06,64999.96,64999.86,64999.76,64999.66,64999.56,64999.46,64999.36]",65000.26,"[0.001,0.002,0.003,0.004,0.005,0.006,0.007,0.008,0.009000000000000001,0.01]",0.001,4036,mock,InstrumentType.Spot,615075744,mock,BTC-USDT
2199944884,0,0,1783610797143130645,101,depth,"[65000.47,65000.57,65000.670000000006,65000.770000000004,65000.87,65000.97,65001.07,65001.170000000006,65001.270000000004,65001.37]",65000.47,"[0.001,0.002,0.003,0.004,0.005,0.006,0.007,0.008,0.009000000000000001,0.01]",0.001,"[65000.270000000004,65000.170000000006,65000.07,64999.97,64999.87,64999.770000000004,64999.670000000006,64999.57,64999.47,64999.37]",65000.270000000004,"[0.001,0.002,0.003,0.004,0.005,0.006,0.007,0.008,0.009000000000000001,0.01]",0.001,4037,mock,InstrumentType.Spot,615076304,mock,BTC-USDT
2199944884,0,0,1783610797143429929,101,depth,"[65000.479999999996,65000.579999999994,65000.68,65000.78,65000.88,65000.979999999996,65001.079999999994,65001.18,65001.28,65001.38]",65000.479999999996,"[0.001,0.002,0.003,0.004,0.005,0.006,0.007,0.008,0.009000000000000001,0.01]",0.001,"[65000.28,65000.18,65000.079999999994,64999.979999999996,64999.88,64999.78,64999.68,64999.579999999994,64999.479999999996,64999.38]",65000.28,"[0.001,0.002,0.003,0.004,0.005,0.006,0.007,0.008,0.009000000000000001,0.01]",0.001,4038,mock,InstrumentType.Spot,615076864,mock,BTC-USDT
2199944884,0,0,1783610797143750061,101,depth,"[65000.49,65000.59,65000.69,65000.79,65000.89,65000.99,65001.09,65001.19,65001.29,65001.39]",65000.49,"[0.001,0.002,0.003,0.004,0.005,0.006,0.007,0.008,0.009000000000000001,0.01]",0.001,"[65000.29,65000.19,65000.09,64999.99,64999.89,64999.79,64999.69,64999.59,64999.49,64999.39]",65000.29,"[0.001,0.002,0.003,0.004,0.005,0.006,0.007,0.008,0.009000000000000001,0.01]",0.001,4039,mock,InstrumentType.Spot,615077424,mock,BTC-USDT
2199944884,0,0,1783610797144029259,101,depth,"[65000.5,65000.6,65000.700000000004,65000.8,65000.9,65001.0,65001.1,65001.200000000004,65001.3,65001.4]",65000.5,"[0.001,0.002,0.003,0.004,0.005,0.006,0.007,0.008,0.009000000000000001,0.01]",0.001,"[65000.3,65000.200000000004,65000.1,65000.0,64999.9,64999.8,64999.700000000004,64999.6,64999.5,64999.4]",65000.3,"[0.001,0.002,0.003,0.004,0.005,0.006,0.007,0.008,0.009000000000000001,0.01]",0.001,4040,mock,InstrumentType.Spot,615077984,mock,BTC-USDT
2199944884,0,0,1783610797144328885,101,depth,"[65000.51,65000.61,65000.71000000001,65000.810000000005,65000.91,65001.01,65001.11,65001.21000000001,65001.310000000005,65001.41]",65000.51,"[0.001,0.002,0.003,0.004,0.005,0.006,0.007,0.008,0.009000000000000001,0.01]",0.001,"[65000.310000000005,65000.21000000001,65000.11,65000.01,64999.91,64999.810000000005,64999.71000000001,64999.61,64999.51,64999.41]",65000.310000000005,"[0.001,0.002,0.003,0.004,0.005,0.006,0.007,0.008,0.009000000000000001,0.01]",0.001,4041,mock,InstrumentType.Spot,615078544,mock,BTC-USDT
2199944884,0,0,1783610797144628727,101,depth,"[65000.52,65000.619999999995,65000.72,65000.82,65000.92,65001.02,65001.119999999995,65001.22,65001.32,65001.42]",65000.52,"[0.001,0.002,0.003,0.004,0.005,0.006,0.007,0.008,0.009000000000000001,0.01]",0.001,"[65000.32,65000.22,65000.119999999995,65000.02,64999.92,64999.82,64999.72,64999.619999999995,64999.52,64999.42]",65000.32,"[0.001,0.002,0.003,0.004,0.005,0.006,0.007,0.008,0.009000000000000001,0.01]",0.001,4042,mock,InstrumentType.Spot,615079104,mock,BTC-USDT
2199944884,0,0,1783610797144928419,101,depth,"[65000.53,65000.63,65000.73,65000.83,65000.93,65001.03,65001.13,65001.23,65001.33,65001.43]",65000.53,"[0.001,0.002,0.003,0.004,0.005,0.006,0.007,0.008,0.009000000000000001,0.01]",0.001,"[65000.33,65000.23,65000.13,65000.03,64999.93,64999.83,64999.73,64999.63,64999.53,64999.43]",65000.33,"[0.001,0.002,0.003,0.004,0.005,0.006,0.007,0.008,0.009000000000000001,0.01]",0.001,4043,mock,InstrumentType.Spot,615079664,mock,BTC-USDT
2199944884,0,0,1783610797145228728,101,depth,"[65000.54,65000.64,65000.740000000005,65000.840000000004,65000.94,65001.04,65001.14,65001.240000000005,65001.340000000004,65001.44]",65000.54,"[0.001,0.002,0.003,0.004,0.005,0.006,0.007,0.008,0.009000000000000001,0.01]",0.001,"[65000.340000000004,65000.240000000005,65000.14,65000.04,64999.94,64999.840000000004,64999.740000000005,64999.64,64999.54,64999.44]",65000.340000000004,"[0.001,0.002,0.003,0.004,0.005,0.006,0.007,0.008,0.009000000000000001,0.01]",0.001,4044,mock,InstrumentType.Spot,615080224,mock,BTC-USDT
2199944884,0,0,1783610797145528678,101,depth,"[65000.549999999996,65000.649999999994,65000.75,65000.85,65000.95,65001.049999999996,65001.149999999994,65001.25,65001.35,65001.45]",65000.549999999996,"[0.001,0.002,0.003,0.004,0.005,0.006,0.007,0.008,0.009000000000000001,0.01]",0.001,"[65000.35,65000.25,65000.149999999994,65000.049999999996,64999.95,64999.85,64999.75,64999.649999999994,64999.549999999996,64999.45]",65000.35,"[0.001,0.002,0.003,0.004,0.005,0.006,0.007,0.008,0.009000000000000001,0.01]",0.001,4045,mock,InstrumentType.Spot,615080784,mock,BTC-USDT
2199944884,0,0,1783610797145828095,101,depth,"[65000.56,65000.659999999996,65000.76,65000.86,65000.96,65001.06,65001.159999999996,65001.26,65001.36,65001.46]",65000.56,"[0.001,0.002,0.003,0.004,0.005,0.006,0.007,0.008,0.009000000000000001,0.01]",0.001,"[65000.36,65000.26,65000.159999999996,65000.06,64999.96,64999.86,64999.76,64999.659999999996,64999.56,64999.46]",65000.36,"[0.001,0.002,0.003,0.004,0.005,0.006,0.007,0.008,0.009000000000000001,0.01]",0.001,4046,mock,InstrumentType.Spot,615081344,mock,BTC-USDT
2199944884,0,0,1783610797146128342,101,depth,"[65000.57,65000.67,65000.770000000004,65000.87,65000.97,65001.07,65001.17,65001.270000000004,65001.37,65001.47]",65000.57,"[0.001,0.002,0.003,0.004,0.005,0.006,0.007,0.008,0.009000000000000001,0.01]",0.001,"[65000.37,65000.270000000004,65000.17,65000.07,64999.97,64999.87,64999.770000000004,64999.67,64999.57,64999.47]",65000.37,"[0.001,0.002,0.003,0.004,0.005,0.006,0.007,0.008,0.009000000000000001,0.01]",0.001,4047,mock,InstrumentType.Spot,615081904,mock,BTC-USDT
2199944884,0,0,1783610797146428242,101,depth,"[65000.58,65000.68,65000.780000000006,65000.880000000005,65000.98,65001.08,65001.18,65001.280000000006,65001.380000000005,65001.48]",65000.58,"[0.001,0.002,0.003,0.004,0.005,0.006,0.007,0.008,0.009000000000000001,0.01]",0.001,"[65000.380000000005,65000.280000000006,65000.18,65000.08,64999.98,64999.880000000005,64999.780000000006,64999.68,64999.58,64999.48]",65000.380000000005,"[0.001,0.002,0.003,0.004,0.005,0.006,0.007,0.008,0.009000000000000001,0.01]",0.001,4048,mock,InstrumentType.Spot,615082464,mock,BTC-USDT
2199944884,0,0,1783610797146736187,101,depth,"[65000.59,65000.689999999995,65000.79,65000.89,65000.99,65001.09,65001.189999999995,65001.29,65001.39,65001.49]",65000.59,"[0.001,0.002,0.003,0.004,0.005,0.006,0.007,0.008,0.009000000000000001,0.01]",0.001,"[65000.39,65000.29,65000.189999999995,65000.09,64999.99,64999.89,64999.79,64999.689999999995,64999.59,64999.49]",65000.39,"[0.001,0.002,0.003,0.004,0.005,0.006,0.007,0.008,0.009000000000000001,0.01]",0.001,4049,mock,InstrumentType.Spot,615083024,mock,BTC-USDT
2199944884,0,0,1783610797147028053,101,depth,"[65000.6,65000.7,65000.8,65000.9,65001.0,65001.1,65001.2,65001.3,65001.4,65001.5]",65000.6,"[0.001,0.002,0.003,0.004,0.005,0.006,0.007,0.008,0.009000000000000001,0.01]",0.001,"[65000.4,65000.3,65000.2,65000.1,65000.0,64999.9,64999.8,64999.7,64999.6,64999.5]",65000.4,"[0.001,0.002,0.003,0.004,0.005,0.006,0.007,0.008,0.009000000000000001,0.01]",0.001,4050,mock,InstrumentType.Spot,615083584,mock,BTC-USDT
2199944884,0,0,1783610797147327828,101,depth,"[65000.61,65000.71,65000.810000000005,65000.91,65001.01,65001.11,65001.21,65001.310000000005,65001.41,65001.51]",65000.61,"[0.001,0.002,0.003,0.004,0.005,0.006,0.007,0.008,0.009000000000000001,0.01]",0.001,"[65000.41,65000.310000000005,65000.21,65000.11,65000.01,64999.91,64999.810000000005,64999.71,64999.61,64999.51]",65000.41,"[0.001,0.002,0.003,0.004,0.005,0.006,0.007,0.008,0.009000000000000001,0.01]",0.001,4051,mock,InstrumentType.Spot,615084144,mock,BTC-USDT
2199944884,0,0,1783610797147627830,101,depth,"[65000.619999999995,65000.719999999994,65000.82,65000.92,65001.02,65001.119999999995,65001.219999999994,65001.32,65001.42,65001.52]",65000.619999999995,"[0.001,0.002,0.003,0.004,0.005,0.006,0.007,0.008,0.009000000000000001,0.01]",0.001,"[65000.42,65000.32,65000.219999999994,65000.119999999995,65000.02,64999.92,64999.82,64999.719999999994,64999.619999999995,64999.52]",65000.42,"[0.001,0.002,0.003,0.004,0.005,0.006,0.007,0.008,0.009000000000000001,0.01]",0.001,4052,mock,InstrumentType.Spot,615084704,mock,BTC-USDT
2199944884,0,0,1783610797147927885,101,depth,"[65000.63,65000.729999999996,65000.83,65000.93,65001.03,65001.13,65001.229999999996,65001.33,65001.43,65001.53]",65000.63,"[0.001,0.002,0.003,0.004,0.005,0.006,0.007,0.008,0.009000000000000001,0.01]",0.001,"[65000.43,65000.33,65000.229999999996,65000.13,65000.03,64999.93,64999.83,64999.729999999996,64999.63,64999.53]",65000.43,"[0.001,0.002,0.003,0.004,0.005,0.006,0.007,0.008,0.009000000000000001,0.01]",0.001,4053,mock,InstrumentType.Spot,615085264,mock,BTC-USDT
2199944884,0,0,1783610797148227902,101,depth,"[65000.64,65000.74,65000.840000000004,65000.94,65001.04,65001.14,65001.24,65001.340000000004,65001.44,65001.54]",65000.64,"[0.001,0.002,0.003,0.004,0.005,0.006,0.007,0.008,0.009000000000000001,0.01]",0.001,"[65000.44,65000.340000000004,65000.24,65000.14,65000.04,64999.94,64999.840000000004,64999.74,64999.64,64999.54]",65000.44,"[0.001,0.002,0.003,0.004,0.005,0.006,0.007,0.008,0.009000000000000001,0.01]",0.001,4054,mock,InstrumentType.Spot,615085824,mock,BTC-USDT
2199944884,0,0,1783610797148527784,101,depth,"[65000.65,65000.75,65000.850000000006,65000.950000000004,65001.05,65001.15,65001.25,65001.350000000006,65001.450000000004,65001.55]",65000.65,"[0.001,0.002,0.003,0.004,0.005,0.006,0.007,0.008,0.009000000000000001,0.01]",0.001,"[65000.450000000004,65000.350000000006,65000.25,65000.15,65000.05,64999.950000000004,64999.850000000006,64999.75,64999.65,64999.55]",65000.450000000004,"[0.001,0.002,0.003,0.004,0.005,0.006,0.007,0.008,0.009000000000000001,0.01]",0.001,4055,mock,InstrumentType.Spot,615086384,mock,BTC-USDT
2199944884,0,0,1783610797148828204,101,depth,"[65000.659999999996,65000.759999999995,65000.86,65000.96,65001.06,65001.159999999996,65001.259999999995,65001.36,65001.46,65001.56]",65000.659999999996,"[0.001,0.002,0.003,0.004,0.005,0.006,0.007,0.008,0.009000000000000001,0.01]",0.001,"[65000.46,65000.36,65000.259999999995,65000.159999999996,65000.06,64999.96,64999.86,64999.759999999995,64999.659999999996,64999.56]",65000.46,"[0.001,0.002,0.003,0.004,0.005,0.006,0.007,0.008,0.009000000000000001,0.01]",0.001,4056,mock,InstrumentType.Spot,615086944,mock,BTC-USDT
2199944884,0,0,1783610797149128044,101,depth,"[65000.67,65000.77,65000.87,65000.97,65001.07,65001.17,65001.27,65001.37,65001.47,65001.57]",65000.67,"[0.001,0.002,0.003,0.004,0.005,0.006,0.007,0.008,0.009000000000000001,0.01]",0.001,"[65000.47,65000.37,65000.27,65000.17,65000.07,64999.97,64999.87,64999.77,64999.67,64999.57]",65000.47,"[0.001,0.002,0.003,0.004,0.005,0.006,0.007,0.008,0.009000000000000001,0.01]",0.001,4057,mock,InstrumentType.Spot,615087504,mock,BTC-USDT
2199944884,0,0,1783610797149434271,101,depth,"[65000.68,65000.78,65000.880000000005,65000.98,65001.08,65001.18,65001.28,65001.380000000005,65001.48,65001.58]",65000.68,"[0.001,0.002,0.003,0.004,0.005,0.006,0.007,0.008,0.009000000000000001,0.01]",0.001,"[65000.48,65000.380000000005,65000.28,65000.18,65000.08,64999.98,64999.880000000005,64999.78,64999.68,64999.58]",65000.48,"[0.001,0.002,0.003,0.004,0.005,0.006,0.007,0.008,0.009000000000000001,0.01]",0.001,4058,mock,InstrumentType.Spot,615088064,mock,BTC-USDT
2199944884,0,0,1783610797149728271,101,depth,"[65000.689999999995,65000.78999999999,65000.89,65000.99,65001.09,65001.189999999995,65001.28999999999,65001.39,65001.49,65001.59]",65000.689999999995,"[0.001,0.002,0.003,0.004,0.005,0.006,0.007,0.008,0.009000000000000001,0.01]",0.001,"[65000.49,65000.39,65000.28999999999,65000.189999999995,65000.09,64999.99,64999.89,64999.78999999999,64999.689999999995,64999.59]",65000.49,"[0.001,0.002,0.003,0.004,0.005,0.006,0.007,0.008,0.009000000000000001,0.01]",0.001,4059,mock,InstrumentType.Spot,615088624,mock,BTC-USDT
2199944884,0,0,1783610797150028630,101,depth,"[65000.7,65000.799999999996,65000.9,65001.0,65001.1,65001.2,65001.299999999996,65001.4,65001.5,65001.6]",65000.7,"[0.001,0.002,0.003,0.004,0.005,0.006,0.007,0.008,0.009000000000000001,0.01]",0.001,"[65000.5,65000.4,65000.299999999996,65000.2,65000.1,65000.0,64999.9,64999.799999999996,64999.7,64999.6]",65000.5,"[0.001,0.002,0.003,0.004,0.005,0.006,0.007,0.008,0.009000000000000001,0.01]",0.001,4060,mock,InstrumentType.Spot,615089184,mock,BTC-USDT
2199944884,0,0,1783610797150328399,101,depth,"[65000.71,65000.81,65000.91,65001.01,65001.11,65001.21,65001.31,65001.41,65001.51,65001.61]",65000.71,"[0.001,0.002,0.003,0.004,0.005,0.006,0.007,0.008,0.009000000000000001,0.01]",0.001,"[65000.51,65000.41,65000.31,65000.21,65000.11,65000.01,64999.91,64999.81,64999.71,64999.61]",65000.51,"[0.001,0.002,0.003,0.004,0.005,0.006,0.007,0.008,0.009000000000000001,0.01]",0.001,4061,mock,InstrumentType.Spot,615089744,mock,BTC-USDT
2199944884,0,0,1783610797150628439,101,depth,"[65000.72,65000.82,65000.920000000006,65001.020000000004,65001.12,65001.22,65001.32,65001.420000000006,65001.520000000004,65001.62]",65000.72,"[0.001,0.002,0.003,0.004,0.005,0.006,0.007,0.008,0.009000000000000001,0.01]",0.001,"[65000.520000000004,65000.420000000006,65000.32,65000.22,65000.12,65000.020000000004,64999.920000000006,64999.82,64999.72,64999.62]",65000.520000000004,"[0.001,0.002,0.003,0.004,0.005,0.006,0.007,0.008,0.009000000000000001,0.01]",0.001,4062,mock,InstrumentType.Spot,615090304,mock,BTC-USDT
2199944884,0,0,1783610797150928824,101,depth,"[65000.729999999996,65000.829999999994,65000.93,65001.03,65001.13,65001.229999999996,65001.329999999994,65001.43,65001.53,65001.63]",65000.729999999996,"[0.001,0.002,0.003,0.004,0.005,0.006,0.007,0.008,0.009000000000000001,0.01]",0.001,"[65000.53,65000.43,65000.329999999994,65000.229999999996,65000.13,65000.03,64999.93,64999.829999999994,64999.729999999996,64999.63]",65000.53,"[0.001,0.002,0.003,0.004,0.005,0.006,0.007,0.008,0.009000000000000001,0.01]",0.001,4063,mock,InstrumentType.Spot,615090864,mock,BTC-USDT
2199944884,0,0,1783610797151228776,101,depth,"[65000.74,65000.84,65000.94,65001.04,65001.14,65001.24,65001.34,65001.44,65001.54,65001.64]",65000.74,"[0.001,0.002,0.003,0.004,0.005,0.006,0.007,0.008,0.009000000000000001,0.01]",0.001,"[65000.54,65000.44,65000.34,65000.24,65000.14,65000.04,64999.94,64999.84,64999.74,64999.64]",65000.54,"[0.001,0.002,0.003,0.004,0.005,0.006,0.007,0.008,0.009000000000000001,0.01]",0.001,4064,mock,InstrumentType.Spot,615091424,mock,BTC-USDT
2199944884,0,0,1783610797151528785,101,depth,"[65000.75,65000.85,65000.950000000004,65001.05,65001.15,65001.25,65001.35,65001.450000000004,65001.55,65001.65]",65000.75,"[0.001,0.002,0.003,0.004,0.005,0.006,0.007,0.008,0.009000000000000001,0.01]",0.001,"[65000.55,65000.450000000004,65000.35,65000.25,65000.15,65000.05,64999.950000000004,64999.85,64999.75,64999.65]",65000.55,"[0.001,0.002,0.003,0.004,0.005,0.006,0.007,0.008,0.009000000000000001,0.01]",0.001,4065,mock,InstrumentType.Spot,615091984,mock,BTC-USDT
2199944884,0,0,1783610797151828380,101,depth,"[65000.76,65000.86,65000.96000000001,65001.060000000005,65001.16,65001.26,65001.36,65001.46000000001,65001.560000000005,65001.66]",65000.76,"[0.001,0.002,0.003,0.004,0.005,0.006,0.007,0.008,0.009000000000000001,0.01]",0.001,"[65000.560000000005,65000.46000000001,65000.36,65000.26,65000.16,65000.060000000005,64999.96000000001,64999.86,64999.76,64999.66]",65000.560000000005,"[0.001,0.002,0.003,0.004,0.005,0.006,0.007,0.008,0.009000000000000001,0.01]",0.001,4066,mock,InstrumentType.Spot,615092544,mock,BTC-USDT
2199944884,0,0,1783610797152131855,101,depth,"[65000.77,65000.869999999995,65000.97,65001.07,65001.17,65001.27,65001.369999999995,65001.47,65001.57,65001.67]",65000.77,"[0.001,0.002,0.003,0.004,0.005,0.006,0.007,0.008,0.009000000000000001,0.01]",0.001,"[65000.57,65000.47,65000.369999999995,65000.27,65000.17,65000.07,64999.97,64999.869999999995,64999.77,64999.67]",65000.57,"[0.001,0.002,0.003,0.004,0.005,0.006,0.007,0.008,0.009000000000000001,0.01]",0.001,4067,mock,InstrumentType.Spot,615093104,mock,BTC-USDT
2199944884,0,0,1783610797152438564,101,depth,"[65000.78,65000.88,65000.98,65001.08,65001.18,65001.28,65001.38,65001.48,65001.58,65001.68]",65000.78,"[0.001,0.002,0.003,0.004,0.005,0.006,0.007,0.008,0.009000000000000001,0.01]",0.001,"[65000.58,65000.48,65000.38,65000.28,65000.18,65000.08,64999.98,64999.88,64999.78,64999.68]",65000.58,"[0.001,0.002,0.003,0.004,0.005,0.006,0.007,0.008,0.009000000000000001,0.01]",0.001,4068,mock,InstrumentType.Spot,615093664,mock,BTC-USDT
2199944884,0,0,1783610797152728456,101,depth,"[65000.79,65000.89,65000.990000000005,65001.090000000004,65001.19,65001.29,65001.39,65001.490000000005,65001.590000000004,65001.69]",65000.79,"[0.001,0.002,0.003,0.004,0.005,0.006,0.007,0.008,0.009000000000000001,0.01]",0.001,"[65000.590000000004,65000.490000000005,65000.39,65000.29,65000.19,65000.090000000004,64999.990000000005,64999.89,64999.79,64999.69]",65000.590000000004,"[0.001,0.002,0.003,0.004,0.005,0.006,0.007,0.008,0.009000000000000001,0.01]",0.001,4069,mock,InstrumentType.Spot,615094224,mock,BTC-USDT
2199944884,0,0,1783610797153028277,101,depth,"[65000.799999999996,65000.899999999994,65001.0,65001.1,65001.2,65001.299999999996,65001.399999999994,65001.5,65001.6,65001.7]",65000.799999999996,"[0.001,0.002,0.003,0.004,0.005,0.006,0.007,0.008,0.009000000000000001,0.01]",0.001,"[65000.6,65000.5,65000.399999999994,65000.299999999996,65000.2,65000.1,65000.0,64999.899999999994,64999.799999999996,64999.7]",65000.6,"[0.001,0.002,0.003,0.004,0.005,0.006,0.007,0.008,0.009000000000000001,0.01]",0.001,4070,mock,InstrumentType.Spot,615094784,mock,BTC-USDT
2199944884,0,0,1783610797153328064,101,depth,"[65000.81,65000.909999999996,65001.01,65001.11,65001.21,65001.31,65001.409999999996,65001.51,65001.61,65001.71]",65000.81,"[0.001,0.002,0.003,0.004,0.005,0.006,0.007,0.008,0.009000000000000001,0.01]",0.001,"[65000.61,65000.51,65000.409999999996,65000.31,65000.21,65000.11,65000.01,64999.909999999996,64999.81,64999.71]",65000.61,"[0.001,0.002,0.003,0.004,0.005,0.006,0.007,0.008,0.009000000000000001,0.01]",0.001,4071,mock,InstrumentType.Spot,615095344,mock,BTC-USDT
2199944884,0,0,1783610797153628207,101,depth,"[65000.82,65000.92,65001.020000000004,65001.12,65001.22,65001.32,65001.42,65001.520000000004,65001.62,65001.72]",65000.82,"[0.001,0.002,0.003,0.004,0.005,0.006,0.007,0.008,0.009000000000000001,0.01]",0.001,"[65000.62,65000.520000000004,65000.42,65000.32,65000.22,65000.12,65000.020000000004,64999.92,64999.82,64999.72]",65000.62,"[0.001,0.002,0.003,0.004,0.005,0.006,0.007,0.008,0.009000000000000001,0.01]",0.001,4072,mock,InstrumentType.Spot,615095904,mock,BTC-USDT
2199944884,0,0,1783610797153928073,101,depth,"[65000.83,65000.93,65001.030000000006,65001.130000000005,65001.23,65001.33,65001.43,65001.530000000006,65001.630000000005,65001.73]",65000.83,"[0.001,0.002,0.003,0.004,0.005,0.006,0.007,0.008,0.009000000000000001,0.01]",0.001,"[65000.630000000005,65000.530000000006,65000.43,65000.33,65000.23,65000.130000000005,65000.030000000006,64999.93,64999.83,64999.73]",65000.630000000005,"[0.001,0.002,0.003,0.004,0.005,0.006,0.007,0.008,0.009000000000000001,0.01]",0.001,4073,mock,InstrumentType.Spot,615096464,mock,BTC-USDT
2199944884,0,0,1783610797154228169,101,depth,"[65000.84,65000.939999999995,65001.04,65001.14,65001.24,65001.34,65001.439999999995,65001.54,65001.64,65001.74]",65000.84,"[0.001,0.002,0.003,0.004,0.005,0.006,0.007,0.008,0.009000000000000001,0.01]",0.001,"[65000.64,65000.54,65000.439999999995,65000.34,65000.24,65000.14,65000.04,64999.939999999995,64999.84,64999.74]",65000.64,"[0.001,0.002,0.003,0.004,0.005,0.006,0.007,0.008,0.009000000000000001,0.01]",0.001,4074,mock,InstrumentType.Spot,615097024,mock,BTC-USDT
2199944884,0,0,1783610797154528078,101,depth,"[65000.85,65000.95,65001.05,65001.15,65001.25,65001.35,65001.45,65001.55,65001.65,65001.75]",65000.85,"[0.001,0.002,0.003,0.004,0.005,0.006,0.007,0.008,0.009000000000000001,0.01]",0.001,"[65000.65,65000.55,65000.45,65000.35,65000.25,65000.15,65000.05,64999.95,64999.85,64999.75]",65000.65,"[0.001,0.002,0.003,0.004,0.005,0.006,0.007,0.008,0.009000000000000001,0.01]",0.001,4075,mock,InstrumentType.Spot,615097584,mock,BTC-USDT
2199944884,0,0,1783610797154828605,101,depth,"[65000.86,65000.96,65001.060000000005,65001.16,65001.26,65001.36,65001.46,65001.560000000005,65001.66,65001.76]",65000.86,"[0.001,0.002,0.003,0.004,0.005,0.006,0.007,0.008,0.009000000000000001,0.01]",0.001,"[65000.66,65000.560000000005,65000.46,65000.36,65000.26,65000.16,65000.060000000005,64999.96,64999.86,64999.76]",65000.66,"[0.001,0.002,0.003,0.004,0.005,0.006,0.007,0.008,0.009000000000000001,0.01]",0.001,4076,mock,InstrumentType.Spot,615098144,mock,BTC-USDT
2199944884,0,0,1783610797155135555,101,depth,"[65000.869999999995,65000.969999999994,65001.07,65001.17,65001.27,65001.369999999995,65001.469999999994,65001.57,65001.67,65001.77]",65000.869999999995,"[0.001,0.002,0.003,0.004,0.005,0.006,0.007,0.008,0.009000000000000001,0.01]",0.001,"[65000.67,65000.57,65000.469999999994,65000.369999999995,65000.27,65000.17,65000.07,64999.969999999994,64999.869999999995,64999.77]",65000.67,"[0.001,0.002,0.003,0.004,0.005,0.006,0.007,0.008,0.009000000000000001,0.01]",0.001,4077,mock,InstrumentType.Spot,615098704,mock,BTC-USDT
2199944884,0,0,1783610797155428548,101,depth,"[65000.88,65000.979999999996,65001.08,65001.18,65001.28,65001.38,65001.479999999996,65001.58,65001.68,65001.78]",65000.88,"[0.001,0.002,0.003,0.004,0.005,0.006,0.007,0.008,0.009000000000000001,0.01]",0.001,"[65000.68,65000.58,65000.479999999996,65000.38,65000.28,65000.18,65000.08,64999.979999999996,64999.88,64999.78]",65000.68,"[0.001,0.002,0.003,0.004,0.005,0.006,0.007,0.008,0.009000000000000001,0.01]",0.001,4078,mock,InstrumentType.Spot,615099264,mock,BTC-USDT
2199944884,0,0,1783610797155728719,101,depth,"[65000.89,65000.99,65001.090000000004,65001.19,65001.29,65001.39,65001.49,65001.590000000004,65001.69,65001.79]",65000.89,"[0.001,0.002,0.003,0.004,0.005,0.006,0.007,0.008,0.009000000000000001,0.01]",0.001,"[65000.69,65000.590000000004,65000.49,65000.39,65000.29,65000.19,65000.090000000004,64999.99,64999.89,64999.79]",65000.69,"[0.001,0.002,0.003,0.004,0.005,0.006,0.007,0.008,0.009000000000000001,0.01]",0.001,4079,mock,InstrumentType.Spot,615099824,mock,BTC-USDT
2199944884,0,0,1783610797156028711,101,depth,"[65000.9,65001.0,65001.100000000006,65001.200000000004,65001.3,65001.4,65001.5,65001.600000000006,65001.700000000004,65001.8]",65000.9,"[0.001,0.002,0.003,0.004,0.005,0.006,0.007,0.008,0.009000000000000001,0.01]",0.001,"[65000.700000000004,65000.600000000006,65000.5,65000.4,65000.3,65000.200000000004,65000.100000000006,65000.0,64999.9,64999.8]",65000.700000000004,"[0.001,0.002,0.003,0.004,0.005,0.006,0.007,0.008,0.009000000000000001,0.01]",0.001,4080,mock,InstrumentType.Spot,615100384,mock,BTC-USDT
2199944884,0,0,1783610797156328763,101,depth,"[65000.909999999996,65001.009999999995,65001.11,65001.21,65001.31,65001.409999999996,65001.509999999995,65001.61,65001.71,65001.81]",65000.909999999996,"[0.001,0.002,0.003,0.004,0.005,0.006,0.007,0.008,0.009000000000000001,0.01]",0.001,"[65000.71,65000.61,65000.509999999995,65000.409999999996,65000.31,65000.21,65000.11,65000.009999999995,64999.909999999996,64999.81]",65000.71,"[0.001,0.002,0.003,0.004,0.005,0.006,0.007,0.008,0.009000000000000001,0.01]",0.001,4081,mock,InstrumentType.Spot,615100944,mock,BTC-USDT
2199944884,0,0,1783610797156629206,101,depth,"[65000.92,65001.02,65001.12,65001.22,65001.32,65001.42,65001.52,65001.62,65001.72,65001.82]",65000.92,"[0.001,0.002,0.003,0.004,0.005,0.006,0.007,0.008,0.009000000000000001,0.01]",0.001,"[65000.72,65000.62,65000.52,65000.42,65000.32,65000.22,65000.12,65000.02,64999.92,64999.82]",65000.72,"[0.001,0.002,0.003,0.004,0.005,0.006,0.007,0.008,0.009000000000000001,0.01]",0.001,4082,mock,InstrumentType.Spot,615101504,mock,BTC-USDT
2199944884,0,0,1783610797156929183,101,depth,"[65000.93,65001.03,65001.130000000005,65001.23,65001.33,65001.43,65001.53,65001.630000000005,65001.73,65001.83]",65000.93,"[0.001,0.002,0.003,0.004,0.005,0.006,0.007,0.008,0.009000000000000001,0.01]",0.001,"[65000.73,65000.630000000005,65000.53,65000.43,65000.33,65000.23,65000.130000000005,65000.03,64999.93,64999.83]",65000.73,"[0.001,0.002,0.003,0.004,0.005,0.006,0.007,0.008,0.009000000000000001,0.01]",0.001,4083,mock,InstrumentType.Spot,615102064,mock,BTC-USDT
2199944884,0,0,1783610797157229024,101,depth,"[65000.939999999995,65001.03999999999,65001.14,65001.24,65001.34,65001.439999999995,65001.53999999999,65001.64,65001.74,65001.84]",65000.939999999995,"[0.001,0.002,0.003,0.004,0.005,0.006,0.007,0.008,0.009000000000000001,0.01]",0.001,"[65000.74,65000.64,65000.53999999999,65000.439999999995,65000.34,65000.24,65000.14,65000.03999999999,64999.939999999995,64999.84]",65000.74,"[0.001,0.002,0.003,0.004,0.005,0.006,0.007,0.008,0.009000000000000001,0.01]",0.001,4084,mock,InstrumentType.Spot,615102624,mock,BTC-USDT
2199944884,0,0,1783610797157531713,101,depth,"[65000.95,65001.049999999996,65001.15,65001.25,65001.35,65001.45,65001.549999999996,65001.65,65001.75,65001.85]",65000.95,"[0.001,0.002,0.003,0.004,0.005,0.006,0.007,0.008,0.009000000000000001,0.01]",0.001,"[65000.75,65000.65,65000.549999999996,65000.45,65000.35,65000.25,65000.15,65000.049999999996,64999.95,64999.85]",65000.75,"[0.001,0.002,0.003,0.004,0.005,0.006,0.007,0.008,0.009000000000000001,0.01]",0.001,4085,mock,InstrumentType.Spot,615103184,mock,BTC-USDT
2199944884,0,0,1783610797157829500,101,depth,"[65000.96,65001.06,65001.16,65001.26,65001.36,65001.46,65001.56,65001.66,65001.76,65001.86]",65000.96,"[0.001,0.002,0.003,0.004,0.005,0.006,0.007,0.008,0.009000000000000001,0.01]",0.001,"[65000.76,65000.66,65000.56,65000.46,65000.36,65000.26,65000.16,65000.06,64999.96,64999.86]",65000.76,"[0.001,0.002,0.003,0.004,0.005,0.006,0.007,0.008,0.009000000000000001,0.01]",0.001,4086,mock,InstrumentType.Spot,615103744,mock,BTC-USDT
2199944884,0,0,1783610797158143837,101,depth,"[65000.97,65001.07,65001.170000000006,65001.270000000004,65001.37,65001.47,65001.57,65001.670000000006,65001.770000000004,65001.87]",65000.97,"[0.001,0.002,0.003,0.004,0.005,0.006,0.007,0.008,0.009000000000000001,0.01]",0.001,"[65000.770000000004,65000.670000000006,65000.57,65000.47,65000.37,65000.270000000004,65000.170000000006,65000.07,64999.97,64999.87]",65000.770000000004,"[0.001,0.002,0.003,0.004,0.005,0.006,0.007,0.008,0.009000000000000001,0.01]",0.001,4087,mock,InstrumentType.Spot,615104304,mock,BTC-USDT
2199944884,0,0,1783610797158428911,101,depth,"[65000.979999999996,65001.079999999994,65001.18,65001.28,65001.38,65001.479999999996,65001.579999999994,65001.68,65001.78,65001.88]",65000.979999999996,"[0.001,0.002,0.003,0.004,0.005,0.006,0.007,0.008,0.009000000000000001,0.01]",0.001,"[65000.78,65000.68,65000.579999999994,65000.479999999996,65000.38,65000.28,65000.18,65000.079999999994,64999.979999999996,64999.88]",65000.78,"[0.001,0.002,0.003,0.004,0.005,0.006,0.007,0.008,0.009000000000000001,0.01]",0.001,4088,mock,InstrumentType.Spot,615104864,mock,BTC-USDT
2199944884,0,0,1783610797158728263,101,depth,"[65000.99,65001.09,65001.19,65001.29,65001.39,65001.49,65001.59,65001.69,65001.79,65001.89]",65000.99,"[0.001,0.002,0.003,0.004,0.005,0.006,0.007,0.008,0.009000000000000001,0.01]",0.001,"[65000.79,65000.69,65000.59,65000.49,65000.39,65000.29,65000.19,65000.09,64999.99,64999.89]",65000.79,"[0.001,0.002,0.003,0.004,0.005,0.006,0.007,0.008,0.009000000000000001,0.01]",0.001,4089,mock,InstrumentType.Spot,615105424,mock,BTC-USDT
2199944884,0,0,1783610797159028546,101,depth,"[65001.0,65001.1,65001.200000000004,65001.3,65001.4,65001.5,65001.6,65001.700000000004,65001.8,65001.9]",65001.0,"[0.001,0.002,0.003,0.004,0.005,0.006,0.007,0.008,0.009000000000000001,0.01]",0.001,"[65000.8,65000.700000000004,65000.6,65000.5,65000.4,65000.3,65000.200000000004,65000.1,65000.0,64999.9]",65000.8,"[0.001,0.002,0.003,0.004,0.005,0.006,0.007,0.008,0.009000000000000001,0.01]",0.001,4090,mock,InstrumentType.Spot,615105984,mock,BTC-USDT
2199944884,0,0,1783610797159328433,101,depth,"[65001.01,65001.11,65001.21000000001,65001.310000000005,65001.41,65001.51,65001.61,65001.71000000001,65001.810000000005,65001.91]",65001.01,"[0.001,0.002,0.003,0.004,0.005,0.006,0.007,0.008,0.009000000000000001,0.01]",0.001,"[65000.810000000005,65000.71000000001,65000.61,65000.51,65000.41,65000.310000000005,65000.21000000001,65000.11,65000.01,64999.91]",65000.810000000005,"[0.001,0.002,0.003,0.004,0.005,0.006,0.007,0.008,0.009000000000000001,0.01]",0.001,4091,mock,InstrumentType.Spot,615106544,mock,BTC-USDT
2199944884,0,0,1783610797159628352,101,depth,"[65001.02,65001.119999999995,65001.22,65001.32,65001.42,65001.52,65001.619999999995,65001.72,65001.82,65001.92]",65001.02,"[0.001,0.002,0.003,0.004,0.005,0.006,0.007,0.008,0.009000000000000001,0.01]",0.001,"[65000.82,65000.72,65000.619999999995,65000.52,65000.42,65000.32,65000.22,65000.119999999995,65000.02,64999.92]",65000.82,"[0.001,0.002,0.003,0.004,0.005,0.006,0.007,0.008,0.009000000000000001,0.01]",0.001,4092,mock,InstrumentType.Spot,615107104,mock,BTC-USDT
2199944884,0,0,1783610797159928120,101,depth,"[65001.03,65001.13,65001.23,65001.33,65001.43,65001.53,65001.63,65001.73,65001.83,65001.93]",65001.03,"[0.001,0.002,0.003,0.004,0.005,0.006,0.007,0.008,0.009000000000000001,0.01]",0.001,"[65000.83,65000.73,65000.63,65000.53,65000.43,65000.33,65000.23,65000.13,65000.03,64999.93]",65000.83,"[0.001,0.002,0.003,0.004,0.005,0.006,0.007,0.008,0.009000000000000001,0.01]",0.001,4093,mock,InstrumentType.Spot,615107664,mock,BTC-USDT
2199944884,0,0,1783610797160228316,101,depth,"[65001.04,65001.14,65001.240000000005,65001.340000000004,65001.44,65001.54,65001.64,65001.740000000005,65001.840000000004,65001.94]",65001.04,"[0.001,0.002,0.003,0.004,0.005,0.006,0.007,0.008,0.009000000000000001,0.01]",0.001,"[65000.840000000004,65000.740000000005,65000.64,65000.54,65000.44,65000.340000000004,65000.240000000005,65000.14,65000.04,64999.94]",65000.840000000004,"[0.001,0.002,0.003,0.004,0.005,0.006,0.007,0.008,0.009000000000000001,0.01]",0.001,4094,mock,InstrumentType.Spot,615108224,mock,BTC-USDT
2199944884,0,0,1783610797160528106,101,depth,"[65001.049999999996,65001.149999999994,65001.25,65001.35,65001.45,65001.549999999996,65001.649999999994,65001.75,65001.85,65001.95]",65001.049999999996,"[0.001,0.002,0.003,0.004,0.005,0.006,0.007,0.008,0.009000000000000001,0.01]",0.001,"[65000.85,65000.75,65000.649999999994,65000.549999999996,65000.45,65000.35,65000.25,65000.149999999994,65000.049999999996,64999.95]",65000.85,"[0.001,0.002,0.003,0.004,0.005,0.006,0.007,0.008,0.009000000000000001,0.01]",0.001,4095,mock,InstrumentType.Spot,615108784,mock,BTC-USDT
2199944884,0,0,1783610797160834520,101,depth,"[65001.06,65001.159999999996,65001.26,65001.36,65001.46,65001.56,65001.659999999996,65001.76,65001.86,65001.96]",65001.06,"[0.001,0.002,0.003,0.004,0.005,0.006,0.007,0.008,0.009000000000000001,0.01]",0.001,"[65000.86,65000.76,65000.659999999996,65000.56,65000.46,65000.36,65000.26,65000.159999999996,65000.06,64999.96]",65000.86,"[0.001,0.002,0.003,0.004,0.005,0.006,0.007,0.008,0.009000000000000001,0.01]",0.001,4096,mock,InstrumentType.Spot,615109344,mock,BTC-USDT
2199944884,0,0,1783610797161127937,101,depth,"[65001.07,65001.17,65001.270000000004,65001.37,65001.47,65001.57,65001.67,65001.770000000004,65001.87,65001.97]",65001.07,"[0.001,0.002,0.003,0.004,0.005,0.006,0.007,0.008,0.009000000000000001,0.01]",0.001,"[65000.87,65000.770000000004,65000.67,65000.57,65000.47,65000.37,65000.270000000004,65000.17,65000.07,64999.97]",65000.87,"[0.001,0.002,0.003,0.004,0.005,0.006,0.007,0.008,0.009000000000000001,0.01]",0.001,4097,mock,InstrumentType.Spot,615109904,mock,BTC-USDT
2199944884,0,0,1783610797161427918,101,depth,"[65001.08,65001.18,65001.280000000006,65001.380000000005,65001.48,65001.58,65001.68,65001.780000000006,65001.880000000005,65001.98]",65001.08,"[0.001,0.002,0.003,0.004,0.005,0.006,0.007,0.008,0.009000000000000001,0.01]",0.001,"[65000.880000000005,65000.780000000006,65000.68,65000.58,65000.48,65000.380000000005,65000.280000000006,65000.18,65000.08,64999.98]",65000.880000000005,"[0.001,0.002,0.003,0.004,0.005,0.006,0.007,0.008,0.009000000000000001,0.01]",0.001,4098,mock,InstrumentType.Spot,615110464,mock,BTC-USDT
2199944884,0,0,1783610797161728436,101,depth,"[65001.09,65001.189999999995,65001.29,65001.39,65001.49,65001.59,65001.689999999995,65001.79,65001.89,65001.99]",65001.09,"[0.001,0.002,0.003,0.004,0.005,0.006,0.007,0.008,0.009000000000000001,0.01]",0.001,"[65000.89,65000.79,65000.689999999995,65000.59,65000.49,65000.39,65000.29,65000.189999999995,65000.09,64999.99]",65000.89,"[0.001,0.002,0.003,0.004,0.005,0.006,0.007,0.008,0.009000000000000001,0.01]",0.001,4099,mock,InstrumentType.Spot,615111024,mock,BTC-USDT
2199944884,0,0,1783610797162028151,101,depth,"[65000.1,65000.2,65000.3,65000.4,65000.5,65000.6,65000.7,65000.8,65000.9,65001.0]",65000.1,"[0.001,0.002,0.003,0.004,0.005,0.006,0.007,0.008,0.009000000000000001,0.01]",0.001,"[64999.9,64999.8,64999.7,64999.6,64999.5,64999.4,64999.3,64999.2,64999.1,64999.0]",64999.9,"[0.001,0.002,0.003,0.004,0.005,0.006,0.007,0.008,0.009000000000000001,0.01]",0.001,4100,mock,InstrumentType.Spot,615111584,mock,BTC-USDT
2199944884,0,0,1783610797162328265,101,depth,"[65000.11,65000.21,65000.310000000005,65000.41,65000.51,65000.61,65000.71,65000.810000000005,65000.91,65001.01]",65000.11,"[0.001,0.002,0.003,0.004,0.005,0.006,0.007,0.008,0.009000000000000001,0.01]",0.001,"[64999.91,64999.810000000005,64999.71,64999.61,64999.51,64999.41,64999.310000000005,64999.21,64999.11,64999.01]",64999.91,"[0.001,0.002,0.003,0.004,0.005,0.006,0.007,0.008,0.009000000000000001,0.01]",0.001,4101,mock,InstrumentType.Spot,615112144,mock,BTC-USDT
2199944884,0,0,1783610797162628310,101,depth,"[65000.119999999995,65000.219999999994,65000.32,65000.42,65000.52,65000.619999999995,65000.719999999994,65000.82,65000.92,65001.02]",65000.119999999995,"[0.001,0.002,0.003,0.004,0.005,0.006,0.007,0.008,0.009000000000000001,0.01]",0.001,"[64999.92,64999.82,64999.719999999994,64999.619999999995,64999.52,64999.42,64999.32,64999.219999999994,64999.119999999995,64999.02]",64999.92,"[0.001,0.002,0.003,0.004,0.005,0.006,0.007,0.008,0.009000000000000001,0.01]",0.001,4102,mock,InstrumentType.Spot,615112704,mock,BTC-USDT
2199944884,0,0,1783610797162928664,101,depth,"[65000.13,65000.229999999996,65000.33,65000.43,65000.53,65000.63,65000.729999999996,65000.83,65000.93,65001.03]",65000.13,"[0.001,0.002,0.003,0.004,0.005,0.006,0.007,0.008,0.009000000000000001,0.01]",0.001,"[64999.93,64999.83,64999.729999999996,64999.63,64999.53,64999.43,64999.33,64999.229999999996,64999.13,64999.03]",64999.93,"[0.001,0.002,0.003,0.004,0.005,0.006,0.007,0.008,0.009000000000000001,0.01]",0.001,4103,mock,InstrumentType.Spot,615113264,mock,BTC-USDT
2199944884,0,0,1783610797163231478,101,depth,"[65000.14,65000.24,65000.340000000004,65000.44,65000.54,65000.64,65000.74,65000.840000000004,65000.94,65001.04]",65000.14,"[0.001,0.002,0.003,0.004,0.005,0.006,0.007,0.008,0.009000000000000001,0.01]",0.001,"[64999.94,64999.840000000004,64999.74,64999.64,64999.54,64999.44,64999.340000000004,64999.24,64999.14,64999.04]",64999.94,"[0.001,0.002,0.003,0.004,0.005,0.006,0.007,0.008,0.009000000000000001,0.01]",0.001,4104,mock,InstrumentType.Spot,615113824,mock,BTC-USDT
2199944884,0,0,1783610797163528787,101,depth,"[65000.15,65000.25,65000.350000000006,65000.450000000004,65000.55,65000.65,65000.75,65000.850000000006,65000.950000000004,65001.05]",65000.15,"[0.001,0.002,0.003,0.004,0.005,0.006,0.007,0.008,0.009000000000000001,0.01]",0.001,"[64999.950000000004,64999.850000000006,64999.75,64999.65,64999.55,64999.450000000004,64999.350000000006,64999.25,64999.15,64999.05]",64999.950000000004,"[0.001,0.002,0.003,0.004,0.005,0.006,0.007,0.008,0.009000000000000001,0.01]",0.001,4105,mock,InstrumentType.Spot,615114384,mock,BTC-USDT
2199944884,0,0,1783610797163845903,101,depth,"[65000.159999999996,65000.259999999995,65000.36,65000.46,65000.56,65000.659999999996,65000.759999999995,65000.86,65000.96,65001.06]",65000.159999999996,"[0.001,0.002,0.003,0.004,0.005,0.006,0.007,0.008,0.009000000000000001,0.01]",0.001,"[64999.96,64999.86,64999.759999999995,64999.659999999996,64999.56,64999.46,64999.36,64999.259999999995,64999.159999999996,64999.06]",64999.96,"[0.001,0.002,0.003,0.004,0.005,0.006,0.007,0.008,0.009000000000000001,0.01]",0.001,4106,mock,InstrumentType.Spot,615114944,mock,BTC-USDT
2199944884,0,0,1783610797164131717,101,depth,"[65000.17,65000.27,65000.37,65000.47,65000.57,65000.67,65000.77,65000.87,65000.97,65001.07]",65000.17,"[0.001,0.002,0.003,0.004,0.005,0.006,0.007,0.008,0.009000000000000001,0.01]",0.001,"[64999.97,64999.87,64999.77,64999.67,64999.57,64999.47,64999.37,64999.27,64999.17,64999.07]",64999.97,"[0.001,0.002,0.003,0.004,0.005,0.006,0.007,0.008,0.009000000000000001,0.01]",0.001,4107,mock,InstrumentType.Spot,615115504,mock,BTC-USDT
2199944884,0,0,1783610797164429857,101,depth,"[65000.18,65000.28,65000.380000000005,65000.48,65000.58,65000.68,65000.78,65000.880000000005,65000.98,65001.08]",65000.18,"[0.001,0.002,0.003,0.004,0.005,0.006,0.007,0.008,0.009000000000000001,0.01]",0.001,"[64999.98,64999.880000000005,64999.78,64999.68,64999.58,64999.48,64999.380000000005,64999.28,64999.18,64999.08]",64999.98,"[0.001,0.002,0.003,0.004,0.005,0.006,0.007,0.008,0.009000000000000001,0.01]",0.001,4108,mock,InstrumentType.Spot,615116064,mock,BTC-USDT
2199944884,0,0,1783610797164728603,101,depth,"[65000.189999999995,65000.28999999999,65000.39,65000.49,65000.59,65000.689999999995,65000.78999999999,65000.89,65000.99,65001.09]",65000.189999999995,"[0.001,0.002,0.003,0.004,0.005,0.006,0.007,0.008,0.009000000000000001,0.01]",0.001,"[64999.99,64999.89,64999.78999999999,64999.689999999995,64999.59,64999.49,64999.39,64999.28999999999,64999.189999999995,64999.09]",64999.99,"[0.001,0.002,0.003,0.004,0.005,0.006,0.007,0.008,0.009000000000000001,0.01]",0.001,4109,mock,InstrumentType.Spot,615116624,mock,BTC-USDT
2199944884,0,0,1783610797165028106,101,depth,"[65000.2,65000.299999999996,65000.4,65000.5,65000.6,65000.7,65000.799999999996,65000.9,65001.0,65001.1]",65000.2,"[0.001,0.002,0.003,0.004,0.005,0.006,0.007,0.008,0.009000000000000001,0.01]",0.001,"[65000.0,64999.9,64999.799999999996,64999.7,64999.6,64999.5,64999.4,64999.299999999996,64999.2,64999.1]",65000.0,"[0.001,0.002,0.003,0.004,0.005,0.006,0.007,0.008,0.009000000000000001,0.01]",0.001,4110,mock,InstrumentType.Spot,615117184,mock,BTC-USDT
2199944884,0,0,1783610797165327890,101,depth,"[65000.21,65000.31,65000.41,65000.51,65000.61,65000.71,65000.81,65000.91,65001.01,65001.11]",65000.21,"[0.001,0.002,0.003,0.004,0.005,0.006,0.007,0.008,0.009000000000000001,0.01]",0.001,"[65000.01,64999.91,64999.81,64999.71,64999.61,64999.51,64999.41,64999.31,64999.21,64999.11]",65000.01,"[0.001,0.002,0.003,0.004,0.005,0.006,0.007,0.008,0.009000000000000001,0.01]",0.001,4111,mock,InstrumentType.Spot,615117744,mock,BTC-USDT
2199944884,0,0,1783610797165628338,101,depth,"[65000.22,65000.32,65000.420000000006,65000.520000000004,65000.62,65000.72,65000.82,65000.920000000006,65001.020000000004,65001.12]",65000.22,"[0.001,0.002,0.003,0.004,0.005,0.006,0.007,0.008,0.009000000000000001,0.01]",0.001,"[65000.020000000004,64999.920000000006,64999.82,64999.72,64999.62,64999.520000000004,64999.420000000006,64999.32,64999.22,64999.12]",65000.020000000004,"[0.001,0.002,0.003,0.004,0.005,0.006,0.007,0.008,0.009000000000000001,0.01]",0.001,4112,mock,InstrumentType.Spot,615118304,mock,BTC-USDT
2199944884,0,0,1783610797165928604,101,depth,"[65000.229999999996,65000.329999999994,65000.43,65000.53,65000.63,65000.729999999996,65000.829999999994,65000.93,65001.03,65001.13]",65000.229999999996,"[0.001,0.002,0.003,0.004,0.005,0.006,0.007,0.008,0.009000000000000001,0.01]",0.001,"[65000.03,64999.93,64999.829999999994,64999.729999999996,64999.63,64999.53,64999.43,64999.329999999994,64999.229999999996,64999.13]",65000.03,"[0.001,0.002,0.003,0.004,0.005,0.006,0.007,0.008,0.009000000000000001,0.01]",0.001,4113,mock,InstrumentType.Spot,615118864,mock,BTC-USDT
2199944884,0,0,1783610797166228232,101,depth,"[65000.24,65000.34,65000.44,65000.54,65000.64,65000.74,65000.84,65000.94,65001.04,65001.14]",65000.24,"[0.001,0.002,0.003,0.004,0.005,0.006,0.007,0.008,0.009000000000000001,0.01]",0.001,"[65000.04,64999.94,64999.84,64999.74,64999.64,64999.54,64999.44,64999.34,64999.24,64999.14]",65000.04,"[0.001,0.002,0.003,0.004,0.005,0.006,0.007,0.008,0.009000000000000001,0.01]",0.001,4114,mock,InstrumentType.Spot,615119424,mock,BTC-USDT
2199944884,0,0,1783610797166548231,101,depth,"[65000.25,65000.35,65000.450000000004,65000.55,65000.65,65000.75,65000.85,65000.950000000004,65001.05,65001.15]",65000.25,"[0.001,0.002,0.003,0.004,0.005,0.006,0.007,0.008,0.009000000000000001,0.01]",0.001,"[65000.05,64999.950000000004,64999.85,64999.75,64999.65,64999.55,64999.450000000004,64999.35,64999.25,64999.15]",65000.05,"[0.001,0.002,0.003,0.004,0.005,0.006,0.007,0.008,0.009000000000000001,0.01]",0.001,4115,mock,InstrumentType.Spot,615119984,mock,BTC-USDT
2199944884,0,0,1783610797166830201,101,depth,"[65000.26,65000.36,65000.46000000001,65000.560000000005,65000.66,65000.76,65000.86,65000.96000000001,65001.060000000005,65001.16]",65000.26,"[0.001,0.002,0.003,0.004,0.005,0.006,0.007,0.008,0.009000000000000001,0.01]",0.001,"[65000.060000000005,64999.96000000001,64999.86,64999.76,64999.66,64999.560000000005,64999.46000000001,64999.36,64999.26,64999.16]",65000.060000000005,"[0.001,0.002,0.003,0.004,0.005,0.006,0.007,0.008,0.009000000000000001,0.01]",0.001,4116,mock,InstrumentType.Spot,615120544,mock,BTC-USDT
2199944884,0,0,1783610797167128971,101,depth,"[65000.27,65000.369999999995,65000.47,65000.57,65000.67,65000.77,65000.869999999995,65000.97,65001.07,65001.17]",65000.27,"[0.001,0.002,0.003,0.004,0.005,0.006,0.007,0.008,0.009000000000000001,0.01]",0.001,"[65000.07,64999.97,64999.869999999995,64999.77,64999.67,64999.57,64999.47,64999.369999999995,64999.27,64999.17]",65000.07,"[0.001,0.002,0.003,0.004,0.005,0.006,0.007,0.008,0.009000000000000001,0.01]",0.001,4117,mock,InstrumentType.Spot,615121104,mock,BTC-USDT
2199944884,0,0,1783610797167428611,101,depth,"[65000.28,65000.38,65000.48,65000.58,65000.68,65000.78,65000.88,65000.98,65001.08,65001.18]",65000.28,"[0.001,0.002,0.003,0.004,0.005,0.006,0.007,0.008,0.009000000000000001,0.01]",0.001,"[65000.08,64999.98,64999.88,64999.78,64999.68,64999.58,64999.48,64999.38,64999.28,64999.18]",65000.08,"[0.001,0.002,0.003,0.004,0.005,0.006,0.007,0.008,0.009000000000000001,0.01]",0.001,4118,mock,InstrumentType.Spot,615121664,mock,BTC-USDT
2199944884,0,0,1783610797167728203,101,depth,"[65000.29,65000.39,65000.490000000005,65000.590000000004,65000.69,65000.79,65000.89,65000.990000000005,65001.090000000004,65001.19]",65000.29,"[0.001,0.002,0.003,0.004,0.005,0.006,0.007,0.008,0.009000000000000001,0.01]",0.001,"[65000.090000000004,64999.990000000005,64999.89,64999.79,64999.69,64999.590000000004,64999.490000000005,64999.39,64999.29,64999.19]",65000.090000000004,"[0.001,0.002,0.003,0.004,0.005,0.006,0.007,0.008,0.009000000000000001,0.01]",0.001,4119,mock,InstrumentType.Spot,615122224,mock,BTC-USDT
2199944884,0,0,1783610797168028308,101,depth,"[65000.299999999996,65000.399999999994,65000.5,65000.6,65000.7,65000.799999999996,65000.899999999994,65001.0,65001.1,65001.2]",65000.299999999996,"[0.001,0.002,0.003,0.004,0.005,0.006,0.007,0.008,0.009000000000000001,0.01]",0.001,"[65000.1,65000.0,64999.899999999994,64999.799999999996,64999.7,64999.6,64999.5,64999.399999999994,64999.299999999996,64999.2]",65000.1,"[0.001,0.002,0.003,0.004,0.005,0.006,0.007,0.008,0.009000000000000001,0.01]",0.001,4120,mock,InstrumentType.Spot,615122784,mock,BTC-USDT
2199944884,0,0,1783610797168328284,101,depth,"[65000.31,65000.409999999996,65000.51,65000.61,65000.71,65000.81,65000.909999999996,65001.01,65001.11,65001.21]",65000.31,"[0.001,0.002,0.003,0.004,0.005,0.006,0.007,0.008,0.009000000000000001,0.01]",0.001,"[65000.11,65000.01,64999.909999999996,64999.81,64999.71,64999.61,64999.51,64999.409999999996,64999.31,64999.21]",65000.11,"[0.001,0.002,0.003,0.004,0.005,0.006,0.007,0.008,0.009000000000000001,0.01]",0.001,4121,mock,InstrumentType.Spot,615123344,mock,BTC-USDT
2199944884,0,0,1783610797168628203,101,depth,"[65000.32,65000.42,65000.520000000004,65000.62,65000.72,65000.82,65000.92,65001.020000000004,65001.12,65001.22]",65000.32,"[0.001,0.002,0.003,0.004,0.005,0.006,0.007,0.008,0.009000000000000001,0.01]",0.001,"[65000.12,65000.020000000004,64999.92,64999.82,64999.72,64999.62,64999.520000000004,64999.42,64999.32,64999.22]",65000.12,"[0.001,0.002,0.003,0.004,0.005,0.006,0.007,0.008,0.009000000000000001,0.01]",0.001,4122,mock,InstrumentType.Spot,615123904,mock,BTC-USDT
2199944884,0,0,1783610797168927782,101,depth,"[65000.33,65000.43,65000.530000000006,65000.630000000005,65000.73,65000.83,65000.93,65001.030000000006,65001.130000000005,65001.23]",65000.33,"[0.001,0.002,0.003,0.004,0.005,0.006,0.007,0.008,0.009000000000000001,0.01]",0.001,"[65000.130000000005,65000.030000000006,64999.93,64999.83,64999.73,64999.630000000005,64999.530000000006,64999.43,64999.33,64999.23]",65000.130000000005,"[0.001,0.002,0.003,0.004,0.005,0.006,0.007,0.008,0.009000000000000001,0.01]",0.001,4123,mock,InstrumentType.Spot,615124464,mock,BTC-USDT
2199944884,0,0,1783610797169227962,101,depth,"[65000.34,65000.439999999995,65000.54,65000.64,65000.74,65000.84,65000.939999999995,65001.04,65001.14,65001.24]",65000.34,"[0.001,0.002,0.003,0.004,0.005,0.006,0.007,0.008,0.009000000000000001,0.01]",0.001,"[65000.14,65000.04,64999.939999999995,64999.84,64999.74,64999.64,64999.54,64999.439999999995,64999.34,64999.24]",65000.14,"[0.001,0.002,0.003,0.004,0.005,0.006,0.007,0.008,0.009000000000000001,0.01]",0.001,4124,mock,InstrumentType.Spot,615125024,mock,BTC-USDT
2199944884,0,0,1783610797169542630,101,depth,"[65000.35,65000.45,65000.55,65000.65,65000.75,65000.85,65000.95,65001.05,65001.15,65001.25]",65000.35,"[0.001,0.002,0.003,0.004,0.005,0.006,0.007,0.008,0.009000000000000001,0.01]",0.001,"[65000.15,65000.05,64999.95,64999.85,64999.75,64999.65,64999.55,64999.45,64999.35,64999.25]",65000.15,"[0.001,0.002,0.003,0.004,0.005,0.006,0.007,0.008,0.009000000000000001,0.01]",0.001,4125,mock,InstrumentType.Spot,615125584,mock,BTC-USDT
2199944884,0,0,1783610797169828379,101,depth,"[65000.36,65000.46,65000.560000000005,65000.66,65000.76,65000.86,65000.96,65001.060000000005,65001.16,65001.26]",65000.36,"[0.001,0.002,0.003,0.004,0.005,0.006,0.007,0.008,0.009000000000000001,0.01]",0.001,"[65000.16,65000.060000000005,64999.96,64999.86,64999.76,64999.66,64999.560000000005,64999.46,64999.36,64999.26]",65000.16,"[0.001,0.002,0.003,0.004,0.005,0.006,0.007,0.008,0.009000000000000001,0.01]",0.001,4126,mock,InstrumentType.Spot,614861040,mock,BTC-USDT
2199944884,0,0,1783610797170128159,101,depth,"[65000.369999999995,65000.469999999994,65000.57,65000.67,65000.77,65000.869999999995,65000.969999999994,65001.07,65001.17,65001.27]",65000.369999999995,"[0.001,0.002,0.003,0.004,0.005,0.006,0.007,0.008,0.009000000000000001,0.01]",0.001,"[65000.17,65000.07,64999.969999999994,64999.869999999995,64999.77,64999.67,64999.57,64999.469999999994,64999.369999999995,64999.27]",65000.17,"[0.001,0.002,0.003,0.004,0.005,0.006,0.007,0.008,0.009000000000000001,0.01]",0.001,4127,mock,InstrumentType.Spot,614861600,mock,BTC-USDT
2199944884,0,0,1783610797170428102,101,depth,"[65000.38,65000.479999999996,65000.58,65000.68,65000.78,65000.88,65000.979999999996,65001.08,65001.18,65001.28]",65000.38,"[0.001,0.002,0.003,0.004,0.005,0.006,0.007,0.008,0.009000000000000001,0.01]",0.001,"[65000.18,65000.08,64999.979999999996,64999.88,64999.78,64999.68,64999.58,64999.479999999996,64999.38,64999.28]",65000.18,"[0.001,0.002,0.003,0.004,0.005,0.006,0.007,0.008,0.009000000000000001,0.01]",0.001,4128,mock,InstrumentType.Spot,614862160,mock,BTC-USDT
2199944884,0,0,1783610797170728452,101,depth,"[65000.39,65000.49,65000.590000000004,65000.69,65000.79,65000.89,65000.99,65001.090000000004,65001.19,65001.29]",65000.39,"[0.001,0.002,0.003,0.004,0.005,0.006,0.007,0.008,0.009000000000000001,0.01]",0.001,"[65000.19,65000.090000000004,64999.99,64999.89,64999.79,64999.69,64999.590000000004,64999.49,64999.39,64999.29]",65000.19,"[0.001,0.002,0.003,0.004,0.005,0.006,0.007,0.008,0.009000000000000001,0.01]",0.001,4129,mock,InstrumentType.Spot,614862720,mock,BTC-USDT
2199944884,0,0,1783610797171028499,101,depth,"[65000.4,65000.5,65000.600000000006,65000.700000000004,65000.8,65000.9,65001.0,65001.100000000006,65001.200000000004,65001.3]",65000.4,"[0.001,0.002,0.003,0.004,0.005,0.006,0.007,0.008,0.009000000000000001,0.01]",0.001,"[65000.200000000004,65000.100000000006,65000.0,64999.9,64999.8,64999.700000000004,64999.600000000006,64999.5,64999.4,64999.3]",65000.200000000004,"[0.001,0.002,0.003,0.004,0.005,0.006,0.007,0.008,0.009000000000000001,0.01]",0.001,4130,mock,InstrumentType.Spot,614863280,mock,BTC-USDT
2199944884,0,0,1783610797171328381,101,depth,"[65000.409999999996,65000.509999999995,65000.61,65000.71,65000.81,65000.909999999996,65001.009999999995,65001.11,65001.21,65001.31]",65000.409999999996,"[0.001,0.002,0.003,0.004,0.005,0.006,0.007,0.008,0.009000000000000001,0.01]",0.001,"[65000.21,65000.11,65000.009999999995,64999.909999999996,64999.81,64999.71,64999.61,64999.509999999995,64999.409999999996,64999.31]",65000.21,"[0.001,0.002,0.003,0.004,0.005,0.006,0.007,0.008,0.009000000000000001,0.01]",0.001,4131,mock,InstrumentType.Spot,614863840,mock,BTC-USDT
2199944884,0,0,1783610797171628819,101,depth,"[65000.42,65000.52,65000.62,65000.72,65000.82,65000.92,65001.02,65001.12,65001.22,65001.32]",65000.42,"[0.001,0.002,0.003,0.004,0.005,0.006,0.007,0.008,0.009000000000000001,0.01]",0.001,"[65000.22,65000.12,65000.02,64999.92,64999.82,64999.72,64999.62,64999.52,64999.42,64999.32]",65000.22,"[0.001,0.002,0.003,0.004,0.005,0.006,0.007,0.008,0.009000000000000001,0.01]",0.001,4132,mock,InstrumentType.Spot,614864400,mock,BTC-USDT
2199944884,0,0,1783610797171928723,101,depth,"[65000.43,65000.53,65000.630000000005,65000.73,65000.83,65000.93,65001.03,65001.130000000005,65001.23,65001.33]",65000.43,"[0.001,0.002,0.003,0.004,0.005,0.006,0.007,0.008,0.009000000000000001,0.01]",0.001,"[65000.23,65000.130000000005,65000.03,64999.93,64999.83,64999.73,64999.630000000005,64999.53,64999.43,64999.33]",65000.23,"[0.001,0.002,0.003,0.004,0.005,0.006,0.007,0.008,0.009000000000000001,0.01]",0.001,4133,mock,InstrumentType.Spot,614864960,mock,BTC-USDT
2199944884,0,0,1783610797172236690,101,depth,"[65000.439999999995,65000.53999999999,65000.64,65000.74,65000.84,65000.939999999995,65001.03999999999,65001.14,65001.24,65001.34]",65000.439999999995,"[0.001,0.002,0.003,0.004,0.005,0.006,0.007,0.008,0.009000000000000001,0.01]",0.001,"[65000.24,65000.14,65000.03999999999,64999.939999999995,64999.84,64999.74,64999.64,64999.53999999999,64999.439999999995,64999.34]",65000.24,"[0.001,0.002,0.003,0.004,0.005,0.006,0.007,0.008,0.009000000000000001,0.01]",0.001,4134,mock,InstrumentType.Spot,614865520,mock,BTC-USDT
2199944884,0,0,1783610797172528974,101,depth,"[65000.45,65000.549999999996,65000.65,65000.75,65000.85,65000.95,65001.049999999996,65001.15,65001.25,65001.35]",65000.45,"[0.001,0.002,0.003,0.004,0.005,0.006,0.007,0.008,0.009000000000000001,0.01]",0.001,"[65000.25,65000.15,65000.049999999996,64999.95,64999.85,64999.75,64999.65,64999.549999999996,64999.45,64999.35]",65000.25,"[0.001,0.002,0.003,0.004,0.005,0.006,0.007,0.008,0.009000000000000001,0.01]",0.001,4135,mock,InstrumentType.Spot,614866080,mock,BTC-USDT
2199944884,0,0,1783610797172828339,101,depth,"[65000.46,65000.56,65000.66,65000.76,65000.86,65000.96,65001.06,65001.16,65001.26,65001.36]",65000.46,"[0.001,0.002,0.003,0.004,0.005,0.006,0.007,0.008,0.009000000000000001,0.01]",0.001,"[65000.26,65000.16,65000.06,64999.96,64999.86,64999.76,64999.66,64999.56,64999.46,64999.36]",65000.26,"[0.001,0.002,0.003,0.004,0.005,0.006,0.007,0.008,0.009000000000000001,0.01]",0.001,4136,mock,InstrumentType.Spot,614866640,mock,BTC-USDT
2199944884,0,0,1783610797173128556,101,depth,"[65000.47,65000.57,65000.670000000006,65000.770000000004,65000.87,65000.97,65001.07,65001.170000000006,65001.270000000004,65001.37]",65000.47,"[0.001,0.002,0.003,0.004,0.005,0.006,0.007,0.008,0.009000000000000001,0.01]",0.001,"[65000.270000000004,65000.170000000006,65000.07,64999.97,64999.87,64999.770000000004,64999.670000000006,64999.57,64999.47,64999.37]",65000.270000000004,"[0.001,0.002,0.003,0.004,0.005,0.006,0.007,0.008,0.009000000000000001,0.01]",0.001,4137,mock,InstrumentType.Spot,614867200,mock,BTC-USDT
2199944884,0,0,1783610797173428532,101,depth,"[65000.479999999996,65000.579999999994,65000.68,65000.78,65000.88,65000.979999999996,65001.079999999994,65001.18,65001.28,65001.38]",65000.479999999996,"[0.001,0.002,0.003,0.004,0.005,0.006,0.007,0.008,0.009000000000000001,0.01]",0.001,"[65000.28,65000.18,65000.079999999994,64999.979999999996,64999.88,64999.78,64999.68,64999.579999999994,64999.479999999996,64999.38]",65000.28,"[0.001,0.002,0.003,0.004,0.005,0.006,0.007,0.008,0.009000000000000001,0.01]",0.001,4138,mock,InstrumentType.Spot,614867760,mock,BTC-USDT
2199944884,0,0,1783610797173728169,101,depth,"[65000.49,65000.59,65000.69,65000.79,65000.89,65000.99,65001.09,65001.19,65001.29,65001.39]",65000.49,"[0.001,0.002,0.003,0.004,0.005,0.006,0.007,0.008,0.009000000000000001,0.01]",0.001,"[65000.29,65000.19,65000.09,64999.99,64999.89,64999.79,64999.69,64999.59,64999.49,64999.39]",65000.29,"[0.001,0.002,0.003,0.004,0.005,0.006,0.007,0.008,0.009000000000000001,0.01]",0.001,4139,mock,InstrumentType.Spot,614868320,mock,BTC-USDT
2199944884,0,0,1783610797174028136,101,depth,"[65000.5,65000.6,65000.700000000004,65000.8,65000.9,65001.0,65001.1,65001.200000000004,65001.3,65001.4]",65000.5,"[0.001,0.002,0.003,0.004,0.005,0.006,0.007,0.008,0.009000000000000001,0.01]",0.001,"[65000.3,65000.200000000004,65000.1,65000.0,64999.9,64999.8,64999.700000000004,64999.6,64999.5,64999.4]",65000.3,"[0.001,0.002,0.003,0.004,0.005,0.006,0.007,0.008,0.009000000000000001,0.01]",0.001,4140,mock,InstrumentType.Spot,614868880,mock,BTC-USDT
2199944884,0,0,1783610797174331473,101,depth,"[65000.51,65000.61,65000.71000000001,65000.810000000005,65000.91,65001.01,65001.11,65001.21000000001,65001.310000000005,65001.41]",65000.51,"[0.001,0.002,0.003,0.004,0.005,0.006,0.007,0.008,0.009000000000000001,0.01]",0.001,"[65000.310000000005,65000.21000000001,65000.11,65000.01,64999.91,64999.810000000005,64999.71000000001,64999.61,64999.51,64999.41]",65000.310000000005,"[0.001,0.002,0.003,0.004,0.005,0.006,0.007,0.008,0.009000000000000001,0.01]",0.001,4141,mock,InstrumentType.Spot,614869440,mock,BTC-USDT
2199944884,0,0,1783610797174629178,101,depth,"[65000.52,65000.619999999995,65000.72,65000.82,65000.92,65001.02,65001.119999999995,65001.22,65001.32,65001.42]",65000.52,"[0.001,0.002,0.003,0.004,0.005,0.006,0.007,0.008,0.009000000000000001,0.01]",0.001,"[65000.32,65000.22,65000.119999999995,65000.02,64999.92,64999.82,64999.72,64999.619999999995,64999.52,64999.42]",65000.32,"[0.001,0.002,0.003,0.004,0.005,0.006,0.007,0.008,0.009000000000000001,0.01]",0.001,4142,mock,InstrumentType.Spot,614870000,mock,BTC-USDT
2199944884,0,0,1783610797174928750,101,depth,"[65000.53,65000.63,65000.73,65000.83,65000.93,65001.03,65001.13,65001.23,65001.33,65001.43]",65000.53,"[0.001,0.002,0.003,0.004,0.005,0.006,0.007,0.008,0.009000000000000001,0.01]",0.001,"[65000.33,65000.23,65000.13,65000.03,64999.93,64999.83,64999.73,64999.63,64999.53,64999.43]",65000.33,"[0.001,0.002,0.003,0.004,0.005,0.006,0.007,0.008,0.009000000000000001,0.01]",0.001,4143,mock,InstrumentType.Spot,614870560,mock,BTC-USDT
2199944884,0,0,1783610797175241321,101,depth,"[65000.54,65000.64,65000.740000000005,65000.840000000004,65000.94,65001.04,65001.14,65001.240000000005,65001.340000000004,65001.44]",65000.54,"[0.001,0.002,0.003,0.004,0.005,0.006,0.007,0.008,0.009000000000000001,0.01]",0.001,"[65000.340000000004,65000.240000000005,65000.14,65000.04,64999.94,64999.840000000004,64999.740000000005,64999.64,64999.54,64999.44]",65000.340000000004,"[0.001,0.002,0.003,0.004,0.005,0.006,0.007,0.008,0.009000000000000001,0.01]",0.001,4144,mock,InstrumentType.Spot,614871120,mock,BTC-USDT
2199944884,0,0,1783610797175528334,101,depth,"[65000.549999999996,65000.649999999994,65000.75,65000.85,65000.95,65001.049999999996,65001.149999999994,65001.25,65001.35,65001.45]",65000.549999999996,"[0.001,0.002,0.003,0.004,0.005,0.006,0.007,0.008,0.009000000000000001,0.01]",0.001,"[65000.35,65000.25,65000.149999999994,65000.049999999996,64999.95,64999.85,64999.75,64999.649999999994,64999.549999999996,64999.45]",65000.35,"[0.001,0.002,0.003,0.004,0.005,0.006,0.007,0.008,0.009000000000000001,0.01]",0.001,4145,mock,InstrumentType.Spot,614871680,mock,BTC-USDT
2199944884,0,0,1783610797175828561,101,depth,"[65000.56,65000.659999999996,65000.76,65000.86,65000.96,65001.06,65001.159999999996,65001.26,65001.36,65001.46]",65000.56,"[0.001,0.002,0.003,0.004,0.005,0.006,0.007,0.008,0.009000000000000001,0.01]",0.001,"[65000.36,65000.26,65000.159999999996,65000.06,64999.96,64999.86,64999.76,64999.659999999996,64999.56,64999.46]",65000.36,"[0.001,0.002,0.003,0.004,0.005,0.006,0.007,0.008,0.009000000000000001,0.01]",0.001,4146,mock,InstrumentType.Spot,614872240,mock,BTC-USDT
2199944884,0,0,1783610797176224620,101,depth,"[65000.57,65000.67,65000.770000000004,65000.87,65000.97,65001.07,65001.17,65001.270000000004,65001.37,65001.47]",65000.57,"[0.001,0.002,0.003,0.004,0.005,0.006,0.007,0.008,0.009000000000000001,0.01]",0.001,"[65000.37,65000.270000000004,65000.17,65000.07,64999.97,64999.87,64999.770000000004,64999.67,64999.57,64999.47]",65000.37,"[0.001,0.002,0.003,0.004,0.005,0.006,0.007,0.008,0.009000000000000001,0.01]",0.001,4147,mock,InstrumentType.Spot,614872800,mock,BTC-USDT
2199944884,0,0,1783610797176429383,101,depth,"[65000.58,65000.68,65000.780000000006,65000.880000000005,65000.98,65001.08,65001.18,65001.280000000006,65001.380000000005,65001.48]",65000.58,"[0.001,0.002,0.003,0.004,0.005,0.006,0.007,0.008,0.009000000000000001,0.01]",0.001,"[65000.380000000005,65000.280000000006,65000.18,65000.08,64999.98,64999.880000000005,64999.780000000006,64999.68,64999.58,64999.48]",65000.380000000005,"[0.001,0.002,0.003,0.004,0.005,0.006,0.007,0.008,0.009000000000000001,0.01]",0.001,4148,mock,InstrumentType.Spot,614873360,mock,BTC-USDT
2199944884,0,0,1783610797176728603,101,depth,"[65000.59,65000.689999999995,65000.79,65000.89,65000.99,65001.09,65001.189999999995,65001.29,65001.39,65001.49]",65000.59,"[0.001,0.002,0.003,0.004,0.005,0.006,0.007,0.008,0.009000000000000001,0.01]",0.001,"[65000.39,65000.29,65000.189999999995,65000.09,64999.99,64999.89,64999.79,64999.689999999995,64999.59,64999.49]",65000.39,"[0.001,0.002,0.003,0.004,0.005,0.006,0.007,0.008,0.009000000000000001,0.01]",0.001,4149,mock,InstrumentType.Spot,614873920,mock,BTC-USDT
2199944884,0,0,1783610797177029086,101,depth,"[65000.6,65000.7,65000.8,65000.9,65001.0,65001.1,65001.2,65001.3,65001.4,65001.5]",65000.6,"[0.001,0.002,0.003,0.004,0.005,0.006,0.007,0.008,0.009000000000000001,0.01]",0.001,"[65000.4,65000.3,65000.2,65000.1,65000.0,64999.9,64999.8,64999.7,64999.6,64999.5]",65000.4,"[0.001,0.002,0.003,0.004,0.005,0.006,0.007,0.008,0.009000000000000001,0.01]",0.001,4150,mock,InstrumentType.Spot,614874480,mock,BTC-USDT
2199944884,0,0,1783610797177328867,101,depth,"[65000.61,65000.71,65000.810000000005,65000.91,65001.01,65001.11,65001.21,65001.310000000005,65001.41,65001.51]",65000.61,"[0.001,0.002,0.003,0.004,0.005,0.006,0.007,0.008,0.009000000000000001,0.01]",0.001,"[65000.41,65000.310000000005,65000.21,65000.11,65000.01,64999.91,64999.810000000005,64999.71,64999.61,64999.51]",65000.41,"[0.001,0.002,0.003,0.004,0.005,0.006,0.007,0.008,0.009000000000000001,0.01]",0.001,4151,mock,InstrumentType.Spot,614875040,mock,BTC-USDT
2199944884,0,0,1783610797177628683,101,depth,"[65000.619999999995,65000.719999999994,65000.82,65000.92,65001.02,65001.119999999995,65001.219999999994,65001.32,65001.42,65001.52]",65000.619999999995,"[0.001,0.002,0.003,0.004,0.005,0.006,0.007,0.008,0.009000000000000001,0.01]",0.001,"[65000.42,65000.32,65000.219999999994,65000.119999999995,65000.02,64999.92,64999.82,64999.719999999994,64999.619999999995,64999.52]",65000.42,"[0.001,0.002,0.003,0.004,0.005,0.006,0.007,0.008,0.009000000000000001,0.01]",0.001,4152,mock,InstrumentType.Spot,614875600,mock,BTC-USDT
2199944884,0,0,1783610797177929184,101,depth,"[65000.63,65000.729999999996,65000.83,65000.93,65001.03,65001.13,65001.229999999996,65001.33,65001.43,65001.53]",65000.63,"[0.001,0.002,0.003,0.004,0.005,0.006,0.007,0.008,0.009000000000000001,0.01]",0.001,"[65000.43,65000.33,65000.229999999996,65000.13,65000.03,64999.93,64999.83,64999.729999999996,64999.63,64999.53]",65000.43,"[0.001,0.002,0.003,0.004,0.005,0.006,0.007,0.008,0.009000000000000001,0.01]",0.001,4153,mock,InstrumentType.Spot,614876160,mock,BTC-USDT
2199944884,0,0,1783610797178250922,101,depth,"[65000.64,65000.74,65000.840000000004,65000.94,65001.04,65001.14,65001.24,65001.340000000004,65001.44,65001.54]",65000.64,"[0.001,0.002,0.003,0.004,0.005,0.006,0.007,0.008,0.009000000000000001,0.01]",0.001,"[65000.44,65000.340000000004,65000.24,65000.14,65000.04,64999.94,64999.840000000004,64999.74,64999.64,64999.54]",65000.44,"[0.001,0.002,0.003,0.004,0.005,0.006,0.007,0.008,0.009000000000000001,0.01]",0.001,4154,mock,InstrumentType.Spot,614876720,mock,BTC-USDT
2199944884,0,0,1783610797178529531,101,depth,"[65000.65,65000.75,65000.850000000006,65000.950000000004,65001.05,65001.15,65001.25,65001.350000000006,65001.450000000004,65001.55]",65000.65,"[0.001,0.002,0.003,0.004,0.005,0.006,0.007,0.008,0.009000000000000001,0.01]",0.001,"[65000.450000000004,65000.350000000006,65000.25,65000.15,65000.05,64999.950000000004,64999.850000000006,64999.75,64999.65,64999.55]",65000.450000000004,"[0.001,0.002,0.003,0.004,0.005,0.006,0.007,0.008,0.009000000000000001,0.01]",0.001,4155,mock,InstrumentType.Spot,614877280,mock,BTC-USDT
2199944884,0,0,1783610797178828718,101,depth,"[65000.659999999996,65000.759999999995,65000.86,65000.96,65001.06,65001.159999999996,65001.259999999995,65001.36,65001.46,65001.56]",65000.659999999996,"[0.001,0.002,0.003,0.004,0.005,0.006,0.007,0.008,0.009000000000000001,0.01]",0.001,"[65000.46,65000.36,65000.259999999995,65000.159999999996,65000.06,64999.96,64999.86,64999.759999999995,64999.659999999996,64999.56]",65000.46,"[0.001,0.002,0.003,0.004,0.005,0.006,0.007,0.008,0.009000000000000001,0.01]",0.001,4156,mock,InstrumentType.Spot,614877840,mock,BTC-USDT
2199944884,0,0,1783610797179128858,101,depth,"[65000.67,65000.77,65000.87,65000.97,65001.07,65001.17,65001.27,65001.37,65001.47,65001.57]",65000.67,"[0.001,0.002,0.003,0.004,0.005,0.006,0.007,0.008,0.009000000000000001,0.01]",0.001,"[65000.47,65000.37,65000.27,65000.17,65000.07,64999.97,64999.87,64999.77,64999.67,64999.57]",65000.47,"[0.001,0.002,0.003,0.004,0.005,0.006,0.007,0.008,0.009000000000000001,0.01]",0.001,4157,mock,InstrumentType.Spot,614878400,mock,BTC-USDT
2199944884,0,0,1783610797179428822,101,depth,"[65000.68,65000.78,65000.880000000005,65000.98,65001.08,65001.18,65001.28,65001.380000000005,65001.48,65001.58]",65000.68,"[0.001,0.002,0.003,0.004,0.005,0.006,0.007,0.008,0.009000000000000001,0.01]",0.001,"[65000.48,65000.380000000005,65000.28,65000.18,65000.08,64999.98,64999.880000000005,64999.78,64999.68,64999.58]",65000.48,"[0.001,0.002,0.003,0.004,0.005,0.006,0.007,0.008,0.009000000000000001,0.01]",0.001,4158,mock,InstrumentType.Spot,614878960,mock,BTC-USDT
2199944884,0,0,1783610797179728510,101,depth,"[65000.689999999995,65000.78999999999,65000.89,65000.99,65001.09,65001.189999999995,65001.28999999999,65001.39,65001.49,65001.59]",65000.689999999995,"[0.001,0.002,0.003,0.004,0.005,0.006,0.007,0.008,0.009000000000000001,0.01]",0.001,"[65000.49,65000.39,65000.28999999999,65000.189999999995,65000.09,64999.99,64999.89,64999.78999999999,64999.689999999995,64999.59]",65000.49,"[0.001,0.002,0.003,0.004,0.005,0.006,0.007,0.008,0.009000000000000001,0.01]",0.001,4159,mock,InstrumentType.Spot,614879520,mock,BTC-USDT
2199944884,0,0,1783610797180028643,101,depth,"[65000.7,65000.799999999996,65000.9,65001.0,65001.1,65001.2,65001.299999999996,65001.4,65001.5,65001.6]",65000.7,"[0.001,0.002,0.003,0.004,0.005,0.006,0.007,0.008,0.009000000000000001,0.01]",0.001,"[65000.5,65000.4,65000.299999999996,65000.2,65000.1,65000.0,64999.9,64999.799999999996,64999.7,64999.6]",65000.5,"[0.001,0.002,0.003,0.004,0.005,0.006,0.007,0.008,0.009000000000000001,0.01]",0.001,4160,mock,InstrumentType.Spot,614880080,mock,BTC-USDT
2199944884,0,0,1783610797180328334,101,depth,"[65000.71,65000.81,65000.91,65001.01,65001.11,65001.21,65001.31,65001.41,65001.51,65001.61]",65000.71,"[0.001,0.002,0.003,0.004,0.005,0.006,0.007,0.008,0.009000000000000001,0.01]",0.001,"[65000.51,65000.41,65000.31,65000.21,65000.11,65000.01,64999.91,64999.81,64999.71,64999.61]",65000.51,"[0.001,0.002,0.003,0.004,0.005,0.006,0.007,0.008,0.009000000000000001,0.01]",0.001,4161,mock,InstrumentType.Spot,614880640,mock,BTC-USDT
2199944884,0,0,1783610797180628500,101,depth,"[65000.72,65000.82,65000.920000000006,65001.020000000004,65001.12,65001.22,65001.32,65001.420000000006,65001.520000000004,65001.62]",65000.72,"[0.001,0.002,0.003,0.004,0.005,0.006,0.007,0.008,0.009000000000000001,0.01]",0.001,"[65000.520000000004,65000.420000000006,65000.32,65000.22,65000.12,65000.020000000004,64999.920000000006,64999.82,64999.72,64999.62]",65000.520000000004,"[0.001,0.002,0.003,0.004,0.005,0.006,0.007,0.008,0.009000000000000001,0.01]",0.001,4162,mock,InstrumentType.Spot,614881200,mock,BTC-USDT
2199944884,0,0,1783610797180935407,101,depth,"[65000.729999999996,65000.829999999994,65000.93,65001.03,65001.13,65001.229999999996,65001.329999999994,65001.43,65001.53,65001.63]",65000.729999999996,"[0.001,0.002,0.003,0.004,0.005,0.006,0.007,0.008,0.009000000000000001,0.01]",0.001,"[65000.53,65000.43,65000.329999999994,65000.229999999996,65000.13,65000.03,64999.93,64999.829999999994,64999.729999999996,64999.63]",65000.53,"[0.001,0.002,0.003,0.004,0.005,0.006,0.007,0.008,0.009000000000000001,0.01]",0.001,4163,mock,InstrumentType.Spot,614881760,mock,BTC-USDT
2199944884,0,0,1783610797181229223,101,depth,"[65000.74,65000.84,65000.94,65001.04,65001.14,65001.24,65001.34,65001.44,65001.54,65001.64]",65000.74,"[0.001,0.002,0.003,0.004,0.005,0.006,0.007,0.008,0.009000000000000001,0.01]",0.001,"[65000.54,65000.44,65000.34,65000.24,65000.14,65000.04,64999.94,64999.84,64999.74,64999.64]",65000.54,"[0.001,0.002,0.003,0.004,0.005,0.006,0.007,0.008,0.009000000000000001,0.01]",0.001,4164,mock,InstrumentType.Spot,614882320,mock,BTC-USDT
2199944884,0,0,1783610797181528904,101,depth,"[65000.75,65000.85,65000.950000000004,65001.05,65001.15,65001.25,65001.35,65001.450000000004,65001.55,65001.65]",65000.75,"[0.001,0.002,0.003,0.004,0.005,0.006,0.007,0.008,0.009000000000000001,0.01]",0.001,"[65000.55,65000.450000000004,65000.35,65000.25,65000.15,65000.05,64999.950000000004,64999.85,64999.75,64999.65]",65000.55,"[0.001,0.002,0.003,0.004,0.005,0.006,0.007,0.008,0.009000000000000001,0.01]",0.001,4165,mock,InstrumentType.Spot,614882880,mock,BTC-USDT
2199944884,0,0,1783610797181828742,101,depth,"[65000.76,65000.86,65000.96000000001,65001.060000000005,65001.16,65001.26,65001.36,65001.46000000001,65001.560000000005,65001.66]",65000.76,"[0.001,0.002,0.003,0.004,0.005,0.006,0.007,0.008,0.009000000000000001,0.01]",0.001,"[65000.560000000005,65000.46000000001,65000.36,65000.26,65000.16,65000.060000000005,64999.96000000001,64999.86,64999.76,64999.66]",65000.560000000005,"[0.001,0.002,0.003,0.004,0.005,0.006,0.007,0.008,0.009000000000000001,0.01]",0.001,4166,mock,InstrumentType.Spot,614883440,mock,BTC-USDT
2199944884,0,0,1783610797182129121,101,depth,"[65000.77,65000.869999999995,65000.97,65001.07,65001.17,65001.27,65001.369999999995,65001.47,65001.57,65001.67]",65000.77,"[0.001,0.002,0.003,0.004,0.005,0.006,0.007,0.008,0.009000000000000001,0.01]",0.001,"[65000.57,65000.47,65000.369999999995,65000.27,65000.17,65000.07,64999.97,64999.869999999995,64999.77,64999.67]",65000.57,"[0.001,0.002,0.003,0.004,0.005,0.006,0.007,0.008,0.009000000000000001,0.01]",0.001,4167,mock,InstrumentType.Spot,614884000,mock,BTC-USDT
2199944884,0,0,1783610797182428909,101,depth,"[65000.78,65000.88,65000.98,65001.08,65001.18,65001.28,65001.38,65001.48,65001.58,65001.68]",65000.78,"[0.001,0.002,0.003,0.004,0.005,0.006,0.007,0.008,0.009000000000000001,0.01]",0.001,"[65000.58,65000.48,65000.38,65000.28,65000.18,65000.08,64999.98,64999.88,64999.78,64999.68]",65000.58,"[0.001,0.002,0.003,0.004,0.005,0.006,0.007,0.008,0.009000000000000001,0.01]",0.001,4168,mock,InstrumentType.Spot,614884560,mock,BTC-USDT
2199944884,0,0,1783610797182728518,101,depth,"[65000.79,65000.89,65000.990000000005,65001.090000000004,65001.19,65001.29,65001.39,65001.490000000005,65001.590000000004,65001.69]",65000.79,"[0.001,0.002,0.003,0.004,0.005,0.006,0.007,0.008,0.009000000000000001,0.01]",0.001,"[65000.590000000004,65000.490000000005,65000.39,65000.29,65000.19,65000.090000000004,64999.990000000005,64999.89,64999.79,64999.69]",65000.590000000004,"[0.001,0.002,0.003,0.004,0.005,0.006,0.007,0.008,0.009000000000000001,0.01]",0.001,4169,mock,InstrumentType.Spot,614885120,mock,BTC-USDT
2199944884,0,0,1783610797183028455,101,depth,"[65000.799999999996,65000.899999999994,65001.0,65001.1,65001.2,65001.299999999996,65001.399999999994,65001.5,65001.6,65001.7]",65000.799999999996,"[0.001,0.002,0.003,0.004,0.005,0.006,0.007,0.008,0.009000000000000001,0.01]",0.001,"[65000.6,65000.5,65000.399999999994,65000.299999999996,65000.2,65000.1,65000.0,64999.899999999994,64999.799999999996,64999.7]",65000.6,"[0.001,0.002,0.003,0.004,0.005,0.006,0.007,0.008,0.009000000000000001,0.01]",0.001,4170,mock,InstrumentType.Spot,614885680,mock,BTC-USDT
2199944884,0,0,1783610797183328556,101,depth,"[65000.81,65000.909999999996,65001.01,65001.11,65001.21,65001.31,65001.409999999996,65001.51,65001.61,65001.71]",65000.81,"[0.001,0.002,0.003,0.004,0.005,0.006,0.007,0.008,0.009000000000000001,0.01]",0.001,"[65000.61,65000.51,65000.409999999996,65000.31,65000.21,65000.11,65000.01,64999.909999999996,64999.81,64999.71]",65000.61,"[0.001,0.002,0.003,0.004,0.005,0.006,0.007,0.008,0.009000000000000001,0.01]",0.001,4171,mock,InstrumentType.Spot,614886240,mock,BTC-USDT
2199944884,0,0,1783610797183628471,101,depth,"[65000.82,65000.92,65001.020000000004,65001.12,65001.22,65001.32,65001.42,65001.520000000004,65001.62,65001.72]",65000.82,"[0.001,0.002,0.003,0.004,0.005,0.006,0.007,0.008,0.009000000000000001,0.01]",0.001,"[65000.62,65000.520000000004,65000.42,65000.32,65000.22,65000.12,65000.020000000004,64999.92,64999.82,64999.72]",65000.62,"[0.001,0.002,0.003,0.004,0.005,0.006,0.007,0.008,0.009000000000000001,0.01]",0.001,4172,mock,InstrumentType.Spot,614886800,mock,BTC-USDT
2199944884,0,0,1783610797183935154,101,depth,"[65000.83,65000.93,65001.030000000006,65001.130000000005,65001.23,65001.33,65001.43,65001.530000000006,65001.630000000005,65001.73]",65000.83,"[0.001,0.002,0.003,0.004,0.005,0.006,0.007,0.008,0.009000000000000001,0.01]",0.001,"[65000.630000000005,65000.530000000006,65000.43,65000.33,65000.23,65000.130000000005,65000.030000000006,64999.93,64999.83,64999.73]",65000.630000000005,"[0.001,0.002,0.003,0.004,0.005,0.006,0.007,0.008,0.009000000000000001,0.01]",0.001,4173,mock,InstrumentType.Spot,614887360,mock,BTC-USDT
2199944884,0,0,1783610797184228621,101,depth,"[65000.84,65000.939999999995,65001.04,65001.14,65001.24,65001.34,65001.439999999995,65001.54,65001.64,65001.74]",65000.84,"[0.001,0.002,0.003,0.004,0.005,0.006,0.007,0.008,0.009000000000000001,0.01]",0.001,"[65000.64,65000.54,65000.439999999995,65000.34,65000.24,65000.14,65000.04,64999.939999999995,64999.84,64999.74]",65000.64,"[0.001,0.002,0.003,0.004,0.005,0.006,0.007,0.008,0.009000000000000001,0.01]",0.001,4174,mock,InstrumentType.Spot,614887920,mock,BTC-USDT
2199944884,0,0,1783610797184528974,101,depth,"[65000.85,65000.95,65001.05,65001.15,65001.25,65001.35,65001.45,65001.55,65001.65,65001.75]",65000.85,"[0.001,0.002,0.003,0.004,0.005,0.006,0.007,0.008,0.009000000000000001,0.01]",0.001,"[65000.65,65000.55,65000.45,65000.35,65000.25,65000.15,65000.05,64999.95,64999.85,64999.75]",65000.65,"[0.001,0.002,0.003,0.004,0.005,0.006,0.007,0.008,0.009000000000000001,0.01]",0.001,4175,mock,InstrumentType.Spot,614888480,mock,BTC-USDT
2199944884,0,0,1783610797184828881,101,depth,"[65000.86,65000.96,65001.060000000005,65001.16,65001.26,65001.36,65001.46,65001.560000000005,65001.66,65001.76]",65000.86,"[0.001,0.002,0.003,0.004,0.005,0.006,0.007,0.008,0.009000000000000001,0.01]",0.001,"[65000.66,65000.560000000005,65000.46,65000.36,65000.26,65000.16,65000.060000000005,64999.96,64999.86,64999.76]",65000.66,"[0.001,0.002,0.003,0.004,0.005,0.006,0.007,0.008,0.009000000000000001,0.01]",0.001,4176,mock,InstrumentType.Spot,614889040,mock,BTC-USDT
2199944884,0,0,1783610797185128887,101,depth,"[65000.869999999995,65000.969999999994,65001.07,65001.17,65001.27,65001.369999999995,65001.469999999994,65001.57,65001.67,65001.77]",65000.869999999995,"[0.001,0.002,0.003,0.004,0.005,0.006,0.007,0.008,0.009000000000000001,0.01]",0.001,"[65000.67,65000.57,65000.469999999994,65000.369999999995,65000.27,65000.17,65000.07,64999.969999999994,64999.869999999995,64999.77]",65000.67,"[0.001,0.002,0.003,0.004,0.005,0.006,0.007,0.008,0.009000000000000001,0.01]",0.001,4177,mock,InstrumentType.Spot,614889600,mock,BTC-USDT
2199944884,0,0,1783610797185434511,101,depth,"[65000.88,65000.979999999996,65001.08,65001.18,65001.28,65001.38,65001.479999999996,65001.58,65001.68,65001.78]",65000.88,"[0.001,0.002,0.003,0.004,0.005,0.006,0.007,0.008,0.009000000000000001,0.01]",0.001,"[65000.68,65000.58,65000.479999999996,65000.38,65000.28,65000.18,65000.08,64999.979999999996,64999.88,64999.78]",65000.68,"[0.001,0.002,0.003,0.004,0.005,0.006,0.007,0.008,0.009000000000000001,0.01]",0.001,4178,mock,InstrumentType.Spot,614890160,mock,BTC-USDT
2199944884,0,0,1783610797185731408,101,depth,"[65000.89,65000.99,65001.090000000004,65001.19,65001.29,65001.39,65001.49,65001.590000000004,65001.69,65001.79]",65000.89,"[0.001,0.002,0.003,0.004,0.005,0.006,0.007,0.008,0.009000000000000001,0.01]",0.001,"[65000.69,65000.590000000004,65000.49,65000.39,65000.29,65000.19,65000.090000000004,64999.99,64999.89,64999.79]",65000.69,"[0.001,0.002,0.003,0.004,0.005,0.006,0.007,0.008,0.009000000000000001,0.01]",0.001,4179,mock,InstrumentType.Spot,614890720,mock,BTC-USDT
2199944884,0,0,1783610797186029305,101,depth,"[65000.9,65001.0,65001.100000000006,65001.200000000004,65001.3,65001.4,65001.5,65001.600000000006,65001.700000000004,65001.8]",65000.9,"[0.001,0.002,0.003,0.004,0.005,0.006,0.007,0.008,0.009000000000000001,0.01]",0.001,"[65000.700000000004,65000.600000000006,65000.5,65000.4,65000.3,65000.200000000004,65000.100000000006,65000.0,64999.9,64999.8]",65000.700000000004,"[0.001,0.002,0.003,0.004,0.005,0.006,0.007,0.008,0.009000000000000001,0.01]",0.001,4180,mock,InstrumentType.Spot,614891280,mock,BTC-USDT
2199944884,0,0,1783610797186329588,101,depth,"[65000.909999999996,65001.009999999995,65001.11,65001.21,65001.31,65001.409999999996,65001.509999999995,65001.61,65001.71,65001.81]",65000.909999999996,"[0.001,0.002,0.003,0.004,0.005,0.006,0.007,0.008,0.009000000000000001,0.01]",0.001,"[65000.71,65000.61,65000.509999999995,65000.409999999996,65000.31,65000.21,65000.11,65000.009999999995,64999.909999999996,64999.81]",65000.71,"[0.001,0.002,0.003,0.004,0.005,0.006,0.007,0.008,0.009000000000000001,0.01]",0.001,4181,mock,InstrumentType.Spot,614891840,mock,BTC-USDT
2199944884,0,0,1783610797186656257,101,depth,"[65000.92,65001.02,65001.12,65001.22,65001.32,65001.42,65001.52,65001.62,65001.72,65001.82]",65000.92,"[0.001,0.002,0.003,0.004,0.005,0.006,0.007,0.008,0.009000000000000001,0.01]",0.001,"[65000.72,65000.62,65000.52,65000.42,65000.32,65000.22,65000.12,65000.02,64999.92,64999.82]",65000.72,"[0.001,0.002,0.003,0.004,0.005,0.006,0.007,0.008,0.009000000000000001,0.01]",0.001,4182,mock,InstrumentType.Spot,614892400,mock,BTC-USDT
2199944884,0,0,1783610797186930391,101,depth,"[65000.93,65001.03,65001.130000000005,65001.23,65001.33,65001.43,65001.53,65001.630000000005,65001.73,65001.83]",65000.93,"[0.001,0.002,0.003,0.004,0.005,0.006,0.007,0.008,0.009000000000000001,0.01]",0.001,"[65000.73,65000.630000000005,65000.53,65000.43,65000.33,65000.23,65000.130000000005,65000.03,64999.93,64999.83]",65000.73,"[0.001,0.002,0.003,0.004,0.005,0.006,0.007,0.008,0.009000000000000001,0.01]",0.001,4183,mock,InstrumentType.Spot,614892960,mock,BTC-USDT
2199944884,0,0,1783610797187230192,101,depth,"[65000.939999999995,65001.03999999999,65001.14,65001.24,65001.34,65001.439999999995,65001.53999999999,65001.64,65001.74,65001.84]",65000.939999999995,"[0.001,0.002,0.003,0.004,0.005,0.006,0.007,0.008,0.009000000000000001,0.01]",0.001,"[65000.74,65000.64,65000.53999999999,65000.439999999995,65000.34,65000.24,65000.14,65000.03999999999,64999.939999999995,64999.84]",65000.74,"[0.001,0.002,0.003,0.004,0.005,0.006,0.007,0.008,0.009000000000000001,0.01]",0.001,4184,mock,InstrumentType.Spot,614893520,mock,BTC-USDT
2199944884,0,0,1783610797187530016,101,depth,"[65000.95,65001.049999999996,65001.15,65001.25,65001.35,65001.45,65001.549999999996,65001.65,65001.75,65001.85]",65000.95,"[0.001,0.002,0.003,0.004,0.005,0.006,0.007,0.008,0.009000000000000001,0.01]",0.001,"[65000.75,65000.65,65000.549999999996,65000.45,65000.35,65000.25,65000.15,65000.049999999996,64999.95,64999.85]",65000.75,"[0.001,0.002,0.003,0.004,0.005,0.006,0.007,0.008,0.009000000000000001,0.01]",0.001,4185,mock,InstrumentType.Spot,615163344,mock,BTC-USDT
2199944884,0,0,1783610797187833672,101,depth,"[65000.96,65001.06,65001.16,65001.26,65001.36,65001.46,65001.56,65001.66,65001.76,65001.86]",65000.96,"[0.001,0.002,0.003,0.004,0.005,0.006,0.007,0.008,0.009000000000000001,0.01]",0.001,"[65000.76,65000.66,65000.56,65000.46,65000.36,65000.26,65000.16,65000.06,64999.96,64999.86]",65000.76,"[0.001,0.002,0.003,0.004,0.005,0.006,0.007,0.008,0.009000000000000001,0.01]",0.001,4186,mock,InstrumentType.Spot,615163904,mock,BTC-USDT
2199944884,0,0,1783610797188130547,101,depth,"[65000.97,65001.07,65001.170000000006,65001.270000000004,65001.37,65001.47,65001.57,65001.670000000006,65001.770000000004,65001.87]",65000.97,"[0.001,0.002,0.003,0.004,0.005,0.006,0.007,0.008,0.009000000000000001,0.01]",0.001,"[65000.770000000004,65000.670000000006,65000.57,65000.47,65000.37,65000.270000000004,65000.170000000006,65000.07,64999.97,64999.87]",65000.770000000004,"[0.001,0.002,0.003,0.004,0.005,0.006,0.007,0.008,0.009000000000000001,0.01]",0.001,4187,mock,InstrumentType.Spot,615164464,mock,BTC-USDT
2199944884,0,0,1783610797188430443,101,depth,"[65000.979999999996,65001.079999999994,65001.18,65001.28,65001.38,65001.479999999996,65001.579999999994,65001.68,65001.78,65001.88]",65000.979999999996,"[0.001,0.002,0.003,0.004,0.005,0.006,0.007,0.008,0.009000000000000001,0.01]",0.001,"[65000.78,65000.68,65000.579999999994,65000.479999999996,65000.38,65000.28,65000.18,65000.079999999994,64999.979999999996,64999.88]",65000.78,"[0.001,0.002,0.003,0.004,0.005,0.006,0.007,0.008,0.009000000000000001,0.01]",0.001,4188,mock,InstrumentType.Spot,615165024,mock,BTC-USDT
2199944884,0,0,1783610797188730654,101,depth,"[65000.99,65001.09,65001.19,65001.29,65001.39,65001.49,65001.59,65001.69,65001.79,65001.89]",65000.99,"[0.001,0.002,0.003,0.004,0.005,0.006,0.007,0.008,0.009000000000000001,0.01]",0.001,"[65000.79,65000.69,65000.59,65000.49,65000.39,65000.29,65000.19,65000.09,64999.99,64999.89]",65000.79,"[0.001,0.002,0.003,0.004,0.005,0.006,0.007,0.008,0.009000000000000001,0.01]",0.001,4189,mock,InstrumentType.Spot,615165584,mock,BTC-USDT
2199944884,0,0,1783610797189030235,101,depth,"[65001.0,65001.1,65001.200000000004,65001.3,65001.4,65001.5,65001.6,65001.700000000004,65001.8,65001.9]",65001.0,"[0.001,0.002,0.003,0.004,0.005,0.006,0.007,0.008,0.009000000000000001,0.01]",0.001,"[65000.8,65000.700000000004,65000.6,65000.5,65000.4,65000.3,65000.200000000004,65000.1,65000.0,64999.9]",65000.8,"[0.001,0.002,0.003,0.004,0.005,0.006,0.007,0.008,0.009000000000000001,0.01]",0.001,4190,mock,InstrumentType.Spot,615166144,mock,BTC-USDT
2199944884,0,0,1783610797189329866,101,depth,"[65001.01,65001.11,65001.21000000001,65001.310000000005,65001.41,65001.51,65001.61,65001.71000000001,65001.810000000005,65001.91]",65001.01,"[0.001,0.002,0.003,0.004,0.005,0.006,0.007,0.008,0.009000000000000001,0.01]",0.001,"[65000.810000000005,65000.71000000001,65000.61,65000.51,65000.41,65000.310000000005,65000.21000000001,65000.11,65000.01,64999.91]",65000.810000000005,"[0.001,0.002,0.003,0.004,0.005,0.006,0.007,0.008,0.009000000000000001,0.01]",0.001,4191,mock,InstrumentType.Spot,615166704,mock,BTC-USDT
2199944884,0,0,1783610797189646398,101,depth,"[65001.02,65001.119999999995,65001.22,65001.32,65001.42,65001.52,65001.619999999995,65001.72,65001.82,65001.92]",65001.02,"[0.001,0.002,0.003,0.004,0.005,0.006,0.007,0.008,0.009000000000000001,0.01]",0.001,"[65000.82,65000.72,65000.619999999995,65000.52,65000.42,65000.32,65000.22,65000.119999999995,65000.02,64999.92]",65000.82,"[0.001,0.002,0.003,0.004,0.005,0.006,0.007,0.008,0.009000000000000001,0.01]",0.001,4192,mock,InstrumentType.Spot,615167264,mock,BTC-USDT
2199944884,0,0,1783610797189929267,101,depth,"[65001.03,65001.13,65001.23,65001.33,65001.43,65001.53,65001.63,65001.73,65001.83,65001.93]",65001.03,"[0.001,0.002,0.003,0.004,0.005,0.006,0.007,0.008,0.009000000000000001,0.01]",0.001,"[65000.83,65000.73,65000.63,65000.53,65000.43,65000.33,65000.23,65000.13,65000.03,64999.93]",65000.83,"[0.001,0.002,0.003,0.004,0.005,0.006,0.007,0.008,0.009000000000000001,0.01]",0.001,4193,mock,InstrumentType.Spot,615167824,mock,BTC-USDT
2199944884,0,0,1783610797190229569,101,depth,"[65001.04,65001.14,65001.240000000005,65001.340000000004,65001.44,65001.54,65001.64,65001.740000000005,65001.840000000004,65001.94]",65001.04,"[0.001,0.002,0.003,0.004,0.005,0.006,0.007,0.008,0.009000000000000001,0.01]",0.001,"[65000.840000000004,65000.740000000005,65000.64,65000.54,65000.44,65000.340000000004,65000.240000000005,65000.14,65000.04,64999.94]",65000.840000000004,"[0.001,0.002,0.003,0.004,0.005,0.006,0.007,0.008,0.009000000000000001,0.01]",0.001,4194,mock,InstrumentType.Spot,615168384,mock,BTC-USDT
2199944884,0,0,1783610797190529325,101,depth,"[65001.049999999996,65001.149999999994,65001.25,65001.35,65001.45,65001.549999999996,65001.649999999994,65001.75,65001.85,65001.95]",65001.049999999996,"[0.001,0.002,0.003,0.004,0.005,0.006,0.007,0.008,0.009000000000000001,0.01]",0.001,"[65000.85,65000.75,65000.649999999994,65000.549999999996,65000.45,65000.35,65000.25,65000.149999999994,65000.049999999996,64999.95]",65000.85,"[0.001,0.002,0.003,0.004,0.005,0.006,0.007,0.008,0.009000000000000001,0.01]",0.001,4195,mock,InstrumentType.Spot,615168944,mock,BTC-USDT
2199944884,0,0,1783610797190828917,101,depth,"[65001.06,65001.159999999996,65001.26,65001.36,65001.46,65001.56,65001.659999999996,65001.76,65001.86,65001.96]",65001.06,"[0.001,0.002,0.003,0.004,0.005,0.006,0.007,0.008,0.009000000000000001,0.01]",0.001,"[65000.86,65000.76,65000.659999999996,65000.56,65000.46,65000.36,65000.26,65000.159999999996,65000.06,64999.96]",65000.86,"[0.001,0.002,0.003,0.004,0.005,0.006,0.007,0.008,0.009000000000000001,0.01]",0.001,4196,mock,InstrumentType.Spot,615169504,mock,BTC-USDT
2199944884,0,0,1783610797191128922,101,depth,"[65001.07,65001.17,65001.270000000004,65001.37,65001.47,65001.57,65001.67,65001.770000000004,65001.87,65001.97]",65001.07,"[0.001,0.002,0.003,0.004,0.005,0.006,0.007,0.008,0.009000000000000001,0.01]",0.001,"[65000.87,65000.770000000004,65000.67,65000.57,65000.47,65000.37,65000.270000000004,65000.17,65000.07,64999.97]",65000.87,"[0.001,0.002,0.003,0.004,0.005,0.006,0.007,0.008,0.009000000000000001,0.01]",0.001,4197,mock,InstrumentType.Spot,615170064,mock,BTC-USDT
2199944884,0,0,1783610797191428811,101,depth,"[65001.08,65001.18,65001.280000000006,65001.380000000005,65001.48,65001.58,65001.68,65001.780000000006,65001.880000000005,65001.98]",65001.08,"[0.001,0.002,0.003,0.004,0.005,0.006,0.007,0.008,0.009000000000000001,0.01]",0.001,"[65000.880000000005,65000.780000000006,65000.68,65000.58,65000.48,65000.380000000005,65000.280000000006,65000.18,65000.08,64999.98]",65000.880000000005,"[0.001,0.002,0.003,0.004,0.005,0.006,0.007,0.008,0.009000000000000001,0.01]",0.001,4198,mock,InstrumentType.Spot,615170624,mock,BTC-USDT
2199944884,0,0,1783610797191731757,101,depth,"[65001.09,65001.189999999995,65001.29,65001.39,65001.49,65001.59,65001.689999999995,65001.79,65001.89,65001.99]",65001.09,"[0.001,0.002,0.003,0.004,0.005,0.006,0.007,0.008,0.009000000000000001,0.01]",0.001,"[65000.89,65000.79,65000.689999999995,65000.59,65000.49,65000.39,65000.29,65000.189999999995,65000.09,64999.99]",65000.89,"[0.001,0.002,0.003,0.004,0.005,0.006,0.007,0.008,0.009000000000000001,0.01]",0.001,4199,mock,InstrumentType.Spot,615171184,mock,BTC-USDT
2199944884,0,0,1783610797192028463,101,depth,"[65000.1,65000.2,65000.3,65000.4,65000.5,65000.6,65000.7,65000.8,65000.9,65001.0]",65000.1,"[0.001,0.002,0.003,0.004,0.005,0.006,0.007,0.008,0.009000000000000001,0.01]",0.001,"[64999.9,64999.8,64999.7,64999.6,64999.5,64999.4,64999.3,64999.2,64999.1,64999.0]",64999.9,"[0.001,0.002,0.003,0.004,0.005,0.006,0.007,0.008,0.009000000000000001,0.01]",0.001,4200,mock,InstrumentType.Spot,615171744,mock,BTC-USDT
2199944884,0,0,1783610797192334998,101,depth,"[65000.11,65000.21,65000.310000000005,65000.41,65000.51,65000.61,65000.71,65000.810000000005,65000.91,65001.01]",65000.11,"[0.001,0.002,0.003,0.004,0.005,0.006,0.007,0.008,0.009000000000000001,0.01]",0.001,"[64999.91,64999.810000000005,64999.71,64999.61,64999.51,64999.41,64999.310000000005,64999.21,64999.11,64999.01]",64999.91,"[0.001,0.002,0.003,0.004,0.005,0.006,0.007,0.008,0.009000000000000001,0.01]",0.001,4201,mock,InstrumentType.Spot,615172304,mock,BTC-USDT
2199944884,0,0,1783610797192628743,101,depth,"[65000.119999999995,65000.219999999994,65000.32,65000.42,65000.52,65000.619999999995,65000.719999999994,65000.82,65000.92,65001.02]",65000.119999999995,"[0.001,0.002,0.003,0.004,0.005,0.006,0.007,0.008,0.009000000000000001,0.01]",0.001,"[64999.92,64999.82,64999.719999999994,64999.619999999995,64999.52,64999.42,64999.32,64999.219999999994,64999.119999999995,64999.02]",64999.92,"[0.001,0.002,0.003,0.004,0.005,0.006,0.007,0.008,0.009000000000000001,0.01]",0.001,4202,mock,InstrumentType.Spot,615172864,mock,BTC-USDT
2199944884,0,0,1783610797192928267,101,depth,"[65000.13,65000.229999999996,65000.33,65000.43,65000.53,65000.63,65000.729999999996,65000.83,65000.93,65001.03]",65000.13,"[0.001,0.002,0.003,0.004,0.005,0.006,0.007,0.008,0.009000000000000001,0.01]",0.001,"[64999.93,64999.83,64999.729999999996,64999.63,64999.53,64999.43,64999.33,64999.229999999996,64999.13,64999.03]",64999.93,"[0.001,0.002,0.003,0.004,0.005,0.006,0.007,0.008,0.009000000000000001,0.01]",0.001,4203,mock,InstrumentType.Spot,615173424,mock,BTC-USDT
2199944884,0,0,1783610797193228265,101,depth,"[65000.14,65000.24,65000.340000000004,65000.44,65000.54,65000.64,65000.74,65000.840000000004,65000.94,65001.04]",65000.14,"[0.001,0.002,0.003,0.004,0.005,0.006,0.007,0.008,0.009000000000000001,0.01]",0.001,"[64999.94,64999.840000000004,64999.74,64999.64,64999.54,64999.44,64999.340000000004,64999.24,64999.14,64999.04]",64999.94,"[0.001,0.002,0.003,0.004,0.005,0.006,0.007,0.008,0.009000000000000001,0.01]",0.001,4204,mock,InstrumentType.Spot,615173984,mock,BTC-USDT
2199944884,0,0,1783610797193528261,101,depth,"[65000.15,65000.25,65000.350000000006,65000.450000000004,65000.55,65000.65,65000.75,65000.850000000006,65000.950000000004,65001.05]",65000.15,"[0.001,0.002,0.003,0.004,0.005,0.006,0.007,0.008,0.009000000000000001,0.01]",0.001,"[64999.950000000004,64999.850000000006,64999.75,64999.65,64999.55,64999.450000000004,64999.350000000006,64999.25,64999.15,64999.05]",64999.950000000004,"[0.001,0.002,0.003,0.004,0.005,0.006,0.007,0.008,0.009000000000000001,0.01]",0.001,4205,mock,InstrumentType.Spot,615174544,mock,BTC-USDT
2199944884,0,0,1783610797193828501,101,depth,"[65000.159999999996,65000.259999999995,65000.36,65000.46,65000.56,65000.659999999996,65000.759999999995,65000.86,65000.96,65001.06]",65000.159999999996,"[0.001,0.002,0.003,0.004,0.005,0.006,0.007,0.008,0.009000000000000001,0.01]",0.001,"[64999.96,64999.86,64999.759999999995,64999.659999999996,64999.56,64999.46,64999.36,64999.259999999995,64999.159999999996,64999.06]",64999.96,"[0.001,0.002,0.003,0.004,0.005,0.006,0.007,0.008,0.009000000000000001,0.01]",0.001,4206,mock,InstrumentType.Spot,615175104,mock,BTC-USDT
2199944884,0,0,1783610797194128620,101,depth,"[65000.17,65000.27,65000.37,65000.47,65000.57,65000.67,65000.77,65000.87,65000.97,65001.07]",65000.17,"[0.001,0.002,0.003,0.004,0.005,0.006,0.007,0.008,0.009000000000000001,0.01]",0.001,"[64999.97,64999.87,64999.77,64999.67,64999.57,64999.47,64999.37,64999.27,64999.17,64999.07]",64999.97,"[0.001,0.002,0.003,0.004,0.005,0.006,0.007,0.008,0.009000000000000001,0.01]",0.001,4207,mock,InstrumentType.Spot,615175664,mock,BTC-USDT
2199944884,0,0,1783610797194428486,101,depth,"[65000.18,65000.28,65000.380000000005,65000.48,65000.58,65000.68,65000.78,65000.880000000005,65000.98,65001.08]",65000.18,"[0.001,0.002,0.003,0.004,0.005,0.006,0.007,0.008,0.009000000000000001,0.01]",0.001,"[64999.98,64999.880000000005,64999.78,64999.68,64999.58,64999.48,64999.380000000005,64999.28,64999.18,64999.08]",64999.98,"[0.001,0.002,0.003,0.004,0.005,0.006,0.007,0.008,0.009000000000000001,0.01]",0.001,4208,mock,InstrumentType.Spot,615176224,mock,BTC-USDT
2199944884,0,0,1783610797194728973,101,depth,"[65000.189999999995,65000.28999999999,65000.39,65000.49,65000.59,65000.689999999995,65000.78999999999,65000.89,65000.99,65001.09]",65000.189999999995,"[0.001,0.002,0.003,0.004,0.005,0.006,0.007,0.008,0.009000000000000001,0.01]",0.001,"[64999.99,64999.89,64999.78999999999,64999.689999999995,64999.59,64999.49,64999.39,64999.28999999999,64999.189999999995,64999.09]",64999.99,"[0.001,0.002,0.003,0.004,0.005,0.006,0.007,0.008,0.009000000000000001,0.01]",0.001,4209,mock,InstrumentType.Spot,615176784,mock,BTC-USDT
2199944884,0,0,1783610797195029072,101,depth,"[65000.2,65000.299999999996,65000.4,65000.5,65000.6,65000.7,65000.799999999996,65000.9,65001.0,65001.1]",65000.2,"[0.001,0.002,0.003,0.004,0.005,0.006,0.007,0.008,0.009000000000000001,0.01]",0.001,"[65000.0,64999.9,64999.799999999996,64999.7,64999.6,64999.5,64999.4,64999.299999999996,64999.2,64999.1]",65000.0,"[0.001,0.002,0.003,0.004,0.005,0.006,0.007,0.008,0.009000000000000001,0.01]",0.001,4210,mock,InstrumentType.Spot,615177344,mock,BTC-USDT
2199944884,0,0,1783610797195337251,101,depth,"[65000.21,65000.31,65000.41,65000.51,65000.61,65000.71,65000.81,65000.91,65001.01,65001.11]",65000.21,"[0.001,0.002,0.003,0.004,0.005,0.006,0.007,0.008,0.009000000000000001,0.01]",0.001,"[65000.01,64999.91,64999.81,64999.71,64999.61,64999.51,64999.41,64999.31,64999.21,64999.11]",65000.01,"[0.001,0.002,0.003,0.004,0.005,0.006,0.007,0.008,0.009000000000000001,0.01]",0.001,4211,mock,InstrumentType.Spot,615177904,mock,BTC-USDT
2199944884,0,0,1783610797195628950,101,depth,"[65000.22,65000.32,65000.420000000006,65000.520000000004,65000.62,65000.72,65000.82,65000.920000000006,65001.020000000004,65001.12]",65000.22,"[0.001,0.002,0.003,0.004,0.005,0.006,0.007,0.008,0.009000000000000001,0.01]",0.001,"[65000.020000000004,64999.920000000006,64999.82,64999.72,64999.62,64999.520000000004,64999.420000000006,64999.32,64999.22,64999.12]",65000.020000000004,"[0.001,0.002,0.003,0.004,0.005,0.006,0.007,0.008,0.009000000000000001,0.01]",0.001,4212,mock,InstrumentType.Spot,615178464,mock,BTC-USDT
2199944884,0,0,1783610797195929194,101,depth,"[65000.229999999996,65000.329999999994,65000.43,65000.53,65000.63,65000.729999999996,65000.829999999994,65000.93,65001.03,65001.13]",65000.229999999996,"[0.001,0.002,0.003,0.004,0.005,0.006,0.007,0.008,0.009000000000000001,0.01]",0.001,"[65000.03,64999.93,64999.829999999994,64999.729999999996,64999.63,64999.53,64999.43,64999.329999999994,64999.229999999996,64999.13]",65000.03,"[0.001,0.002,0.003,0.004,0.005,0.006,0.007,0.008,0.009000000000000001,0.01]",0.001,4213,mock,InstrumentType.Spot,615179024,mock,BTC-USDT
2199944884,0,0,1783610797196229308,101,depth,"[65000.24,65000.34,65000.44,65000.54,65000.64,65000.74,65000.84,65000.94,65001.04,65001.14]",65000.24,"[0.001,0.002,0.003,0.004,0.005,0.006,0.007,0.008,0.009000000000000001,0.01]",0.001,"[65000.04,64999.94,64999.84,64999.74,64999.64,64999.54,64999.44,64999.34,64999.24,64999.14]",65000.04,"[0.001,0.002,0.003,0.004,0.005,0.006,0.007,0.008,0.009000000000000001,0.01]",0.001,4214,mock,InstrumentType.Spot,615179584,mock,BTC-USDT
2199944884,0,0,1783610797196534373,101,depth,"[65000.25,65000.35,65000.450000000004,65000.55,65000.65,65000.75,65000.85,65000.950000000004,65001.05,65001.15]",65000.25,"[0.001,0.002,0.003,0.004,0.005,0.006,0.007,0.008,0.009000000000000001,0.01]",0.001,"[65000.05,64999.950000000004,64999.85,64999.75,64999.65,64999.55,64999.450000000004,64999.35,64999.25,64999.15]",65000.05,"[0.001,0.002,0.003,0.004,0.005,0.006,0.007,0.008,0.009000000000000001,0.01]",0.001,4215,mock,InstrumentType.Spot,615180144,mock,BTC-USDT
2199944884,0,0,1783610797196829840,101,depth,"[65000.26,65000.36,65000.46000000001,65000.560000000005,65000.66,65000.76,65000.86,65000.96000000001,65001.060000000005,65001.16]",65000.26,"[0.001,0.002,0.003,0.004,0.005,0.006,0.007,0.008,0.009000000000000001,0.01]",0.001,"[65000.060000000005,64999.96000000001,64999.86,64999.76,64999.66,64999.560000000005,64999.46000000001,64999.36,64999.26,64999.16]",65000.060000000005,"[0.001,0.002,0.003,0.004,0.005,0.006,0.007,0.008,0.009000000000000001,0.01]",0.001,4216,mock,InstrumentType.Spot,615180704,mock,BTC-USDT
2199944884,0,0,1783610797197130095,101,depth,"[65000.27,65000.369999999995,65000.47,65000.57,65000.67,65000.77,65000.869999999995,65000.97,65001.07,65001.17]",65000.27,"[0.001,0.002,0.003,0.004,0.005,0.006,0.007,0.008,0.009000000000000001,0.01]",0.001,"[65000.07,64999.97,64999.869999999995,64999.77,64999.67,64999.57,64999.47,64999.369999999995,64999.27,64999.17]",65000.07,"[0.001,0.002,0.003,0.004,0.005,0.006,0.007,0.008,0.009000000000000001,0.01]",0.001,4217,mock,InstrumentType.Spot,615181264,mock,BTC-USDT
2199944884,0,0,1783610797197429172,101,depth,"[65000.28,65000.38,65000.48,65000.58,65000.68,65000.78,65000.88,65000.98,65001.08,65001.18]",65000.28,"[0.001,0.002,0.003,0.004,0.005,0.006,0.007,0.008,0.009000000000000001,0.01]",0.001,"[65000.08,64999.98,64999.88,64999.78,64999.68,64999.58,64999.48,64999.38,64999.28,64999.18]",65000.08,"[0.001,0.002,0.003,0.004,0.005,0.006,0.007,0.008,0.009000000000000001,0.01]",0.001,4218,mock,InstrumentType.Spot,615181824,mock,BTC-USDT
2199944884,0,0,1783610797197728509,101,depth,"[65000.29,65000.39,65000.490000000005,65000.590000000004,65000.69,65000.79,65000.89,65000.990000000005,65001.090000000004,65001.19]",65000.29,"[0.001,0.002,0.003,0.004,0.005,0.006,0.007,0.008,0.009000000000000001,0.01]",0.001,"[65000.090000000004,64999.990000000005,64999.89,64999.79,64999.69,64999.590000000004,64999.490000000005,64999.39,64999.29,64999.19]",65000.090000000004,"[0.001,0.002,0.003,0.004,0.005,0.006,0.007,0.008,0.009000000000000001,0.01]",0.001,4219,mock,InstrumentType.Spot,615182384,mock,BTC-USDT
2199944884,0,0,1783610797198041134,101,depth,"[65000.299999999996,65000.399999999994,65000.5,65000.6,65000.7,65000.799999999996,65000.899999999994,65001.0,65001.1,65001.2]",65000.299999999996,"[0.001,0.002,0.003,0.004,0.005,0.006,0.007,0.008,0.009000000000000001,0.01]",0.001,"[65000.1,65000.0,64999.899999999994,64999.799999999996,64999.7,64999.6,64999.5,64999.399999999994,64999.299999999996,64999.2]",65000.1,"[0.001,0.002,0.003,0.004,0.005,0.006,0.007,0.008,0.009000000000000001,0.01]",0.001,4220,mock,InstrumentType.Spot,615182944,mock,BTC-USDT
2199944884,0,0,1783610797198328612,101,depth,"[65000.31,65000.409999999996,65000.51,65000.61,65000.71,65000.81,65000.909999999996,65001.01,65001.11,65001.21]",65000.31,"[0.001,0.002,0.003,0.004,0.005,0.006,0.007,0.008,0.009000000000000001,0.01]",0.001,"[65000.11,65000.01,64999.909999999996,64999.81,64999.71,64999.61,64999.51,64999.409999999996,64999.31,64999.21]",65000.11,"[0.001,0.002,0.003,0.004,0.005,0.006,0.007,0.008,0.009000000000000001,0.01]",0.001,4221,mock,InstrumentType.Spot,615183504,mock,BTC-USDT
2199944884,0,0,1783610797198629233,101,depth,"[65000.32,65000.42,65000.520000000004,65000.62,65000.72,65000.82,65000.92,65001.020000000004,65001.12,65001.22]",65000.32,"[0.001,0.002,0.003,0.004,0.005,0.006,0.007,0.008,0.009000000000000001,0.01]",0.001,"[65000.12,65000.020000000004,64999.92,64999.82,64999.72,64999.62,64999.520000000004,64999.42,64999.32,64999.22]",65000.12,"[0.001,0.002,0.003,0.004,0.005,0.006,0.007,0.008,0.009000000000000001,0.01]",0.001,4222,mock,InstrumentType.Spot,615184064,mock,BTC-USDT
2199944884,0,0,1783610797198928439,101,depth,"[65000.33,65000.43,65000.530000000006,65000.630000000005,65000.73,65000.83,65000.93,65001.030000000006,65001.130000000005,65001.23]",65000.33,"[0.001,0.002,0.003,0.004,0.005,0.006,0.007,0.008,0.009000000000000001,0.01]",0.001,"[65000.130000000005,65000.030000000006,64999.93,64999.83,64999.73,64999.630000000005,64999.530000000006,64999.43,64999.33,64999.23]",65000.130000000005,"[0.001,0.002,0.003,0.004,0.005,0.006,0.007,0.008,0.009000000000000001,0.01]",0.001,4223,mock,InstrumentType.Spot,615184624,mock,BTC-USDT
2199944884,0,0,1783610797199228464,101,depth,"[65000.34,65000.439999999995,65000.54,65000.64,65000.74,65000.84,65000.939999999995,65001.04,65001.14,65001.24]",65000.34,"[0.001,0.002,0.003,0.004,0.005,0.006,0.007,0.008,0.009000000000000001,0.01]",0.001,"[65000.14,65000.04,64999.939999999995,64999.84,64999.74,64999.64,64999.54,64999.439999999995,64999.34,64999.24]",65000.14,"[0.001,0.002,0.003,0.004,0.005,0.006,0.007,0.008,0.009000000000000001,0.01]",0.001,4224,mock,InstrumentType.Spot,615185184,mock,BTC-USDT
2199944884,0,0,1783610797199528582,101,depth,"[65000.35,65000.45,65000.55,65000.65,65000.75,65000.85,65000.95,65001.05,65001.15,65001.25]",65000.35,"[0.001,0.002,0.003,0.004,0.005,0.006,0.007,0.008,0.009000000000000001,0.01]",0.001,"[65000.15,65000.05,64999.95,64999.85,64999.75,64999.65,64999.55,64999.45,64999.35,64999.25]",65000.15,"[0.001,0.002,0.003,0.004,0.005,0.006,0.007,0.008,0.009000000000000001,0.01]",0.001,4225,mock,InstrumentType.Spot,615185744,mock,BTC-USDT
2199944884,0,0,1783610797199827836,101,depth,"[65000.36,65000.46,65000.560000000005,65000.66,65000.76,65000.86,65000.96,65001.060000000005,65001.16,65001.26]",65000.36,"[0.001,0.002,0.003,0.004,0.005,0.006,0.007,0.008,0.009000000000000001,0.01]",0.001,"[65000.16,65000.060000000005,64999.96,64999.86,64999.76,64999.66,64999.560000000005,64999.46,64999.36,64999.26]",65000.16,"[0.001,0.002,0.003,0.004,0.005,0.006,0.007,0.008,0.009000000000000001,0.01]",0.001,4226,mock,InstrumentType.Spot,615186304,mock,BTC-USDT
2199944884,0,0,1783610797200128409,101,depth,"[65000.369999999995,65000.469999999994,65000.57,65000.67,65000.77,65000.869999999995,65000.969999999994,65001.07,65001.17,65001.27]",65000.369999999995,"[0.001,0.002,0.003,0.004,0.005,0.006,0.007,0.008,0.009000000000000001,0.01]",0.001,"[65000.17,65000.07,64999.969999999994,64999.869999999995,64999.77,64999.67,64999.57,64999.469999999994,64999.369999999995,64999.27]",65000.17,"[0.001,0.002,0.003,0.004,0.005,0.006,0.007,0.008,0.009000000000000001,0.01]",0.001,4227,mock,InstrumentType.Spot,615186864,mock,BTC-USDT
2199944884,0,0,1783610797200427997,101,depth,"[65000.38,65000.479999999996,65000.58,65000.68,65000.78,65000.88,65000.979999999996,65001.08,65001.18,65001.28]",65000.38,"[0.001,0.002,0.003,0.004,0.005,0.006,0.007,0.008,0.009000000000000001,0.01]",0.001,"[65000.18,65000.08,64999.979999999996,64999.88,64999.78,64999.68,64999.58,64999.479999999996,64999.38,64999.28]",65000.18,"[0.001,0.002,0.003,0.004,0.005,0.006,0.007,0.008,0.009000000000000001,0.01]",0.001,4228,mock,InstrumentType.Spot,615187424,mock,BTC-USDT
2199944884,0,0,1783610797200727935,101,depth,"[65000.39,65000.49,65000.590000000004,65000.69,65000.79,65000.89,65000.99,65001.090000000004,65001.19,65001.29]",65000.39,"[0.001,0.002,0.003,0.004,0.005,0.006,0.007,0.008,0.009000000000000001,0.01]",0.001,"[65000.19,65000.090000000004,64999.99,64999.89,64999.79,64999.69,64999.590000000004,64999.49,64999.39,64999.29]",65000.19,"[0.001,0.002,0.003,0.004,0.005,0.006,0.007,0.008,0.009000000000000001,0.01]",0.001,4229,mock,InstrumentType.Spot,615187984,mock,BTC-USDT
2199944884,0,0,1783610797201038536,101,depth,"[65000.4,65000.5,65000.600000000006,65000.700000000004,65000.8,65000.9,65001.0,65001.100000000006,65001.200000000004,65001.3]",65000.4,"[0.001,0.002,0.003,0.004,0.005,0.006,0.007,0.008,0.009000000000000001,0.01]",0.001,"[65000.200000000004,65000.100000000006,65000.0,64999.9,64999.8,64999.700000000004,64999.600000000006,64999.5,64999.4,64999.3]",65000.200000000004,"[0.001,0.002,0.003,0.004,0.005,0.006,0.007,0.008,0.009000000000000001,0.01]",0.001,4230,mock,InstrumentType.Spot,615188544,mock,BTC-USDT
2199944884,0,0,1783610797201328219,101,depth,"[65000.409999999996,65000.509999999995,65000.61,65000.71,65000.81,65000.909999999996,65001.009999999995,65001.11,65001.21,65001.31]",65000.409999999996,"[0.001,0.002,0.003,0.004,0.005,0.006,0.007,0.008,0.009000000000000001,0.01]",0.001,"[65000.21,65000.11,65000.009999999995,64999.909999999996,64999.81,64999.71,64999.61,64999.509999999995,64999.409999999996,64999.31]",65000.21,"[0.001,0.002,0.003,0.004,0.005,0.006,0.007,0.008,0.009000000000000001,0.01]",0.001,4231,mock,InstrumentType.Spot,615189104,mock,BTC-USDT
2199944884,0,0,1783610797201627876,101,depth,"[65000.42,65000.52,65000.62,65000.72,65000.82,65000.92,65001.02,65001.12,65001.22,65001.32]",65000.42,"[0.001,0.002,0.003,0.004,0.005,0.006,0.007,0.008,0.009000000000000001,0.01]",0.001,"[65000.22,65000.12,65000.02,64999.92,64999.82,64999.72,64999.62,64999.52,64999.42,64999.32]",65000.22,"[0.001,0.002,0.003,0.004,0.005,0.006,0.007,0.008,0.009000000000000001,0.01]",0.001,4232,mock,InstrumentType.Spot,615189664,mock,BTC-USDT
2199944884,0,0,1783610797201928465,101,depth,"[65000.43,65000.53,65000.630000000005,65000.73,65000.83,65000.93,65001.03,65001.130000000005,65001.23,65001.33]",65000.43,"[0.001,0.002,0.003,0.004,0.005,0.006,0.007,0.008,0.009000000000000001,0.01]",0.001,"[65000.23,65000.130000000005,65000.03,64999.93,64999.83,64999.73,64999.630000000005,64999.53,64999.43,64999.33]",65000.23,"[0.001,0.002,0.003,0.004,0.005,0.006,0.007,0.008,0.009000000000000001,0.01]",0.001,4233,mock,InstrumentType.Spot,615190224,mock,BTC-USDT
2199944884,0,0,1783610797202228379,101,depth,"[65000.439999999995,65000.53999999999,65000.64,65000.74,65000.84,65000.939999999995,65001.03999999999,65001.14,65001.24,65001.34]",65000.439999999995,"[0.001,0.002,0.003,0.004,0.005,0.006,0.007,0.008,0.009000000000000001,0.01]",0.001,"[65000.24,65000.14,65000.03999999999,64999.939999999995,64999.84,64999.74,64999.64,64999.53999999999,64999.439999999995,64999.34]",65000.24,"[0.001,0.002,0.003,0.004,0.005,0.006,0.007,0.008,0.009000000000000001,0.01]",0.001,4234,mock,InstrumentType.Spot,615190784,mock,BTC-USDT
2199944884,0,0,1783610797202528120,101,depth,"[65000.45,65000.549999999996,65000.65,65000.75,65000.85,65000.95,65001.049999999996,65001.15,65001.25,65001.35]",65000.45,"[0.001,0.002,0.003,0.004,0.005,0.006,0.007,0.008,0.009000000000000001,0.01]",0.001,"[65000.25,65000.15,65000.049999999996,64999.95,64999.85,64999.75,64999.65,64999.549999999996,64999.45,64999.35]",65000.25,"[0.001,0.002,0.003,0.004,0.005,0.006,0.007,0.008,0.009000000000000001,0.01]",0.001,4235,mock,InstrumentType.Spot,615191344,mock,BTC-USDT
2199944884,0,0,1783610797202827913,101,depth,"[65000.46,65000.56,65000.66,65000.76,65000.86,65000.96,65001.06,65001.16,65001.26,65001.36]",65000.46,"[0.001,0.002,0.003,0.004,0.005,0.006,0.007,0.008,0.009000000000000001,0.01]",0.001,"[65000.26,65000.16,65000.06,64999.96,64999.86,64999.76,64999.66,64999.56,64999.46,64999.36]",65000.26,"[0.001,0.002,0.003,0.004,0.005,0.006,0.007,0.008,0.009000000000000001,0.01]",0.001,4236,mock,InstrumentType.Spot,615191904,mock,BTC-USDT
2199944884,0,0,1783610797203127944,101,depth,"[65000.47,65000.57,65000.670000000006,65000.770000000004,65000.87,65000.97,65001.07,65001.170000000006,65001.270000000004,65001.37]",65000.47,"[0.001,0.002,0.003,0.004,0.005,0.006,0.007,0.008,0.009000000000000001,0.01]",0.001,"[65000.270000000004,65000.170000000006,65000.07,64999.97,64999.87,64999.770000000004,64999.670000000006,64999.57,64999.47,64999.37]",65000.270000000004,"[0.001,0.002,0.003,0.004,0.005,0.006,0.007,0.008,0.009000000000000001,0.01]",0.001,4237,mock,InstrumentType.Spot,615192464,mock,BTC-USDT
2199944884,0,0,1783610797203427826,101,depth,"[65000.479999999996,65000.579999999994,65000.68,65000.78,65000.88,65000.979999999996,65001.079999999994,65001.18,65001.28,65001.38]",65000.479999999996,"[0.001,0.002,0.003,0.004,0.005,0.006,0.007,0.008,0.009000000000000001,0.01]",0.001,"[65000.28,65000.18,65000.079999999994,64999.979999999996,64999.88,64999.78,64999.68,64999.579999999994,64999.479999999996,64999.38]",65000.28,"[0.001,0.002,0.003,0.004,0.005,0.006,0.007,0.008,0.009000000000000001,0.01]",0.001,4238,mock,InstrumentType.Spot,615193024,mock,BTC-USDT
2199944884,0,0,1783610797203736432,101,depth,"[65000.49,65000.59,65000.69,65000.79,65000.89,65000.99,65001.09,65001.19,65001.29,65001.39]",65000.49,"[0.001,0.002,0.003,0.004,0.005,0.006,0.007,0.008,0.009000000000000001,0.01]",0.001,"[65000.29,65000.19,65000.09,64999.99,64999.89,64999.79,64999.69,64999.59,64999.49,64999.39]",65000.29,"[0.001,0.002,0.003,0.004,0.005,0.006,0.007,0.008,0.009000000000000001,0.01]",0.001,4239,mock,InstrumentType.Spot,615193584,mock,BTC-USDT
2199944884,0,0,1783610797204028381,101,depth,"[65000.5,65000.6,65000.700000000004,65000.8,65000.9,65001.0,65001.1,65001.200000000004,65001.3,65001.4]",65000.5,"[0.001,0.002,0.003,0.004,0.005,0.006,0.007,0.008,0.009000000000000001,0.01]",0.001,"[65000.3,65000.200000000004,65000.1,65000.0,64999.9,64999.8,64999.700000000004,64999.6,64999.5,64999.4]",65000.3,"[0.001,0.002,0.003,0.004,0.005,0.006,0.007,0.008,0.009000000000000001,0.01]",0.001,4240,mock,InstrumentType.Spot,615194144,mock,BTC-USDT
2199944884,0,0,1783610797204328245,101,depth,"[65000.51,65000.61,65000.71000000001,65000.810000000005,65000.91,65001.01,65001.11,65001.21000000001,65001.310000000005,65001.41]",65000.51,"[0.001,0.002,0.003,0.004,0.005,0.006,0.007,0.008,0.009000000000000001,0.01]",0.001,"[65000.310000000005,65000.21000000001,65000.11,65000.01,64999.91,64999.810000000005,64999.71000000001,64999.61,64999.51,64999.41]",65000.310000000005,"[0.001,0.002,0.003,0.004,0.005,0.006,0.007,0.008,0.009000000000000001,0.01]",0.001,4241,mock,InstrumentType.Spot,615194704,mock,BTC-USDT
2199944884,0,0,1783610797204628324,101,depth,"[65000.52,65000.619999999995,65000.72,65000.82,65000.92,65001.02,65001.119999999995,65001.22,65001.32,65001.42]",65000.52,"[0.001,0.002,0.003,0.004,0.005,0.006,0.007,0.008,0.009000000000000001,0.01]",0.001,"[65000.32,65000.22,65000.119999999995,65000.02,64999.92,64999.82,64999.72,64999.619999999995,64999.52,64999.42]",65000.32,"[0.001,0.002,0.003,0.004,0.005,0.006,0.007,0.008,0.009000000000000001,0.01]",0.001,4242,mock,InstrumentType.Spot,615195264,mock,BTC-USDT
2199944884,0,0,1783610797204928166,101,depth,"[65000.53,65000.63,65000.73,65000.83,65000.93,65001.03,65001.13,65001.23,65001.33,65001.43]",65000.53,"[0.001,0.002,0.003,0.004,0.005,0.006,0.007,0.008,0.009000000000000001,0.01]",0.001,"[65000.33,65000.23,65000.13,65000.03,64999.93,64999.83,64999.73,64999.63,64999.53,64999.43]",65000.33,"[0.001,0.002,0.003,0.004,0.005,0.006,0.007,0.008,0.009000000000000001,0.01]",0.001,4243,mock,InstrumentType.Spot,615195824,mock,BTC-USDT
2199944884,0,0,1783610797205228318,101,depth,"[65000.54,65000.64,65000.740000000005,65000.840000000004,65000.94,65001.04,65001.14,65001.240000000005,65001.340000000004,65001.44]",65000.54,"[0.001,0.002,0.003,0.004,0.005,0.006,0.007,0.008,0.009000000000000001,0.01]",0.001,"[65000.340000000004,65000.240000000005,65000.14,65000.04,64999.94,64999.840000000004,64999.740000000005,64999.64,64999.54,64999.44]",65000.340000000004,"[0.001,0.002,0.003,0.004,0.005,0.006,0.007,0.008,0.009000000000000001,0.01]",0.001,4244,mock,InstrumentType.Spot,615196384,mock,BTC-USDT
2199944884,0,0,1783610797205527834,101,depth,"[65000.549999999996,65000.649999999994,65000.75,65000.85,65000.95,65001.049999999996,65001.149999999994,65001.25,65001.35,65001.45]",65000.549999999996,"[0.001,0.002,0.003,0.004,0.005,0.006,0.007,0.008,0.009000000000000001,0.01]",0.001,"[65000.35,65000.25,65000.149999999994,65000.049999999996,64999.95,64999.85,64999.75,64999.649999999994,64999.549999999996,64999.45]",65000.35,"[0.001,0.002,0.003,0.004,0.005,0.006,0.007,0.008,0.009000000000000001,0.01]",0.001,4245,mock,InstrumentType.Spot,615196944,mock,BTC-USDT
2199944884,0,0,1783610797205827776,101,depth,"[65000.56,65000.659999999996,65000.76,65000.86,65000.96,65001.06,65001.159999999996,65001.26,65001.36,65001.46]",65000.56,"[0.001,0.002,0.003,0.004,0.005,0.006,0.007,0.008,0.009000000000000001,0.01]",0.001,"[65000.36,65000.26,65000.159999999996,65000.06,64999.96,64999.86,64999.76,64999.659999999996,64999.56,64999.46]",65000.36,"[0.001,0.002,0.003,0.004,0.005,0.006,0.007,0.008,0.009000000000000001,0.01]",0.001,4246,mock,InstrumentType.Spot,615197504,mock,BTC-USDT
2199944884,0,0,1783610797206127951,101,depth,"[65000.57,65000.67,65000.770000000004,65000.87,65000.97,65001.07,65001.17,65001.270000000004,65001.37,65001.47]",65000.57,"[0.001,0.002,0.003,0.004,0.005,0.006,0.007,0.008,0.009000000000000001,0.01]",0.001,"[65000.37,65000.270000000004,65000.17,65000.07,64999.97,64999.87,64999.770000000004,64999.67,64999.57,64999.47]",65000.37,"[0.001,0.002,0.003,0.004,0.005,0.006,0.007,0.008,0.009000000000000001,0.01]",0.001,4247,mock,InstrumentType.Spot,615198064,mock,BTC-USDT
2199944884,0,0,1783610797206427869,101,depth,"[65000.58,65000.68,65000.780000000006,65000.880000000005,65000.98,65001.08,65001.18,65001.280000000006,65001.380000000005,65001.48]",65000.58,"[0.001,0.002,0.003,0.004,0.005,0.006,0.007,0.008,0.009000000000000001,0.01]",0.001,"[65000.380000000005,65000.280000000006,65000.18,65000.08,64999.98,64999.880000000005,64999.780000000006,64999.68,64999.58,64999.48]",65000.380000000005,"[0.001,0.002,0.003,0.004,0.005,0.006,0.007,0.008,0.009000000000000001,0.01]",0.001,4248,mock,InstrumentType.Spot,615198624,mock,BTC-USDT
2199944884,0,0,1783610797206733515,101,depth,"[65000.59,65000.689999999995,65000.79,65000.89,65000.99,65001.09,65001.189999999995,65001.29,65001.39,65001.49]",65000.59,"[0.001,0.002,0.003,0.004,0.005,0.006,0.007,0.008,0.009000000000000001,0.01]",0.001,"[65000.39,65000.29,65000.189999999995,65000.09,64999.99,64999.89,64999.79,64999.689999999995,64999.59,64999.49]",65000.39,"[0.001,0.002,0.003,0.004,0.005,0.006,0.007,0.008,0.009000000000000001,0.01]",0.001,4249,mock,InstrumentType.Spot,615199184,mock,BTC-USDT
2199944884,0,0,1783610797207027892,101,depth,"[65000.6,65000.7,65000.8,65000.9,65001.0,65001.1,65001.2,65001.3,65001.4,65001.5]",65000.6,"[0.001,0.002,0.003,0.004,0.005,0.006,0.007,0.008,0.009000000000000001,0.01]",0.001,"[65000.4,65000.3,65000.2,65000.1,65000.0,64999.9,64999.8,64999.7,64999.6,64999.5]",65000.4,"[0.001,0.002,0.003,0.004,0.005,0.006,0.007,0.008,0.009000000000000001,0.01]",0.001,4250,mock,InstrumentType.Spot,615199744,mock,BTC-USDT
2199944884,0,0,1783610797207327897,101,depth,"[65000.61,65000.71,65000.810000000005,65000.91,65001.01,65001.11,65001.21,65001.310000000005,65001.41,65001.51]",65000.61,"[0.001,0.002,0.003,0.004,0.005,0.006,0.007,0.008,0.009000000000000001,0.01]",0.001,"[65000.41,65000.310000000005,65000.21,65000.11,65000.01,64999.91,64999.810000000005,64999.71,64999.61,64999.51]",65000.41,"[0.001,0.002,0.003,0.004,0.005,0.006,0.007,0.008,0.009000000000000001,0.01]",0.001,4251,mock,InstrumentType.Spot,615200304,mock,BTC-USDT
2199944884,0,0,1783610797207630419,101,depth,"[65000.619999999995,65000.719999999994,65000.82,65000.92,65001.02,65001.119999999995,65001.219999999994,65001.32,65001.42,65001.52]",65000.619999999995,"[0.001,0.002,0.003,0.004,0.005,0.006,0.007,0.008,0.009000000000000001,0.01]",0.001,"[65000.42,65000.32,65000.219999999994,65000.119999999995,65000.02,64999.92,64999.82,64999.719999999994,64999.619999999995,64999.52]",65000.42,"[0.001,0.002,0.003,0.004,0.005,0.006,0.007,0.008,0.009000000000000001,0.01]",0.001,4252,mock,InstrumentType.Spot,615200864,mock,BTC-USDT
2199944884,0,0,1783610797207928221,101,depth,"[65000.63,65000.729999999996,65000.83,65000.93,65001.03,65001.13,65001.229999999996,65001.33,65001.43,65001.53]",65000.63,"[0.001,0.002,0.003,0.004,0.005,0.006,0.007,0.008,0.009000000000000001,0.01]",0.001,"[65000.43,65000.33,65000.229999999996,65000.13,65000.03,64999.93,64999.83,64999.729999999996,64999.63,64999.53]",65000.43,"[0.001,0.002,0.003,0.004,0.005,0.006,0.007,0.008,0.009000000000000001,0.01]",0.001,4253,mock,InstrumentType.Spot,615201424,mock,BTC-USDT
2199944884,0,0,1783610797208228231,101,depth,"[65000.64,65000.74,65000.840000000004,65000.94,65001.04,65001.14,65001.24,65001.340000000004,65001.44,65001.54]",65000.64,"[0.001,0.002,0.003,0.004,0.005,0.006,0.007,0.008,0.009000000000000001,0.01]",0.001,"[65000.44,65000.340000000004,65000.24,65000.14,65000.04,64999.94,64999.840000000004,64999.74,64999.64,64999.54]",65000.44,"[0.001,0.002,0.003,0.004,0.005,0.006,0.007,0.008,0.009000000000000001,0.01]",0.001,4254,mock,InstrumentType.Spot,615201984,mock,BTC-USDT
2199944884,0,0,1783610797208528234,101,depth,"[65000.65,65000.75,65000.850000000006,65000.950000000004,65001.05,65001.15,65001.25,65001.350000000006,65001.450000000004,65001.55]",65000.65,"[0.001,0.002,0.003,0.004,0.005,0.006,0.007,0.008,0.009000000000000001,0.01]",0.001,"[65000.450000000004,65000.350000000006,65000.25,65000.15,65000.05,64999.950000000004,64999.850000000006,64999.75,64999.65,64999.55]",65000.450000000004,"[0.001,0.002,0.003,0.004,0.005,0.006,0.007,0.008,0.009000000000000001,0.01]",0.001,4255,mock,InstrumentType.Spot,615202544,mock,BTC-USDT
2199944884,0,0,1783610797208827949,101,depth,"[65000.659999999996,65000.759999999995,65000.86,65000.96,65001.06,65001.159999999996,65001.259999999995,65001.36,65001.46,65001.56]",65000.659999999996,"[0.001,0.002,0.003,0.004,0.005,0.006,0.007,0.008,0.009000000000000001,0.01]",0.001,"[65000.46,65000.36,65000.259999999995,65000.159999999996,65000.06,64999.96,64999.86,64999.759999999995,64999.659999999996,64999.56]",65000.46,"[0.001,0.002,0.003,0.004,0.005,0.006,0.007,0.008,0.009000000000000001,0.01]",0.001,4256,mock,InstrumentType.Spot,615203104,mock,BTC-USDT
2199944884,0,0,1783610797209128336,101,depth,"[65000.67,65000.77,65000.87,65000.97,65001.07,65001.17,65001.27,65001.37,65001.47,65001.57]",65000.67,"[0.001,0.002,0.003,0.004,0.005,0.006,0.007,0.008,0.009000000000000001,0.01]",0.001,"[65000.47,65000.37,65000.27,65000.17,65000.07,64999.97,64999.87,64999.77,64999.67,64999.57]",65000.47,"[0.001,0.002,0.003,0.004,0.005,0.006,0.007,0.008,0.009000000000000001,0.01]",0.001,4257,mock,InstrumentType.Spot,615203664,mock,BTC-USDT
2199944884,0,0,1783610797209430678,101,depth,"[65000.68,65000.78,65000.880000000005,65000.98,65001.08,65001.18,65001.28,65001.380000000005,65001.48,65001.58]",65000.68,"[0.001,0.002,0.003,0.004,0.005,0.006,0.007,0.008,0.009000000000000001,0.01]",0.001,"[65000.48,65000.380000000005,65000.28,65000.18,65000.08,64999.98,64999.880000000005,64999.78,64999.68,64999.58]",65000.48,"[0.001,0.002,0.003,0.004,0.005,0.006,0.007,0.008,0.009000000000000001,0.01]",0.001,4258,mock,InstrumentType.Spot,615204224,mock,BTC-USDT
2199944884,0,0,1783610797209743304,101,depth,"[65000.689999999995,65000.78999999999,65000.89,65000.99,65001.09,65001.189999999995,65001.28999999999,65001.39,65001.49,65001.59]",65000.689999999995,"[0.001,0.002,0.003,0.004,0.005,0.006,0.007,0.008,0.009000000000000001,0.01]",0.001,"[65000.49,65000.39,65000.28999999999,65000.189999999995,65000.09,64999.99,64999.89,64999.78999999999,64999.689999999995,64999.59]",65000.49,"[0.001,0.002,0.003,0.004,0.005,0.006,0.007,0.008,0.009000000000000001,0.01]",0.001,4259,mock,InstrumentType.Spot,615204784,mock,BTC-USDT
2199944884,0,0,1783610797210029050,101,depth,"[65000.7,65000.799999999996,65000.9,65001.0,65001.1,65001.2,65001.299999999996,65001.4,65001.5,65001.6]",65000.7,"[0.001,0.002,0.003,0.004,0.005,0.006,0.007,0.008,0.009000000000000001,0.01]",0.001,"[65000.5,65000.4,65000.299999999996,65000.2,65000.1,65000.0,64999.9,64999.799999999996,64999.7,64999.6]",65000.5,"[0.001,0.002,0.003,0.004,0.005,0.006,0.007,0.008,0.009000000000000001,0.01]",0.001,4260,mock,InstrumentType.Spot,615205344,mock,BTC-USDT
2199944884,0,0,1783610797210328625,101,depth,"[65000.71,65000.81,65000.91,65001.01,65001.11,65001.21,65001.31,65001.41,65001.51,65001.61]",65000.71,"[0.001,0.002,0.003,0.004,0.005,0.006,0.007,0.008,0.009000000000000001,0.01]",0.001,"[65000.51,65000.41,65000.31,65000.21,65000.11,65000.01,64999.91,64999.81,64999.71,64999.61]",65000.51,"[0.001,0.002,0.003,0.004,0.005,0.006,0.007,0.008,0.009000000000000001,0.01]",0.001,4261,mock,InstrumentType.Spot,615205904,mock,BTC-USDT
2199944884,0,0,1783610797210628482,101,depth,"[65000.72,65000.82,65000.920000000006,65001.020000000004,65001.12,65001.22,65001.32,65001.420000000006,65001.520000000004,65001.62]",65000.72,"[0.001,0.002,0.003,0.004,0.005,0.006,0.007,0.008,0.009000000000000001,0.01]",0.001,"[65000.520000000004,65000.420000000006,65000.32,65000.22,65000.12,65000.020000000004,64999.920000000006,64999.82,64999.72,64999.62]",65000.520000000004,"[0.001,0.002,0.003,0.004,0.005,0.006,0.007,0.008,0.009000000000000001,0.01]",0.001,4262,mock,InstrumentType.Spot,615206464,mock,BTC-USDT
2199944884,0,0,1783610797210928914,101,depth,"[65000.729999999996,65000.829999999994,65000.93,65001.03,65001.13,65001.229999999996,65001.329999999994,65001.43,65001.53,65001.63]",65000.729999999996,"[0.001,0.002,0.003,0.004,0.005,0.006,0.007,0.008,0.009000000000000001,0.01]",0.001,"[65000.53,65000.43,65000.329999999994,65000.229999999996,65000.13,65000.03,64999.93,64999.829999999994,64999.729999999996,64999.63]",65000.53,"[0.001,0.002,0.003,0.004,0.005,0.006,0.007,0.008,0.009000000000000001,0.01]",0.001,4263,mock,InstrumentType.Spot,615207024,mock,BTC-USDT
2199944884,0,0,1783610797211228695,101,depth,"[65000.74,65000.84,65000.94,65001.04,65001.14,65001.24,65001.34,65001.44,65001.54,65001.64]",65000.74,"[0.001,0.002,0.003,0.004,0.005,0.006,0.007,0.008,0.009000000000000001,0.01]",0.001,"[65000.54,65000.44,65000.34,65000.24,65000.14,65000.04,64999.94,64999.84,64999.74,64999.64]",65000.54,"[0.001,0.002,0.003,0.004,0.005,0.006,0.007,0.008,0.009000000000000001,0.01]",0.001,4264,mock,InstrumentType.Spot,615207584,mock,BTC-USDT
2199944884,0,0,1783610797211528869,101,depth,"[65000.75,65000.85,65000.950000000004,65001.05,65001.15,65001.25,65001.35,65001.450000000004,65001.55,65001.65]",65000.75,"[0.001,0.002,0.003,0.004,0.005,0.006,0.007,0.008,0.009000000000000001,0.01]",0.001,"[65000.55,65000.450000000004,65000.35,65000.25,65000.15,65000.05,64999.950000000004,64999.85,64999.75,64999.65]",65000.55,"[0.001,0.002,0.003,0.004,0.005,0.006,0.007,0.008,0.009000000000000001,0.01]",0.001,4265,mock,InstrumentType.Spot,615208144,mock,BTC-USDT
2199944884,0,0,1783610797211828693,101,depth,"[65000.76,65000.86,65000.96000000001,65001.060000000005,65001.16,65001.26,65001.36,65001.46000000001,65001.560000000005,65001.66]",65000.76,"[0.001,0.002,0.003,0.004,0.005,0.006,0.007,0.008,0.009000000000000001,0.01]",0.001,"[65000.560000000005,65000.46000000001,65000.36,65000.26,65000.16,65000.060000000005,64999.96000000001,64999.86,64999.76,64999.66]",65000.560000000005,"[0.001,0.002,0.003,0.004,0.005,0.006,0.007,0.008,0.009000000000000001,0.01]",0.001,4266,mock,InstrumentType.Spot,615208704,mock,BTC-USDT
2199944884,0,0,1783610797212129200,101,depth,"[65000.77,65000.869999999995,65000.97,65001.07,65001.17,65001.27,65001.369999999995,65001.47,65001.57,65001.67]",65000.77,"[0.001,0.002,0.003,0.004,0.005,0.006,0.007,0.008,0.009000000000000001,0.01]",0.001,"[65000.57,65000.47,65000.369999999995,65000.27,65000.17,65000.07,64999.97,64999.869999999995,64999.77,64999.67]",65000.57,"[0.001,0.002,0.003,0.004,0.005,0.006,0.007,0.008,0.009000000000000001,0.01]",0.001,4267,mock,InstrumentType.Spot,615209264,mock,BTC-USDT
2199944884,0,0,1783610797212438902,101,depth,"[65000.78,65000.88,65000.98,65001.08,65001.18,65001.28,65001.38,65001.48,65001.58,65001.68]",65000.78,"[0.001,0.002,0.003,0.004,0.005,0.006,0.007,0.008,0.009000000000000001,0.01]",0.001,"[65000.58,65000.48,65000.38,65000.28,65000.18,65000.08,64999.98,64999.88,64999.78,64999.68]",65000.58,"[0.001,0.002,0.003,0.004,0.005,0.006,0.007,0.008,0.009000000000000001,0.01]",0.001,4268,mock,InstrumentType.Spot,615209824,mock,BTC-USDT
2199944884,0,0,1783610797212729221,101,depth,"[65000.79,65000.89,65000.990000000005,65001.090000000004,65001.19,65001.29,65001.39,65001.490000000005,65001.590000000004,65001.69]",65000.79,"[0.001,0.002,0.003,0.004,0.005,0.006,0.007,0.008,0.009000000000000001,0.01]",0.001,"[65000.590000000004,65000.490000000005,65000.39,65000.29,65000.19,65000.090000000004,64999.990000000005,64999.89,64999.79,64999.69]",65000.590000000004,"[0.001,0.002,0.003,0.004,0.005,0.006,0.007,0.008,0.009000000000000001,0.01]",0.001,4269,mock,InstrumentType.Spot,615210384,mock,BTC-USDT
2199944884,0,0,1783610797213028766,101,depth,"[65000.799999999996,65000.899999999994,65001.0,65001.1,65001.2,65001.299999999996,65001.399999999994,65001.5,65001.6,65001.7]",65000.799999999996,"[0.001,0.002,0.003,0.004,0.005,0.006,0.007,0.008,0.009000000000000001,0.01]",0.001,"[65000.6,65000.5,65000.399999999994,65000.299999999996,65000.2,65000.1,65000.0,64999.899999999994,64999.799999999996,64999.7]",65000.6,"[0.001,0.002,0.003,0.004,0.005,0.006,0.007,0.008,0.009000000000000001,0.01]",0.001,4270,mock,InstrumentType.Spot,615210944,mock,BTC-USDT
2199944884,0,0,1783610797213328725,101,depth,"[65000.81,65000.909999999996,65001.01,65001.11,65001.21,65001.31,65001.409999999996,65001.51,65001.61,65001.71]",65000.81,"[0.001,0.002,0.003,0.004,0.005,0.006,0.007,0.008,0.009000000000000001,0.01]",0.001,"[65000.61,65000.51,65000.409999999996,65000.31,65000.21,65000.11,65000.01,64999.909999999996,64999.81,64999.71]",65000.61,"[0.001,0.002,0.003,0.004,0.005,0.006,0.007,0.008,0.009000000000000001,0.01]",0.001,4271,mock,InstrumentType.Spot,615211504,mock,BTC-USDT
2199944884,0,0,1783610797213628799,101,depth,"[65000.82,65000.92,65001.020000000004,65001.12,65001.22,65001.32,65001.42,65001.520000000004,65001.62,65001.72]",65000.82,"[0.001,0.002,0.003,0.004,0.005,0.006,0.007,0.008,0.009000000000000001,0.01]",0.001,"[65000.62,65000.520000000004,65000.42,65000.32,65000.22,65000.12,65000.020000000004,64999.92,64999.82,64999.72]",65000.62,"[0.001,0.002,0.003,0.004,0.005,0.006,0.007,0.008,0.009000000000000001,0.01]",0.001,4272,mock,InstrumentType.Spot,615212064,mock,BTC-USDT
2199944884,0,0,1783610797213928425,101,depth,"[65000.83,65000.93,65001.030000000006,65001.130000000005,65001.23,65001.33,65001.43,65001.530000000006,65001.630000000005,65001.73]",65000.83,"[0.001,0.002,0.003,0.004,0.005,0.006,0.007,0.008,0.009000000000000001,0.01]",0.001,"[65000.630000000005,65000.530000000006,65000.43,65000.33,65000.23,65000.130000000005,65000.030000000006,64999.93,64999.83,64999.73]",65000.630000000005,"[0.001,0.002,0.003,0.004,0.005,0.006,0.007,0.008,0.009000000000000001,0.01]",0.001,4273,mock,InstrumentType.Spot,615212624,mock,BTC-USDT
2199944884,0,0,1783610797214228528,101,depth,"[65000.84,65000.939999999995,65001.04,65001.14,65001.24,65001.34,65001.439999999995,65001.54,65001.64,65001.74]",65000.84,"[0.001,0.002,0.003,0.004,0.005,0.006,0.007,0.008,0.009000000000000001,0.01]",0.001,"[65000.64,65000.54,65000.439999999995,65000.34,65000.24,65000.14,65000.04,64999.939999999995,64999.84,64999.74]",65000.64,"[0.001,0.002,0.003,0.004,0.005,0.006,0.007,0.008,0.009000000000000001,0.01]",0.001,4274,mock,InstrumentType.Spot,615213184,mock,BTC-USDT
2199944884,0,0,1783610797214528665,101,depth,"[65000.85,65000.95,65001.05,65001.15,65001.25,65001.35,65001.45,65001.55,65001.65,65001.75]",65000.85,"[0.001,0.002,0.003,0.004,0.005,0.006,0.007,0.008,0.009000000000000001,0.01]",0.001,"[65000.65,65000.55,65000.45,65000.35,65000.25,65000.15,65000.05,64999.95,64999.85,64999.75]",65000.65,"[0.001,0.002,0.003,0.004,0.005,0.006,0.007,0.008,0.009000000000000001,0.01]",0.001,4275,mock,InstrumentType.Spot,615213744,mock,BTC-USDT
2199944884,0,0,1783610797214828016,101,depth,"[65000.86,65000.96,65001.060000000005,65001.16,65001.26,65001.36,65001.46,65001.560000000005,65001.66,65001.76]",65000.86,"[0.001,0.002,0.003,0.004,0.005,0.006,0.007,0.008,0.009000000000000001,0.01]",0.001,"[65000.66,65000.560000000005,65000.46,65000.36,65000.26,65000.16,65000.060000000005,64999.96,64999.86,64999.76]",65000.66,"[0.001,0.002,0.003,0.004,0.005,0.006,0.007,0.008,0.009000000000000001,0.01]",0.001,4276,mock,InstrumentType.Spot,615214304,mock,BTC-USDT
2199944884,0,0,1783610797215128123,101,depth,"[65000.869999999995,65000.969999999994,65001.07,65001.17,65001.27,65001.369999999995,65001.469999999994,65001.57,65001.67,65001.77]",65000.869999999995,"[0.001,0.002,0.003,0.004,0.005,0.006,0.007,0.008,0.009000000000000001,0.01]",0.001,"[65000.67,65000.57,65000.469999999994,65000.369999999995,65000.27,65000.17,65000.07,64999.969999999994,64999.869999999995,64999.77]",65000.67,"[0.001,0.002,0.003,0.004,0.005,0.006,0.007,0.008,0.009000000000000001,0.01]",0.001,4277,mock,InstrumentType.Spot,615214864,mock,BTC-USDT
2199944884,0,0,1783610797215495880,101,depth,"[65000.88,65000.979999999996,65001.08,65001.18,65001.28,65001.38,65001.479999999996,65001.58,65001.68,65001.78]",65000.88,"[0.001,0.002,0.003,0.004,0.005,0.006,0.007,0.008,0.009000000000000001,0.01]",0.001,"[65000.68,65000.58,65000.479999999996,65000.38,65000.28,65000.18,65000.08,64999.979999999996,64999.88,64999.78]",65000.68,"[0.001,0.002,0.003,0.004,0.005,0.006,0.007,0.008,0.009000000000000001,0.01]",0.001,4278,mock,InstrumentType.Spot,615215424,mock,BTC-USDT
2199944884,0,0,1783610797215728650,101,depth,"[65000.89,65000.99,65001.090000000004,65001.19,65001.29,65001.39,65001.49,65001.590000000004,65001.69,65001.79]",65000.89,"[0.001,0.002,0.003,0.004,0.005,0.006,0.007,0.008,0.009000000000000001,0.01]",0.001,"[65000.69,65000.590000000004,65000.49,65000.39,65000.29,65000.19,65000.090000000004,64999.99,64999.89,64999.79]",65000.69,"[0.001,0.002,0.003,0.004,0.005,0.006,0.007,0.008,0.009000000000000001,0.01]",0.001,4279,mock,InstrumentType.Spot,615215984,mock,BTC-USDT
2199944884,0,0,1783610797216028121,101,depth,"[65000.9,65001.0,65001.100000000006,65001.200000000004,65001.3,65001.4,65001.5,65001.600000000006,65001.700000000004,65001.8]",65000.9,"[0.001,0.002,0.003,0.004,0.005,0.006,0.007,0.008,0.009000000000000001,0.01]",0.001,"[65000.700000000004,65000.600000000006,65000.5,65000.4,65000.3,65000.200000000004,65000.100000000006,65000.0,64999.9,64999.8]",65000.700000000004,"[0.001,0.002,0.003,0.004,0.005,0.006,0.007,0.008,0.009000000000000001,0.01]",0.001,4280,mock,InstrumentType.Spot,615216544,mock,BTC-USDT
2199944884,0,0,1783610797216328067,101,depth,"[65000.909999999996,65001.009999999995,65001.11,65001.21,65001.31,65001.409999999996,65001.509999999995,65001.61,65001.71,65001.81]",65000.909999999996,"[0.001,0.002,0.003,0.004,0.005,0.006,0.007,0.008,0.009000000000000001,0.01]",0.001,"[65000.71,65000.61,65000.509999999995,65000.409999999996,65000.31,65000.21,65000.11,65000.009999999995,64999.909999999996,64999.81]",65000.71,"[0.001,0.002,0.003,0.004,0.005,0.006,0.007,0.008,0.009000000000000001,0.01]",0.001,4281,mock,InstrumentType.Spot,615217104,mock,BTC-USDT
2199944884,0,0,1783610797216628054,101,depth,"[65000.92,65001.02,65001.12,65001.22,65001.32,65001.42,65001.52,65001.62,65001.72,65001.82]",65000.92,"[0.001,0.002,0.003,0.004,0.005,0.006,0.007,0.008,0.009000000000000001,0.01]",0.001,"[65000.72,65000.62,65000.52,65000.42,65000.32,65000.22,65000.12,65000.02,64999.92,64999.82]",65000.72,"[0.001,0.002,0.003,0.004,0.005,0.006,0.007,0.008,0.009000000000000001,0.01]",0.001,4282,mock,InstrumentType.Spot,615217664,mock,BTC-USDT
2199944884,0,0,1783610797216928503,101,depth,"[65000.93,65001.03,65001.130000000005,65001.23,65001.33,65001.43,65001.53,65001.630000000005,65001.73,65001.83]",65000.93,"[0.001,0.002,0.003,0.004,0.005,0.006,0.007,0.008,0.009000000000000001,0.01]",0.001,"[65000.73,65000.630000000005,65000.53,65000.43,65000.33,65000.23,65000.130000000005,65000.03,64999.93,64999.83]",65000.73,"[0.001,0.002,0.003,0.004,0.005,0.006,0.007,0.008,0.009000000000000001,0.01]",0.001,4283,mock,InstrumentType.Spot,615218224,mock,BTC-USDT
2199944884,0,0,1783610797217228422,101,depth,"[65000.939999999995,65001.03999999999,65001.14,65001.24,65001.34,65001.439999999995,65001.53999999999,65001.64,65001.74,65001.84]",65000.939999999995,"[0.001,0.002,0.003,0.004,0.005,0.006,0.007,0.008,0.009000000000000001,0.01]",0.001,"[65000.74,65000.64,65000.53999999999,65000.439999999995,65000.34,65000.24,65000.14,65000.03999999999,64999.939999999995,64999.84]",65000.74,"[0.001,0.002,0.003,0.004,0.005,0.006,0.007,0.008,0.009000000000000001,0.01]",0.001,4284,mock,InstrumentType.Spot,615218784,mock,BTC-USDT
2199944884,0,0,1783610797217528375,101,depth,"[65000.95,65001.049999999996,65001.15,65001.25,65001.35,65001.45,65001.549999999996,65001.65,65001.75,65001.85]",65000.95,"[0.001,0.002,0.003,0.004,0.005,0.006,0.007,0.008,0.009000000000000001,0.01]",0.001,"[65000.75,65000.65,65000.549999999996,65000.45,65000.35,65000.25,65000.15,65000.049999999996,64999.95,64999.85]",65000.75,"[0.001,0.002,0.003,0.004,0.005,0.006,0.007,0.008,0.009000000000000001,0.01]",0.001,4285,mock,InstrumentType.Spot,615219344,mock,BTC-USDT
2199944884,0,0,1783610797217828583,101,depth,"[65000.96,65001.06,65001.16,65001.26,65001.36,65001.46,65001.56,65001.66,65001.76,65001.86]",65000.96,"[0.001,0.002,0.003,0.004,0.005,0.006,0.007,0.008,0.009000000000000001,0.01]",0.001,"[65000.76,65000.66,65000.56,65000.46,65000.36,65000.26,65000.16,65000.06,64999.96,64999.86]",65000.76,"[0.001,0.002,0.003,0.004,0.005,0.006,0.007,0.008,0.009000000000000001,0.01]",0.001,4286,mock,InstrumentType.Spot,615219904,mock,BTC-USDT
2199944884,0,0,1783610797218136099,101,depth,"[65000.97,65001.07,65001.170000000006,65001.270000000004,65001.37,65001.47,65001.57,65001.670000000006,65001.770000000004,65001.87]",65000.97,"[0.001,0.002,0.003,0.004,0.005,0.006,0.007,0.008,0.009000000000000001,0.01]",0.001,"[65000.770000000004,65000.670000000006,65000.57,65000.47,65000.37,65000.270000000004,65000.170000000006,65000.07,64999.97,64999.87]",65000.770000000004,"[0.001,0.002,0.003,0.004,0.005,0.006,0.007,0.008,0.009000000000000001,0.01]",0.001,4287,mock,InstrumentType.Spot,615220464,mock,BTC-USDT
2199944884,0,0,1783610797218428682,101,depth,"[65000.979999999996,65001.079999999994,65001.18,65001.28,65001.38,65001.479999999996,65001.579999999994,65001.68,65001.78,65001.88]",65000.979999999996,"[0.001,0.002,0.003,0.004,0.005,0.006,0.007,0.008,0.009000000000000001,0.01]",0.001,"[65000.78,65000.68,65000.579999999994,65000.479999999996,65000.38,65000.28,65000.18,65000.079999999994,64999.979999999996,64999.88]",65000.78,"[0.001,0.002,0.003,0.004,0.005,0.006,0.007,0.008,0.009000000000000001,0.01]",0.001,4288,mock,InstrumentType.Spot,615221024,mock,BTC-USDT
2199944884,0,0,1783610797218788906,101,depth,"[65000.99,65001.09,65001.19,65001.29,65001.39,65001.49,65001.59,65001.69,65001.79,65001.89]",65000.99,"[0.001,0.002,0.003,0.004,0.005,0.006,0.007,0.008,0.009000000000000001,0.01]",0.001,"[65000.79,65000.69,65000.59,65000.49,65000.39,65000.29,65000.19,65000.09,64999.99,64999.89]",65000.79,"[0.001,0.002,0.003,0.004,0.005,0.006,0.007,0.008,0.009000000000000001,0.01]",0.001,4289,mock,InstrumentType.Spot,615221584,mock,BTC-USDT
2199944884,0,0,1783610797219034439,101,depth,"[65001.0,65001.1,65001.200000000004,65001.3,65001.4,65001.5,65001.6,65001.700000000004,65001.8,65001.9]",65001.0,"[0.001,0.002,0.003,0.004,0.005,0.006,0.007,0.008,0.009000000000000001,0.01]",0.001,"[65000.8,65000.700000000004,65000.6,65000.5,65000.4,65000.3,65000.200000000004,65000.1,65000.0,64999.9]",65000.8,"[0.001,0.002,0.003,0.004,0.005,0.006,0.007,0.008,0.009000000000000001,0.01]",0.001,4290,mock,InstrumentType.Spot,615222144,mock,BTC-USDT
2199944884,0,0,1783610797219339112,101,depth,"[65001.01,65001.11,65001.21000000001,65001.310000000005,65001.41,65001.51,65001.61,65001.71000000001,65001.810000000005,65001.91]",65001.01,"[0.001,0.002,0.003,0.004,0.005,0.006,0.007,0.008,0.009000000000000001,0.01]",0.001,"[65000.810000000005,65000.71000000001,65000.61,65000.51,65000.41,65000.310000000005,65000.21000000001,65000.11,65000.01,64999.91]",65000.810000000005,"[0.001,0.002,0.003,0.004,0.005,0.006,0.007,0.008,0.009000000000000001,0.01]",0.001,4291,mock,InstrumentType.Spot,615222704,mock,BTC-USDT
2199944884,0,0,1783610797219631529,101,depth,"[65001.02,65001.119999999995,65001.22,65001.32,65001.42,65001.52,65001.619999999995,65001.72,65001.82,65001.92]",65001.02,"[0.001,0.002,0.003,0.004,0.005,0.006,0.007,0.008,0.009000000000000001,0.01]",0.001,"[65000.82,65000.72,65000.619999999995,65000.52,65000.42,65000.32,65000.22,65000.119999999995,65000.02,64999.92]",65000.82,"[0.001,0.002,0.003,0.004,0.005,0.006,0.007,0.008,0.009000000000000001,0.01]",0.001,4292,mock,InstrumentType.Spot,615223264,mock,BTC-USDT
2199944884,0,0,1783610797219930975,101,depth,"[65001.03,65001.13,65001.23,65001.33,65001.43,65001.53,65001.63,65001.73,65001.83,65001.93]",65001.03,"[0.001,0.002,0.003,0.004,0.005,0.006,0.007,0.008,0.009000000000000001,0.01]",0.001,"[65000.83,65000.73,65000.63,65000.53,65000.43,65000.33,65000.23,65000.13,65000.03,64999.93]",65000.83,"[0.001,0.002,0.003,0.004,0.005,0.006,0.007,0.008,0.009000000000000001,0.01]",0.001,4293,mock,InstrumentType.Spot,615223824,mock,BTC-USDT
2199944884,0,0,1783610797220229148,101,depth,"[65001.04,65001.14,65001.240000000005,65001.340000000004,65001.44,65001.54,65001.64,65001.740000000005,65001.840000000004,65001.94]",65001.04,"[0.001,0.002,0.003,0.004,0.005,0.006,0.007,0.008,0.009000000000000001,0.01]",0.001,"[65000.840000000004,65000.740000000005,65000.64,65000.54,65000.44,65000.340000000004,65000.240000000005,65000.14,65000.04,64999.94]",65000.840000000004,"[0.001,0.002,0.003,0.004,0.005,0.006,0.007,0.008,0.009000000000000001,0.01]",0.001,4294,mock,InstrumentType.Spot,615224384,mock,BTC-USDT
2199944884,0,0,1783610797220528902,101,depth,"[65001.049999999996,65001.149999999994,65001.25,65001.35,65001.45,65001.549999999996,65001.649999999994,65001.75,65001.85,65001.95]",65001.049999999996,"[0.001,0.002,0.003,0.004,0.005,0.006,0.007,0.008,0.009000000000000001,0.01]",0.001,"[65000.85,65000.75,65000.649999999994,65000.549999999996,65000.45,65000.35,65000.25,65000.149999999994,65000.049999999996,64999.95]",65000.85,"[0.001,0.002,0.003,0.004,0.005,0.006,0.007,0.008,0.009000000000000001,0.01]",0.001,4295,mock,InstrumentType.Spot,615224944,mock,BTC-USDT
2199944884,0,0,1783610797220828856,101,depth,"[65001.06,65001.159999999996,65001.26,65001.36,65001.46,65001.56,65001.659999999996,65001.76,65001.86,65001.96]",65001.06,"[0.001,0.002,0.003,0.004,0.005,0.006,0.007,0.008,0.009000000000000001,0.01]",0.001,"[65000.86,65000.76,65000.659999999996,65000.56,65000.46,65000.36,65000.26,65000.159999999996,65000.06,64999.96]",65000.86,"[0.001,0.002,0.003,0.004,0.005,0.006,0.007,0.008,0.009000000000000001,0.01]",0.001,4296,mock,InstrumentType.Spot,615225504,mock,BTC-USDT
2199944884,0,0,1783610797221153058,101,depth,"[65001.07,65001.17,65001.270000000004,65001.37,65001.47,65001.57,65001.67,65001.770000000004,65001.87,65001.97]",65001.07,"[0.001,0.002,0.003,0.004,0.005,0.006,0.007,0.008,0.009000000000000001,0.01]",0.001,"[65000.87,65000.770000000004,65000.67,65000.57,65000.47,65000.37,65000.270000000004,65000.17,65000.07,64999.97]",65000.87,"[0.001,0.002,0.003,0.004,0.005,0.006,0.007,0.008,0.009000000000000001,0.01]",0.001,4297,mock,InstrumentType.Spot,615226064,mock,BTC-USDT
2199944884,0,0,1783610797221428831,101,depth,"[65001.08,65001.18,65001.280000000006,65001.380000000005,65001.48,65001.58,65001.68,65001.780000000006,65001.880000000005,65001.98]",65001.08,"[0.001,0.002,0.003,0.004,0.005,0.006,0.007,0.008,0.009000000000000001,0.01]",0.001,"[65000.880000000005,65000.780000000006,65000.68,65000.58,65000.48,65000.380000000005,65000.280000000006,65000.18,65000.08,64999.98]",65000.880000000005,"[0.001,0.002,0.003,0.004,0.005,0.006,0.007,0.008,0.009000000000000001,0.01]",0.001,4298,mock,InstrumentType.Spot,615226624,mock,BTC-USDT
2199944884,0,0,1783610797221728082,101,depth,"[65001.09,65001.189999999995,65001.29,65001.39,65001.49,65001.59,65001.689999999995,65001.79,65001.89,65001.99]",65001.09,"[0.001,0.002,0.003,0.004,0.005,0.006,0.007,0.008,0.009000000000000001,0.01]",0.001,"[65000.89,65000.79,65000.689999999995,65000.59,65000.49,65000.39,65000.29,65000.189999999995,65000.09,64999.99]",65000.89,"[0.001,0.002,0.003,0.004,0.005,0.006,0.007,0.008,0.009000000000000001,0.01]",0.001,4299,mock,InstrumentType.Spot,615227184,mock,BTC-USDT
2199944884,0,0,1783610797222028008,101,depth,"[65000.1,65000.2,65000.3,65000.4,65000.5,65000.6,65000.7,65000.8,65000.9,65001.0]",65000.1,"[0.001,0.002,0.003,0.004,0.005,0.006,0.007,0.008,0.009000000000000001,0.01]",0.001,"[64999.9,64999.8,64999.7,64999.6,64999.5,64999.4,64999.3,64999.2,64999.1,64999.0]",64999.9,"[0.001,0.002,0.003,0.004,0.005,0.006,0.007,0.008,0.009000000000000001,0.01]",0.001,4300,mock,InstrumentType.Spot,615227744,mock,BTC-USDT
2199944884,0,0,1783610797222328070,101,depth,"[65000.11,65000.21,65000.310000000005,65000.41,65000.51,65000.61,65000.71,65000.810000000005,65000.91,65001.01]",65000.11,"[0.001,0.002,0.003,0.004,0.005,0.006,0.007,0.008,0.009000000000000001,0.01]",0.001,"[64999.91,64999.810000000005,64999.71,64999.61,64999.51,64999.41,64999.310000000005,64999.21,64999.11,64999.01]",64999.91,"[0.001,0.002,0.003,0.004,0.005,0.006,0.007,0.008,0.009000000000000001,0.01]",0.001,4301,mock,InstrumentType.Spot,615228304,mock,BTC-USDT
2199944884,0,0,1783610797222628091,101,depth,"[65000.119999999995,65000.219999999994,65000.32,65000.42,65000.52,65000.619999999995,65000.719999999994,65000.82,65000.92,65001.02]",65000.119999999995,"[0.001,0.002,0.003,0.004,0.005,0.006,0.007,0.008,0.009000000000000001,0.01]",0.001,"[64999.92,64999.82,64999.719999999994,64999.619999999995,64999.52,64999.42,64999.32,64999.219999999994,64999.119999999995,64999.02]",64999.92,"[0.001,0.002,0.003,0.004,0.005,0.006,0.007,0.008,0.009000000000000001,0.01]",0.001,4302,mock,InstrumentType.Spot,615228864,mock,BTC-USDT
2199944884,0,0,1783610797222928079,101,depth,"[65000.13,65000.229999999996,65000.33,65000.43,65000.53,65000.63,65000.729999999996,65000.83,65000.93,65001.03]",65000.13,"[0.001,0.002,0.003,0.004,0.005,0.006,0.007,0.008,0.009000000000000001,0.01]",0.001,"[64999.93,64999.83,64999.729999999996,64999.63,64999.53,64999.43,64999.33,64999.229999999996,64999.13,64999.03]",64999.93,"[0.001,0.002,0.003,0.004,0.005,0.006,0.007,0.008,0.009000000000000001,0.01]",0.001,4303,mock,InstrumentType.Spot,615229424,mock,BTC-USDT
2199944884,0,0,1783610797223228244,101,depth,"[65000.14,65000.24,65000.340000000004,65000.44,65000.54,65000.64,65000.74,65000.840000000004,65000.94,65001.04]",65000.14,"[0.001,0.002,0.003,0.004,0.005,0.006,0.007,0.008,0.009000000000000001,0.01]",0.001,"[64999.94,64999.840000000004,64999.74,64999.64,64999.54,64999.44,64999.340000000004,64999.24,64999.14,64999.04]",64999.94,"[0.001,0.002,0.003,0.004,0.005,0.006,0.007,0.008,0.009000000000000001,0.01]",0.001,4304,mock,InstrumentType.Spot,615229984,mock,BTC-USDT
2199944884,0,0,1783610797223528459,101,depth,"[65000.15,65000.25,65000.350000000006,65000.450000000004,65000.55,65000.65,65000.75,65000.850000000006,65000.950000000004,65001.05]",65000.15,"[0.001,0.002,0.003,0.004,0.005,0.006,0.007,0.008,0.009000000000000001,0.01]",0.001,"[64999.950000000004,64999.850000000006,64999.75,64999.65,64999.55,64999.450000000004,64999.350000000006,64999.25,64999.15,64999.05]",64999.950000000004,"[0.001,0.002,0.003,0.004,0.005,0.006,0.007,0.008,0.009000000000000001,0.01]",0.001,4305,mock,InstrumentType.Spot,615230544,mock,BTC-USDT
2199944884,0,0,1783610797223836110,101,depth,"[65000.159999999996,65000.259999999995,65000.36,65000.46,65000.56,65000.659999999996,65000.759999999995,65000.86,65000.96,65001.06]",65000.159999999996,"[0.001,0.002,0.003,0.004,0.005,0.006,0.007,0.008,0.009000000000000001,0.01]",0.001,"[64999.96,64999.86,64999.759999999995,64999.659999999996,64999.56,64999.46,64999.36,64999.259999999995,64999.159999999996,64999.06]",64999.96,"[0.001,0.002,0.003,0.004,0.005,0.006,0.007,0.008,0.009000000000000001,0.01]",0.001,4306,mock,InstrumentType.Spot,615231104,mock,BTC-USDT
2199944884,0,0,1783610797224128645,101,depth,"[65000.17,65000.27,65000.37,65000.47,65000.57,65000.67,65000.77,65000.87,65000.97,65001.07]",65000.17,"[0.001,0.002,0.003,0.004,0.005,0.006,0.007,0.008,0.009000000000000001,0.01]",0.001,"[64999.97,64999.87,64999.77,64999.67,64999.57,64999.47,64999.37,64999.27,64999.17,64999.07]",64999.97,"[0.001,0.002,0.003,0.004,0.005,0.006,0.007,0.008,0.009000000000000001,0.01]",0.001,4307,mock,InstrumentType.Spot,615231664,mock,BTC-USDT
2199944884,0,0,1783610797224428382,101,depth,"[65000.18,65000.28,65000.380000000005,65000.48,65000.58,65000.68,65000.78,65000.880000000005,65000.98,65001.08]",65000.18,"[0.001,0.002,0.003,0.004,0.005,0.006,0.007,0.008,0.009000000000000001,0.01]",0.001,"[64999.98,64999.880000000005,64999.78,64999.68,64999.58,64999.48,64999.380000000005,64999.28,64999.18,64999.08]",64999.98,"[0.001,0.002,0.003,0.004,0.005,0.006,0.007,0.008,0.009000000000000001,0.01]",0.001,4308,mock,InstrumentType.Spot,615232224,mock,BTC-USDT
2199944884,0,0,1783610797224728883,101,depth,"[65000.189999999995,65000.28999999999,65000.39,65000.49,65000.59,65000.689999999995,65000.78999999999,65000.89,65000.99,65001.09]",65000.189999999995,"[0.001,0.002,0.003,0.004,0.005,0.006,0.007,0.008,0.009000000000000001,0.01]",0.001,"[64999.99,64999.89,64999.78999999999,64999.689999999995,64999.59,64999.49,64999.39,64999.28999999999,64999.189999999995,64999.09]",64999.99,"[0.001,0.002,0.003,0.004,0.005,0.006,0.007,0.008,0.009000000000000001,0.01]",0.001,4309,mock,InstrumentType.Spot,615232784,mock,BTC-USDT
2199944884,0,0,1783610797225028790,101,depth,"[65000.2,65000.299999999996,65000.4,65000.5,65000.6,65000.7,65000.799999999996,65000.9,65001.0,65001.1]",65000.2,"[0.001,0.002,0.003,0.004,0.005,0.006,0.007,0.008,0.009000000000000001,0.01]",0.001,"[65000.0,64999.9,64999.799999999996,64999.7,64999.6,64999.5,64999.4,64999.299999999996,64999.2,64999.1]",65000.0,"[0.001,0.002,0.003,0.004,0.005,0.006,0.007,0.008,0.009000000000000001,0.01]",0.001,4310,mock,InstrumentType.Spot,615233344,mock,BTC-USDT
2199944884,0,0,1783610797225328971,101,depth,"[65000.21,65000.31,65000.41,65000.51,65000.61,65000.71,65000.81,65000.91,65001.01,65001.11]",65000.21,"[0.001,0.002,0.003,0.004,0.005,0.006,0.007,0.008,0.009000000000000001,0.01]",0.001,"[65000.01,64999.91,64999.81,64999.71,64999.61,64999.51,64999.41,64999.31,64999.21,64999.11]",65000.01,"[0.001,0.002,0.003,0.004,0.005,0.006,0.007,0.008,0.009000000000000001,0.01]",0.001,4311,mock,InstrumentType.Spot,615233904,mock,BTC-USDT
2199944884,0,0,1783610797225631179,101,depth,"[65000.22,65000.32,65000.420000000006,65000.520000000004,65000.62,65000.72,65000.82,65000.920000000006,65001.020000000004,65001.12]",65000.22,"[0.001,0.002,0.003,0.004,0.005,0.006,0.007,0.008,0.009000000000000001,0.01]",0.001,"[65000.020000000004,64999.920000000006,64999.82,64999.72,64999.62,64999.520000000004,64999.420000000006,64999.32,64999.22,64999.12]",65000.020000000004,"[0.001,0.002,0.003,0.004,0.005,0.006,0.007,0.008,0.009000000000000001,0.01]",0.001,4312,mock,InstrumentType.Spot,615234464,mock,BTC-USDT
2199944884,0,0,1783610797225929202,101,depth,"[65000.229999999996,65000.329999999994,65000.43,65000.53,65000.63,65000.729999999996,65000.829999999994,65000.93,65001.03,65001.13]",65000.229999999996,"[0.001,0.002,0.003,0.004,0.005,0.006,0.007,0.008,0.009000000000000001,0.01]",0.001,"[65000.03,64999.93,64999.829999999994,64999.729999999996,64999.63,64999.53,64999.43,64999.329999999994,64999.229999999996,64999.13]",65000.03,"[0.001,0.002,0.003,0.004,0.005,0.006,0.007,0.008,0.009000000000000001,0.01]",0.001,4313,mock,InstrumentType.Spot,615235024,mock,BTC-USDT
2199944884,0,0,1783610797226229165,101,depth,"[65000.24,65000.34,65000.44,65000.54,65000.64,65000.74,65000.84,65000.94,65001.04,65001.14]",65000.24,"[0.001,0.002,0.003,0.004,0.005,0.006,0.007,0.008,0.009000000000000001,0.01]",0.001,"[65000.04,64999.94,64999.84,64999.74,64999.64,64999.54,64999.44,64999.34,64999.24,64999.14]",65000.04,"[0.001,0.002,0.003,0.004,0.005,0.006,0.007,0.008,0.009000000000000001,0.01]",0.001,4314,mock,InstrumentType.Spot,615235584,mock,BTC-USDT
2199944884,0,0,1783610797226529119,101,depth,"[65000.25,65000.35,65000.450000000004,65000.55,65000.65,65000.75,65000.85,65000.950000000004,65001.05,65001.15]",65000.25,"[0.001,0.002,0.003,0.004,0.005,0.006,0.007,0.008,0.009000000000000001,0.01]",0.001,"[65000.05,64999.950000000004,64999.85,64999.75,64999.65,64999.55,64999.450000000004,64999.35,64999.25,64999.15]",65000.05,"[0.001,0.002,0.003,0.004,0.005,0.006,0.007,0.008,0.009000000000000001,0.01]",0.001,4315,mock,InstrumentType.Spot,615236144,mock,BTC-USDT
2199944884,0,0,1783610797226835669,101,depth,"[65000.26,65000.36,65000.46000000001,65000.560000000005,65000.66,65000.76,65000.86,65000.96000000001,65001.060000000005,65001.16]",65000.26,"[0.001,0.002,0.003,0.004,0.005,0.006,0.007,0.008,0.009000000000000001,0.01]",0.001,"[65000.060000000005,64999.96000000001,64999.86,64999.76,64999.66,64999.560000000005,64999.46000000001,64999.36,64999.26,64999.16]",65000.060000000005,"[0.001,0.002,0.003,0.004,0.005,0.006,0.007,0.008,0.009000000000000001,0.01]",0.001,4316,mock,InstrumentType.Spot,615236704,mock,BTC-USDT
2199944884,0,0,1783610797227128964,101,depth,"[65000.27,65000.369999999995,65000.47,65000.57,65000.67,65000.77,65000.869999999995,65000.97,65001.07,65001.17]",65000.27,"[0.001,0.002,0.003,0.004,0.005,0.006,0.007,0.008,0.009000000000000001,0.01]",0.001,"[65000.07,64999.97,64999.869999999995,64999.77,64999.67,64999.57,64999.47,64999.369999999995,64999.27,64999.17]",65000.07,"[0.001,0.002,0.003,0.004,0.005,0.006,0.007,0.008,0.009000000000000001,0.01]",0.001,4317,mock,InstrumentType.Spot,615237264,mock,BTC-USDT
2199944884,0,0,1783610797227428981,101,depth,"[65000.28,65000.38,65000.48,65000.58,65000.68,65000.78,65000.88,65000.98,65001.08,65001.18]",65000.28,"[0.001,0.002,0.003,0.004,0.005,0.006,0.007,0.008,0.009000000000000001,0.01]",0.001,"[65000.08,64999.98,64999.88,64999.78,64999.68,64999.58,64999.48,64999.38,64999.28,64999.18]",65000.08,"[0.001,0.002,0.003,0.004,0.005,0.006,0.007,0.008,0.009000000000000001,0.01]",0.001,4318,mock,InstrumentType.Spot,615237824,mock,BTC-USDT
2199944884,0,0,1783610797227728289,101,depth,"[65000.29,65000.39,65000.490000000005,65000.590000000004,65000.69,65000.79,65000.89,65000.990000000005,65001.090000000004,65001.19]",65000.29,"[0.001,0.002,0.003,0.004,0.005,0.006,0.007,0.008,0.009000000000000001,0.01]",0.001,"[65000.090000000004,64999.990000000005,64999.89,64999.79,64999.69,64999.590000000004,64999.490000000005,64999.39,64999.29,64999.19]",65000.090000000004,"[0.001,0.002,0.003,0.004,0.005,0.006,0.007,0.008,0.009000000000000001,0.01]",0.001,4319,mock,InstrumentType.Spot,615238384,mock,BTC-USDT
2199944884,0,0,1783610797228028511,101,depth,"[65000.299999999996,65000.399999999994,65000.5,65000.6,65000.7,65000.799999999996,65000.899999999994,65001.0,65001.1,65001.2]",65000.299999999996,"[0.001,0.002,0.003,0.004,0.005,0.006,0.007,0.008,0.009000000000000001,0.01]",0.001,"[65000.1,65000.0,64999.899999999994,64999.799999999996,64999.7,64999.6,64999.5,64999.399999999994,64999.299999999996,64999.2]",65000.1,"[0.001,0.002,0.003,0.004,0.005,0.006,0.007,0.008,0.009000000000000001,0.01]",0.001,4320,mock,InstrumentType.Spot,615238944,mock,BTC-USDT
2199944884,0,0,1783610797228328450,101,depth,"[65000.31,65000.409999999996,65000.51,65000.61,65000.71,65000.81,65000.909999999996,65001.01,65001.11,65001.21]",65000.31,"[0.001,0.002,0.003,0.004,0.005,0.006,0.007,0.008,0.009000000000000001,0.01]",0.001,"[65000.11,65000.01,64999.909999999996,64999.81,64999.71,64999.61,64999.51,64999.409999999996,64999.31,64999.21]",65000.11,"[0.001,0.002,0.003,0.004,0.005,0.006,0.007,0.008,0.009000000000000001,0.01]",0.001,4321,mock,InstrumentType.Spot,615239504,mock,BTC-USDT
2199944884,0,0,1783610797228628135,101,depth,"[65000.32,65000.42,65000.520000000004,65000.62,65000.72,65000.82,65000.92,65001.020000000004,65001.12,65001.22]",65000.32,"[0.001,0.002,0.003,0.004,0.005,0.006,0.007,0.008,0.009000000000000001,0.01]",0.001,"[65000.12,65000.020000000004,64999.92,64999.82,64999.72,64999.62,64999.520000000004,64999.42,64999.32,64999.22]",65000.12,"[0.001,0.002,0.003,0.004,0.005,0.006,0.007,0.008,0.009000000000000001,0.01]",0.001,4322,mock,InstrumentType.Spot,615240064,mock,BTC-USDT
2199944884,0,0,1783610797228928070,101,depth,"[65000.33,65000.43,65000.530000000006,65000.630000000005,65000.73,65000.83,65000.93,65001.030000000006,65001.130000000005,65001.23]",65000.33,"[0.001,0.002,0.003,0.004,0.005,0.006,0.007,0.008,0.009000000000000001,0.01]",0.001,"[65000.130000000005,65000.030000000006,64999.93,64999.83,64999.73,64999.630000000005,64999.530000000006,64999.43,64999.33,64999.23]",65000.130000000005,"[0.001,0.002,0.003,0.004,0.005,0.006,0.007,0.008,0.009000000000000001,0.01]",0.001,4323,mock,InstrumentType.Spot,615240624,mock,BTC-USDT
2199944884,0,0,1783610797229228330,101,depth,"[65000.34,65000.439999999995,65000.54,65000.64,65000.74,65000.84,65000.939999999995,65001.04,65001.14,65001.24]",65000.34,"[0.001,0.002,0.003,0.004,0.005,0.006,0.007,0.008,0.009000000000000001,0.01]",0.001,"[65000.14,65000.04,64999.939999999995,64999.84,64999.74,64999.64,64999.54,64999.439999999995,64999.34,64999.24]",65000.14,"[0.001,0.002,0.003,0.004,0.005,0.006,0.007,0.008,0.009000000000000001,0.01]",0.001,4324,mock,InstrumentType.Spot,615241184,mock,BTC-USDT
2199944884,0,0,1783610797229534189,101,depth,"[65000.35,65000.45,65000.55,65000.65,65000.75,65000.85,65000.95,65001.05,65001.15,65001.25]",65000.35,"[0.001,0.002,0.003,0.004,0.005,0.006,0.007,0.008,0.009000000000000001,0.01]",0.001,"[65000.15,65000.05,64999.95,64999.85,64999.75,64999.65,64999.55,64999.45,64999.35,64999.25]",65000.15,"[0.001,0.002,0.003,0.004,0.005,0.006,0.007,0.008,0.009000000000000001,0.01]",0.001,4325,mock,InstrumentType.Spot,615241744,mock,BTC-USDT
2199944884,0,0,1783610797229831090,101,depth,"[65000.36,65000.46,65000.560000000005,65000.66,65000.76,65000.86,65000.96,65001.060000000005,65001.16,65001.26]",65000.36,"[0.001,0.002,0.003,0.004,0.005,0.006,0.007,0.008,0.009000000000000001,0.01]",0.001,"[65000.16,65000.060000000005,64999.96,64999.86,64999.76,64999.66,64999.560000000005,64999.46,64999.36,64999.26]",65000.16,"[0.001,0.002,0.003,0.004,0.005,0.006,0.007,0.008,0.009000000000000001,0.01]",0.001,4326,mock,InstrumentType.Spot,615242304,mock,BTC-USDT
2199944884,0,0,1783610797230128005,101,depth,"[65000.369999999995,65000.469999999994,65000.57,65000.67,65000.77,65000.869999999995,65000.969999999994,65001.07,65001.17,65001.27]",65000.369999999995,"[0.001,0.002,0.003,0.004,0.005,0.006,0.007,0.008,0.009000000000000001,0.01]",0.001,"[65000.17,65000.07,64999.969999999994,64999.869999999995,64999.77,64999.67,64999.57,64999.469999999994,64999.369999999995,64999.27]",65000.17,"[0.001,0.002,0.003,0.004,0.005,0.006,0.007,0.008,0.009000000000000001,0.01]",0.001,4327,mock,InstrumentType.Spot,615242864,mock,BTC-USDT
2199944884,0,0,1783610797230427843,101,depth,"[65000.38,65000.479999999996,65000.58,65000.68,65000.78,65000.88,65000.979999999996,65001.08,65001.18,65001.28]",65000.38,"[0.001,0.002,0.003,0.004,0.005,0.006,0.007,0.008,0.009000000000000001,0.01]",0.001,"[65000.18,65000.08,64999.979999999996,64999.88,64999.78,64999.68,64999.58,64999.479999999996,64999.38,64999.28]",65000.18,"[0.001,0.002,0.003,0.004,0.005,0.006,0.007,0.008,0.009000000000000001,0.01]",0.001,4328,mock,InstrumentType.Spot,615243424,mock,BTC-USDT
2199944884,0,0,1783610797230727899,101,depth,"[65000.39,65000.49,65000.590000000004,65000.69,65000.79,65000.89,65000.99,65001.090000000004,65001.19,65001.29]",65000.39,"[0.001,0.002,0.003,0.004,0.005,0.006,0.007,0.008,0.009000000000000001,0.01]",0.001,"[65000.19,65000.090000000004,64999.99,64999.89,64999.79,64999.69,64999.590000000004,64999.49,64999.39,64999.29]",65000.19,"[0.001,0.002,0.003,0.004,0.005,0.006,0.007,0.008,0.009000000000000001,0.01]",0.001,4329,mock,InstrumentType.Spot,615243984,mock,BTC-USDT
2199944884,0,0,1783610797231029590,101,depth,"[65000.4,65000.5,65000.600000000006,65000.700000000004,65000.8,65000.9,65001.0,65001.100000000006,65001.200000000004,65001.3]",65000.4,"[0.001,0.002,0.003,0.004,0.005,0.006,0.007,0.008,0.009000000000000001,0.01]",0.001,"[65000.200000000004,65000.100000000006,65000.0,64999.9,64999.8,64999.700000000004,64999.600000000006,64999.5,64999.4,64999.3]",65000.200000000004,"[0.001,0.002,0.003,0.004,0.005,0.006,0.007,0.008,0.009000000000000001,0.01]",0.001,4330,mock,InstrumentType.Spot,615244544,mock,BTC-USDT
2199944884,0,0,1783610797231328337,101,depth,"[65000.409999999996,65000.509999999995,65000.61,65000.71,65000.81,65000.909999999996,65001.009999999995,65001.11,65001.21,65001.31]",65000.409999999996,"[0.001,0.002,0.003,0.004,0.005,0.006,0.007,0.008,0.009000000000000001,0.01]",0.001,"[65000.21,65000.11,65000.009999999995,64999.909999999996,64999.81,64999.71,64999.61,64999.509999999995,64999.409999999996,64999.31]",65000.21,"[0.001,0.002,0.003,0.004,0.005,0.006,0.007,0.008,0.009000000000000001,0.01]",0.001,4331,mock,InstrumentType.Spot,615245104,mock,BTC-USDT
2199944884,0,0,1783610797231628065,101,depth,"[65000.42,65000.52,65000.62,65000.72,65000.82,65000.92,65001.02,65001.12,65001.22,65001.32]",65000.42,"[0.001,0.002,0.003,0.004,0.005,0.006,0.007,0.008,0.009000000000000001,0.01]",0.001,"[65000.22,65000.12,65000.02,64999.92,64999.82,64999.72,64999.62,64999.52,64999.42,64999.32]",65000.22,"[0.001,0.002,0.003,0.004,0.005,0.006,0.007,0.008,0.009000000000000001,0.01]",0.001,4332,mock,InstrumentType.Spot,615245664,mock,BTC-USDT
2199944884,0,0,1783610797231927964,101,depth,"[65000.43,65000.53,65000.630000000005,65000.73,65000.83,65000.93,65001.03,65001.130000000005,65001.23,65001.33]",65000.43,"[0.001,0.002,0.003,0.004,0.005,0.006,0.007,0.008,0.009000000000000001,0.01]",0.001,"[65000.23,65000.130000000005,65000.03,64999.93,64999.83,64999.73,64999.630000000005,64999.53,64999.43,64999.33]",65000.23,"[0.001,0.002,0.003,0.004,0.005,0.006,0.007,0.008,0.009000000000000001,0.01]",0.001,4333,mock,InstrumentType.Spot,615246224,mock,BTC-USDT
2199944884,0,0,1783610797232227865,101,depth,"[65000.439999999995,65000.53999999999,65000.64,65000.74,65000.84,65000.939999999995,65001.03999999999,65001.14,65001.24,65001.34]",65000.439999999995,"[0.001,0.002,0.003,0.004,0.005,0.006,0.007,0.008,0.009000000000000001,0.01]",0.001,"[65000.24,65000.14,65000.03999999999,64999.939999999995,64999.84,64999.74,64999.64,64999.53999999999,64999.439999999995,64999.34]",65000.24,"[0.001,0.002,0.003,0.004,0.005,0.006,0.007,0.008,0.009000000000000001,0.01]",0.001,4334,mock,InstrumentType.Spot,615246784,mock,BTC-USDT
2199944884,0,0,1783610797232537734,101,depth,"[65000.45,65000.549999999996,65000.65,65000.75,65000.85,65000.95,65001.049999999996,65001.15,65001.25,65001.35]",65000.45,"[0.001,0.002,0.003,0.004,0.005,0.006,0.007,0.008,0.009000000000000001,0.01]",0.001,"[65000.25,65000.15,65000.049999999996,64999.95,64999.85,64999.75,64999.65,64999.549999999996,64999.45,64999.35]",65000.25,"[0.001,0.002,0.003,0.004,0.005,0.006,0.007,0.008,0.009000000000000001,0.01]",0.001,4335,mock,InstrumentType.Spot,615247344,mock,BTC-USDT
2199944884,0,0,1783610797232827750,101,depth,"[65000.46,65000.56,65000.66,65000.76,65000.86,65000.96,65001.06,65001.16,65001.26,65001.36]",65000.46,"[0.001,0.002,0.003,0.004,0.005,0.006,0.007,0.008,0.009000000000000001,0.01]",0.001,"[65000.26,65000.16,65000.06,64999.96,64999.86,64999.76,64999.66,64999.56,64999.46,64999.36]",65000.26,"[0.001,0.002,0.003,0.004,0.005,0.006,0.007,0.008,0.009000000000000001,0.01]",0.001,4336,mock,InstrumentType.Spot,615247904,mock,BTC-USDT
2199944884,0,0,1783610797233130647,101,depth,"[65000.47,65000.57,65000.670000000006,65000.770000000004,65000.87,65000.97,65001.07,65001.170000000006,65001.270000000004,65001.37]",65000.47,"[0.001,0.002,0.003,0.004,0.005,0.006,0.007,0.008,0.009000000000000001,0.01]",0.001,"[65000.270000000004,65000.170000000006,65000.07,64999.97,64999.87,64999.770000000004,64999.670000000006,64999.57,64999.47,64999.37]",65000.270000000004,"[0.001,0.002,0.003,0.004,0.005,0.006,0.007,0.008,0.009000000000000001,0.01]",0.001,4337,mock,InstrumentType.Spot,615248464,mock,BTC-USDT
2199944884,0,0,1783610797233428076,101,depth,"[65000.479999999996,65000.579999999994,65000.68,65000.78,65000.88,65000.979999999996,65001.079999999994,65001.18,65001.28,65001.38]",65000.479999999996,"[0.001,0.002,0.003,0.004,0.005,0.006,0.007,0.008,0.009000000000000001,0.01]",0.001,"[65000.28,65000.18,65000.079999999994,64999.979999999996,64999.88,64999.78,64999.68,64999.579999999994,64999.479999999996,64999.38]",65000.28,"[0.001,0.002,0.003,0.004,0.005,0.006,0.007,0.008,0.009000000000000001,0.01]",0.001,4338,mock,InstrumentType.Spot,615249024,mock,BTC-USDT
2199944884,0,0,1783610797233727878,101,depth,"[65000.49,65000.59,65000.69,65000.79,65000.89,65000.99,65001.09,65001.19,65001.29,65001.39]",65000.49,"[0.001,0.002,0.003,0.004,0.005,0.006,0.007,0.008,0.009000000000000001,0.01]",0.001,"[65000.29,65000.19,65000.09,64999.99,64999.89,64999.79,64999.69,64999.59,64999.49,64999.39]",65000.29,"[0.001,0.002,0.003,0.004,0.005,0.006,0.007,0.008,0.009000000000000001,0.01]",0.001,4339,mock,InstrumentType.Spot,615249584,mock,BTC-USDT
2199944884,0,0,1783610797234028298,101,depth,"[65000.5,65000.6,65000.700000000004,65000.8,65000.9,65001.0,65001.1,65001.200000000004,65001.3,65001.4]",65000.5,"[0.001,0.002,0.003,0.004,0.005,0.006,0.007,0.008,0.009000000000000001,0.01]",0.001,"[65000.3,65000.200000000004,65000.1,65000.0,64999.9,64999.8,64999.700000000004,64999.6,64999.5,64999.4]",65000.3,"[0.001,0.002,0.003,0.004,0.005,0.006,0.007,0.008,0.009000000000000001,0.01]",0.001,4340,mock,InstrumentType.Spot,615250144,mock,BTC-USDT
2199944884,0,0,1783610797234327946,101,depth,"[65000.51,65000.61,65000.71000000001,65000.810000000005,65000.91,65001.01,65001.11,65001.21000000001,65001.310000000005,65001.41]",65000.51,"[0.001,0.002,0.003,0.004,0.005,0.006,0.007,0.008,0.009000000000000001,0.01]",0.001,"[65000.310000000005,65000.21000000001,65000.11,65000.01,64999.91,64999.810000000005,64999.71000000001,64999.61,64999.51,64999.41]",65000.310000000005,"[0.001,0.002,0.003,0.004,0.005,0.006,0.007,0.008,0.009000000000000001,0.01]",0.001,4341,mock,InstrumentType.Spot,615250704,mock,BTC-USDT
2199944884,0,0,1783610797234627901,101,depth,"[65000.52,65000.619999999995,65000.72,65000.82,65000.92,65001.02,65001.119999999995,65001.22,65001.32,65001.42]",65000.52,"[0.001,0.002,0.003,0.004,0.005,0.006,0.007,0.008,0.009000000000000001,0.01]",0.001,"[65000.32,65000.22,65000.119999999995,65000.02,64999.92,64999.82,64999.72,64999.619999999995,64999.52,64999.42]",65000.32,"[0.001,0.002,0.003,0.004,0.005,0.006,0.007,0.008,0.009000000000000001,0.01]",0.001,4342,mock,InstrumentType.Spot,615251264,mock,BTC-USDT
2199944884,0,0,1783610797234927831,101,depth,"[65000.53,65000.63,65000.73,65000.83,65000.93,65001.03,65001.13,65001.23,65001.33,65001.43]",65000.53,"[0.001,0.002,0.003,0.004,0.005,0.006,0.007,0.008,0.009000000000000001,0.01]",0.001,"[65000.33,65000.23,65000.13,65000.03,64999.93,64999.83,64999.73,64999.63,64999.53,64999.43]",65000.33,"[0.001,0.002,0.003,0.004,0.005,0.006,0.007,0.008,0.009000000000000001,0.01]",0.001,4343,mock,InstrumentType.Spot,615251824,mock,BTC-USDT
2199944884,0,0,1783610797235227913,101,depth,"[65000.54,65000.64,65000.740000000005,65000.840000000004,65000.94,65001.04,65001.14,65001.240000000005,65001.340000000004,65001.44]",65000.54,"[0.001,0.002,0.003,0.004,0.005,0.006,0.007,0.008,0.009000000000000001,0.01]",0.001,"[65000.340000000004,65000.240000000005,65000.14,65000.04,64999.94,64999.840000000004,64999.740000000005,64999.64,64999.54,64999.44]",65000.340000000004,"[0.001,0.002,0.003,0.004,0.005,0.006,0.007,0.008,0.009000000000000001,0.01]",0.001,4344,mock,InstrumentType.Spot,615252384,mock,BTC-USDT
2199944884,0,0,1783610797235538481,101,depth,"[65000.549999999996,65000.649999999994,65000.75,65000.85,65000.95,65001.049999999996,65001.149999999994,65001.25,65001.35,65001.45]",65000.549999999996,"[0.001,0.002,0.003,0.004,0.005,0.006,0.007,0.008,0.009000000000000001,0.01]",0.001,"[65000.35,65000.25,65000.149999999994,65000.049999999996,64999.95,64999.85,64999.75,64999.649999999994,64999.549999999996,64999.45]",65000.35,"[0.001,0.002,0.003,0.004,0.005,0.006,0.007,0.008,0.009000000000000001,0.01]",0.001,4345,mock,InstrumentType.Spot,615252944,mock,BTC-USDT
2199944884,0,0,1783610797235827960,101,depth,"[65000.56,65000.659999999996,65000.76,65000.86,65000.96,65001.06,65001.159999999996,65001.26,65001.36,65001.46]",65000.56,"[0.001,0.002,0.003,0.004,0.005,0.006,0.007,0.008,0.009000000000000001,0.01]",0.001,"[65000.36,65000.26,65000.159999999996,65000.06,64999.96,64999.86,64999.76,64999.659999999996,64999.56,64999.46]",65000.36,"[0.001,0.002,0.003,0.004,0.005,0.006,0.007,0.008,0.009000000000000001,0.01]",0.001,4346,mock,InstrumentType.Spot,615253504,mock,BTC-USDT
2199944884,0,0,1783610797236127868,101,depth,"[65000.57,65000.67,65000.770000000004,65000.87,65000.97,65001.07,65001.17,65001.270000000004,65001.37,65001.47]",65000.57,"[0.001,0.002,0.003,0.004,0.005,0.006,0.007,0.008,0.009000000000000001,0.01]",0.001,"[65000.37,65000.270000000004,65000.17,65000.07,64999.97,64999.87,64999.770000000004,64999.67,64999.57,64999.47]",65000.37,"[0.001,0.002,0.003,0.004,0.005,0.006,0.007,0.008,0.009000000000000001,0.01]",0.001,4347,mock,InstrumentType.Spot,615254064,mock,BTC-USDT
2199944884,0,0,1783610797236427865,101,depth,"[65000.58,65000.68,65000.780000000006,65000.880000000005,65000.98,65001.08,65001.18,65001.280000000006,65001.380000000005,65001.48]",65000.58,"[0.001,0.002,0.003,0.004,0.005,0.006,0.007,0.008,0.009000000000000001,0.01]",0.001,"[65000.380000000005,65000.280000000006,65000.18,65000.08,64999.98,64999.880000000005,64999.780000000006,64999.68,64999.58,64999.48]",65000.380000000005,"[0.001,0.002,0.003,0.004,0.005,0.006,0.007,0.008,0.009000000000000001,0.01]",0.001,4348,mock,InstrumentType.Spot,615254624,mock,BTC-USDT
2199944884,0,0,1783610797236727903,101,depth,"[65000.59,65000.689999999995,65000.79,65000.89,65000.99,65001.09,65001.189999999995,65001.29,65001.39,65001.49]",65000.59,"[0.001,0.002,0.003,0.004,0.005,0.006,0.007,0.008,0.009000000000000001,0.01]",0.001,"[65000.39,65000.29,65000.189999999995,65000.09,64999.99,64999.89,64999.79,64999.689999999995,64999.59,64999.49]",65000.39,"[0.001,0.002,0.003,0.004,0.005,0.006,0.007,0.008,0.009000000000000001,0.01]",0.001,4349,mock,InstrumentType.Spot,615255184,mock,BTC-USDT
2199944884,0,0,1783610797237027843,101,depth,"[65000.6,65000.7,65000.8,65000.9,65001.0,65001.1,65001.2,65001.3,65001.4,65001.5]",65000.6,"[0.001,0.002,0.003,0.004,0.005,0.006,0.007,0.008,0.009000000000000001,0.01]",0.001,"[65000.4,65000.3,65000.2,65000.1,65000.0,64999.9,64999.8,64999.7,64999.6,64999.5]",65000.4,"[0.001,0.002,0.003,0.004,0.005,0.006,0.007,0.008,0.009000000000000001,0.01]",0.001,4350,mock,InstrumentType.Spot,615255744,mock,BTC-USDT
2199944884,0,0,1783610797237327896,101,depth,"[65000.61,65000.71,65000.810000000005,65000.91,65001.01,65001.11,65001.21,65001.310000000005,65001.41,65001.51]",65000.61,"[0.001,0.002,0.003,0.004,0.005,0.006,0.007,0.008,0.009000000000000001,0.01]",0.001,"[65000.41,65000.310000000005,65000.21,65000.11,65000.01,64999.91,64999.810000000005,64999.71,64999.61,64999.51]",65000.41,"[0.001,0.002,0.003,0.004,0.005,0.006,0.007,0.008,0.009000000000000001,0.01]",0.001,4351,mock,InstrumentType.Spot,615256304,mock,BTC-USDT
2199944884,0,0,1783610797237627912,101,depth,"[65000.619999999995,65000.719999999994,65000.82,65000.92,65001.02,65001.119999999995,65001.219999999994,65001.32,65001.42,65001.52]",65000.619999999995,"[0.001,0.002,0.003,0.004,0.005,0.006,0.007,0.008,0.009000000000000001,0.01]",0.001,"[65000.42,65000.32,65000.219999999994,65000.119999999995,65000.02,64999.92,64999.82,64999.719999999994,64999.619999999995,64999.52]",65000.42,"[0.001,0.002,0.003,0.004,0.005,0.006,0.007,0.008,0.009000000000000001,0.01]",0.001,4352,mock,InstrumentType.Spot,615256864,mock,BTC-USDT
2199944884,0,0,1783610797237927610,101,depth,"[65000.63,65000.729999999996,65000.83,65000.93,65001.03,65001.13,65001.229999999996,65001.33,65001.43,65001.53]",65000.63,"[0.001,0.002,0.003,0.004,0.005,0.006,0.007,0.008,0.009000000000000001,0.01]",0.001,"[65000.43,65000.33,65000.229999999996,65000.13,65000.03,64999.93,64999.83,64999.729999999996,64999.63,64999.53]",65000.43,"[0.001,0.002,0.003,0.004,0.005,0.006,0.007,0.008,0.009000000000000001,0.01]",0.001,4353,mock,InstrumentType.Spot,615257424,mock,BTC-USDT
2199944884,0,0,1783610797238233490,101,depth,"[65000.64,65000.74,65000.840000000004,65000.94,65001.04,65001.14,65001.24,65001.340000000004,65001.44,65001.54]",65000.64,"[0.001,0.002,0.003,0.004,0.005,0.006,0.007,0.008,0.009000000000000001,0.01]",0.001,"[65000.44,65000.340000000004,65000.24,65000.14,65000.04,64999.94,64999.840000000004,64999.74,64999.64,64999.54]",65000.44,"[0.001,0.002,0.003,0.004,0.005,0.006,0.007,0.008,0.009000000000000001,0.01]",0.001,4354,mock,InstrumentType.Spot,615257984,mock,BTC-USDT
2199944884,0,0,1783610797238527657,101,depth,"[65000.65,65000.75,65000.850000000006,65000.950000000004,65001.05,65001.15,65001.25,65001.350000000006,65001.450000000004,65001.55]",65000.65,"[0.001,0.002,0.003,0.004,0.005,0.006,0.007,0.008,0.009000000000000001,0.01]",0.001,"[65000.450000000004,65000.350000000006,65000.25,65000.15,65000.05,64999.950000000004,64999.850000000006,64999.75,64999.65,64999.55]",65000.450000000004,"[0.001,0.002,0.003,0.004,0.005,0.006,0.007,0.008,0.009000000000000001,0.01]",0.001,4355,mock,InstrumentType.Spot,615258544,mock,BTC-USDT
2199944884,0,0,1783610797238827839,101,depth,"[65000.659999999996,65000.759999999995,65000.86,65000.96,65001.06,65001.159999999996,65001.259999999995,65001.36,65001.46,65001.56]",65000.659999999996,"[0.001,0.002,0.003,0.004,0.005,0.006,0.007,0.008,0.009000000000000001,0.01]",0.001,"[65000.46,65000.36,65000.259999999995,65000.159999999996,65000.06,64999.96,64999.86,64999.759999999995,64999.659999999996,64999.56]",65000.46,"[0.001,0.002,0.003,0.004,0.005,0.006,0.007,0.008,0.009000000000000001,0.01]",0.001,4356,mock,InstrumentType.Spot,615259104,mock,BTC-USDT
2199944884,0,0,1783610797239127992,101,depth,"[65000.67,65000.77,65000.87,65000.97,65001.07,65001.17,65001.27,65001.37,65001.47,65001.57]",65000.67,"[0.001,0.002,0.003,0.004,0.005,0.006,0.007,0.008,0.009000000000000001,0.01]",0.001,"[65000.47,65000.37,65000.27,65000.17,65000.07,64999.97,64999.87,64999.77,64999.67,64999.57]",65000.47,"[0.001,0.002,0.003,0.004,0.005,0.006,0.007,0.008,0.009000000000000001,0.01]",0.001,4357,mock,InstrumentType.Spot,615259664,mock,BTC-USDT
2199944884,0,0,1783610797239427890,101,depth,"[65000.68,65000.78,65000.880000000005,65000.98,65001.08,65001.18,65001.28,65001.380000000005,65001.48,65001.58]",65000.68,"[0.001,0.002,0.003,0.004,0.005,0.006,0.007,0.008,0.009000000000000001,0.01]",0.001,"[65000.48,65000.380000000005,65000.28,65000.18,65000.08,64999.98,64999.880000000005,64999.78,64999.68,64999.58]",65000.48,"[0.001,0.002,0.003,0.004,0.005,0.006,0.007,0.008,0.009000000000000001,0.01]",0.001,4358,mock,InstrumentType.Spot,615260224,mock,BTC-USDT
2199944884,0,0,1783610797239728137,101,depth,"[65000.689999999995,65000.78999999999,65000.89,65000.99,65001.09,65001.189999999995,65001.28999999999,65001.39,65001.49,65001.59]",65000.689999999995,"[0.001,0.002,0.003,0.004,0.005,0.006,0.007,0.008,0.009000000000000001,0.01]",0.001,"[65000.49,65000.39,65000.28999999999,65000.189999999995,65000.09,64999.99,64999.89,64999.78999999999,64999.689999999995,64999.59]",65000.49,"[0.001,0.002,0.003,0.004,0.005,0.006,0.007,0.008,0.009000000000000001,0.01]",0.001,4359,mock,InstrumentType.Spot,615260784,mock,BTC-USDT
2199944884,0,0,1783610797240028093,101,depth,"[65000.7,65000.799999999996,65000.9,65001.0,65001.1,65001.2,65001.299999999996,65001.4,65001.5,65001.6]",65000.7,"[0.001,0.002,0.003,0.004,0.005,0.006,0.007,0.008,0.009000000000000001,0.01]",0.001,"[65000.5,65000.4,65000.299999999996,65000.2,65000.1,65000.0,64999.9,64999.799999999996,64999.7,64999.6]",65000.5,"[0.001,0.002,0.003,0.004,0.005,0.006,0.007,0.008,0.009000000000000001,0.01]",0.001,4360,mock,InstrumentType.Spot,615261344,mock,BTC-USDT
2199944884,0,0,1783610797240328095,101,depth,"[65000.71,65000.81,65000.91,65001.01,65001.11,65001.21,65001.31,65001.41,65001.51,65001.61]",65000.71,"[0.001,0.002,0.003,0.004,0.005,0.006,0.007,0.008,0.009000000000000001,0.01]",0.001,"[65000.51,65000.41,65000.31,65000.21,65000.11,65000.01,64999.91,64999.81,64999.71,64999.61]",65000.51,"[0.001,0.002,0.003,0.004,0.005,0.006,0.007,0.008,0.009000000000000001,0.01]",0.001,4361,mock,InstrumentType.Spot,615261904,mock,BTC-USDT
2199944884,0,0,1783610797240628420,101,depth,"[65000.72,65000.82,65000.920000000006,65001.020000000004,65001.12,65001.22,65001.32,65001.420000000006,65001.520000000004,65001.62]",65000.72,"[0.001,0.002,0.003,0.004,0.005,0.006,0.007,0.008,0.009000000000000001,0.01]",0.001,"[65000.520000000004,65000.420000000006,65000.32,65000.22,65000.12,65000.020000000004,64999.920000000006,64999.82,64999.72,64999.62]",65000.520000000004,"[0.001,0.002,0.003,0.004,0.005,0.006,0.007,0.008,0.009000000000000001,0.01]",0.001,4362,mock,InstrumentType.Spot,615262464,mock,BTC-USDT
2199944884,0,0,1783610797240930388,101,depth,"[65000.729999999996,65000.829999999994,65000.93,65001.03,65001.13,65001.229999999996,65001.329999999994,65001.43,65001.53,65001.63]",65000.729999999996,"[0.001,0.002,0.003,0.004,0.005,0.006,0.007,0.008,0.009000000000000001,0.01]",0.001,"[65000.53,65000.43,65000.329999999994,65000.229999999996,65000.13,65000.03,64999.93,64999.829999999994,64999.729999999996,64999.63]",65000.53,"[0.001,0.002,0.003,0.004,0.005,0.006,0.007,0.008,0.009000000000000001,0.01]",0.001,4363,mock,InstrumentType.Spot,615263024,mock,BTC-USDT
2199944884,0,0,1783610797241251145,101,depth,"[65000.74,65000.84,65000.94,65001.04,65001.14,65001.24,65001.34,65001.44,65001.54,65001.64]",65000.74,"[0.001,0.002,0.003,0.004,0.005,0.006,0.007,0.008,0.009000000000000001,0.01]",0.001,"[65000.54,65000.44,65000.34,65000.24,65000.14,65000.04,64999.94,64999.84,64999.74,64999.64]",65000.54,"[0.001,0.002,0.003,0.004,0.005,0.006,0.007,0.008,0.009000000000000001,0.01]",0.001,4364,mock,InstrumentType.Spot,615263584,mock,BTC-USDT
2199944884,0,0,1783610797241530502,101,depth,"[65000.75,65000.85,65000.950000000004,65001.05,65001.15,65001.25,65001.35,65001.450000000004,65001.55,65001.65]",65000.75,"[0.001,0.002,0.003,0.004,0.005,0.006,0.007,0.008,0.009000000000000001,0.01]",0.001,"[65000.55,65000.450000000004,65000.35,65000.25,65000.15,65000.05,64999.950000000004,64999.85,64999.75,64999.65]",65000.55,"[0.001,0.002,0.003,0.004,0.005,0.006,0.007,0.008,0.009000000000000001,0.01]",0.001,4365,mock,InstrumentType.Spot,615264144,mock,BTC-USDT
2199944884,0,0,1783610797241830143,101,depth,"[65000.76,65000.86,65000.96000000001,65001.060000000005,65001.16,65001.26,65001.36,65001.46000000001,65001.560000000005,65001.66]",65000.76,"[0.001,0.002,0.003,0.004,0.005,0.006,0.007,0.008,0.009000000000000001,0.01]",0.001,"[65000.560000000005,65000.46000000001,65000.36,65000.26,65000.16,65000.060000000005,64999.96000000001,64999.86,64999.76,64999.66]",65000.560000000005,"[0.001,0.002,0.003,0.004,0.005,0.006,0.007,0.008,0.009000000000000001,0.01]",0.001,4366,mock,InstrumentType.Spot,615264704,mock,BTC-USDT
2199944884,0,0,1783610797242128895,101,depth,"[65000.77,65000.869999999995,65000.97,65001.07,65001.17,65001.27,65001.369999999995,65001.47,65001.57,65001.67]",65000.77,"[0.001,0.002,0.003,0.004,0.005,0.006,0.007,0.008,0.009000000000000001,0.01]",0.001,"[65000.57,65000.47,65000.369999999995,65000.27,65000.17,65000.07,64999.97,64999.869999999995,64999.77,64999.67]",65000.57,"[0.001,0.002,0.003,0.004,0.005,0.006,0.007,0.008,0.009000000000000001,0.01]",0.001,4367,mock,InstrumentType.Spot,615265264,mock,BTC-USDT
2199944884,0,0,1783610797242428899,101,depth,"[65000.78,65000.88,65000.98,65001.08,65001.18,65001.28,65001.38,65001.48,65001.58,65001.68]",65000.78,"[0.001,0.002,0.003,0.004,0.005,0.006,0.007,0.008,0.009000000000000001,0.01]",0.001,"[65000.58,65000.48,65000.38,65000.28,65000.18,65000.08,64999.98,64999.88,64999.78,64999.68]",65000.58,"[0.001,0.002,0.003,0.004,0.005,0.006,0.007,0.008,0.009000000000000001,0.01]",0.001,4368,mock,InstrumentType.Spot,615265824,mock,BTC-USDT
2199944884,0,0,1783610797242728843,101,depth,"[65000.79,65000.89,65000.990000000005,65001.090000000004,65001.19,65001.29,65001.39,65001.490000000005,65001.590000000004,65001.69]",65000.79,"[0.001,0.002,0.003,0.004,0.005,0.006,0.007,0.008,0.009000000000000001,0.01]",0.001,"[65000.590000000004,65000.490000000005,65000.39,65000.29,65000.19,65000.090000000004,64999.990000000005,64999.89,64999.79,64999.69]",65000.590000000004,"[0.001,0.002,0.003,0.004,0.005,0.006,0.007,0.008,0.009000000000000001,0.01]",0.001,4369,mock,InstrumentType.Spot,615266384,mock,BTC-USDT
2199944884,0,0,1783610797243037761,101,depth,"[65000.799999999996,65000.899999999994,65001.0,65001.1,65001.2,65001.299999999996,65001.399999999994,65001.5,65001.6,65001.7]",65000.799999999996,"[0.001,0.002,0.003,0.004,0.005,0.006,0.007,0.008,0.009000000000000001,0.01]",0.001,"[65000.6,65000.5,65000.399999999994,65000.299999999996,65000.2,65000.1,65000.0,64999.899999999994,64999.799999999996,64999.7]",65000.6,"[0.001,0.002,0.003,0.004,0.005,0.006,0.007,0.008,0.009000000000000001,0.01]",0.001,4370,mock,InstrumentType.Spot,615266944,mock,BTC-USDT
2199944884,0,0,1783610797243331797,101,depth,"[65000.81,65000.909999999996,65001.01,65001.11,65001.21,65001.31,65001.409999999996,65001.51,65001.61,65001.71]",65000.81,"[0.001,0.002,0.003,0.004,0.005,0.006,0.007,0.008,0.009000000000000001,0.01]",0.001,"[65000.61,65000.51,65000.409999999996,65000.31,65000.21,65000.11,65000.01,64999.909999999996,64999.81,64999.71]",65000.61,"[0.001,0.002,0.003,0.004,0.005,0.006,0.007,0.008,0.009000000000000001,0.01]",0.001,4371,mock,InstrumentType.Spot,615267504,mock,BTC-USDT
2199944884,0,0,1783610797243629442,101,depth,"[65000.82,65000.92,65001.020000000004,65001.12,65001.22,65001.32,65001.42,65001.520000000004,65001.62,65001.72]",65000.82,"[0.001,0.002,0.003,0.004,0.005,0.006,0.007,0.008,0.009000000000000001,0.01]",0.001,"[65000.62,65000.520000000004,65000.42,65000.32,65000.22,65000.12,65000.020000000004,64999.92,64999.82,64999.72]",65000.62,"[0.001,0.002,0.003,0.004,0.005,0.006,0.007,0.008,0.009000000000000001,0.01]",0.001,4372,mock,InstrumentType.Spot,615268064,mock,BTC-USDT
2199944884,0,0,1783610797243952490,101,depth,"[65000.83,65000.93,65001.030000000006,65001.130000000005,65001.23,65001.33,65001.43,65001.530000000006,65001.630000000005,65001.73]",65000.83,"[0.001,0.002,0.003,0.004,0.005,0.006,0.007,0.008,0.009000000000000001,0.01]",0.001,"[65000.630000000005,65000.530000000006,65000.43,65000.33,65000.23,65000.130000000005,65000.030000000006,64999.93,64999.83,64999.73]",65000.630000000005,"[0.001,0.002,0.003,0.004,0.005,0.006,0.007,0.008,0.009000000000000001,0.01]",0.001,4373,mock,InstrumentType.Spot,615268624,mock,BTC-USDT
2199944884,0,0,1783610797244230133,101,depth,"[65000.84,65000.939999999995,65001.04,65001.14,65001.24,65001.34,65001.439999999995,65001.54,65001.64,65001.74]",65000.84,"[0.001,0.002,0.003,0.004,0.005,0.006,0.007,0.008,0.009000000000000001,0.01]",0.001,"[65000.64,65000.54,65000.439999999995,65000.34,65000.24,65000.14,65000.04,64999.939999999995,64999.84,64999.74]",65000.64,"[0.001,0.002,0.003,0.004,0.005,0.006,0.007,0.008,0.009000000000000001,0.01]",0.001,4374,mock,InstrumentType.Spot,615269184,mock,BTC-USDT
2199944884,0,0,1783610797244529831,101,depth,"[65000.85,65000.95,65001.05,65001.15,65001.25,65001.35,65001.45,65001.55,65001.65,65001.75]",65000.85,"[0.001,0.002,0.003,0.004,0.005,0.006,0.007,0.008,0.009000000000000001,0.01]",0.001,"[65000.65,65000.55,65000.45,65000.35,65000.25,65000.15,65000.05,64999.95,64999.85,64999.75]",65000.65,"[0.001,0.002,0.003,0.004,0.005,0.006,0.007,0.008,0.009000000000000001,0.01]",0.001,4375,mock,InstrumentType.Spot,615269744,mock,BTC-USDT
2199944884,0,0,1783610797244829651,101,depth,"[65000.86,65000.96,65001.060000000005,65001.16,65001.26,65001.36,65001.46,65001.560000000005,65001.66,65001.76]",65000.86,"[0.001,0.002,0.003,0.004,0.005,0.006,0.007,0.008,0.009000000000000001,0.01]",0.001,"[65000.66,65000.560000000005,65000.46,65000.36,65000.26,65000.16,65000.060000000005,64999.96,64999.86,64999.76]",65000.66,"[0.001,0.002,0.003,0.004,0.005,0.006,0.007,0.008,0.009000000000000001,0.01]",0.001,4376,mock,InstrumentType.Spot,615270304,mock,BTC-USDT
2199944884,0,0,1783610797245129173,101,depth,"[65000.869999999995,65000.969999999994,65001.07,65001.17,65001.27,65001.369999999995,65001.469999999994,65001.57,65001.67,65001.77]",65000.869999999995,"[0.001,0.002,0.003,0.004,0.005,0.006,0.007,0.008,0.009000000000000001,0.01]",0.001,"[65000.67,65000.57,65000.469999999994,65000.369999999995,65000.27,65000.17,65000.07,64999.969999999994,64999.869999999995,64999.77]",65000.67,"[0.001,0.002,0.003,0.004,0.005,0.006,0.007,0.008,0.009000000000000001,0.01]",0.001,4377,mock,InstrumentType.Spot,615270864,mock,BTC-USDT
2199944884,0,0,1783610797245429118,101,depth,"[65000.88,65000.979999999996,65001.08,65001.18,65001.28,65001.38,65001.479999999996,65001.58,65001.68,65001.78]",65000.88,"[0.001,0.002,0.003,0.004,0.005,0.006,0.007,0.008,0.009000000000000001,0.01]",0.001,"[65000.68,65000.58,65000.479999999996,65000.38,65000.28,65000.18,65000.08,64999.979999999996,64999.88,64999.78]",65000.68,"[0.001,0.002,0.003,0.004,0.005,0.006,0.007,0.008,0.009000000000000001,0.01]",0.001,4378,mock,InstrumentType.Spot,615271424,mock,BTC-USDT
2199944884,0,0,1783610797245728750,101,depth,"[65000.89,65000.99,65001.090000000004,65001.19,65001.29,65001.39,65001.49,65001.590000000004,65001.69,65001.79]",65000.89,"[0.001,0.002,0.003,0.004,0.005,0.006,0.007,0.008,0.009000000000000001,0.01]",0.001,"[65000.69,65000.590000000004,65000.49,65000.39,65000.29,65000.19,65000.090000000004,64999.99,64999.89,64999.79]",65000.69,"[0.001,0.002,0.003,0.004,0.005,0.006,0.007,0.008,0.009000000000000001,0.01]",0.001,4379,mock,InstrumentType.Spot,615271984,mock,BTC-USDT
2199944884,0,0,1783610797246028729,101,depth,"[65000.9,65001.0,65001.100000000006,65001.200000000004,65001.3,65001.4,65001.5,65001.600000000006,65001.700000000004,65001.8]",65000.9,"[0.001,0.002,0.003,0.004,0.005,0.006,0.007,0.008,0.009000000000000001,0.01]",0.001,"[65000.700000000004,65000.600000000006,65000.5,65000.4,65000.3,65000.200000000004,65000.100000000006,65000.0,64999.9,64999.8]",65000.700000000004,"[0.001,0.002,0.003,0.004,0.005,0.006,0.007,0.008,0.009000000000000001,0.01]",0.001,4380,mock,InstrumentType.Spot,615272544,mock,BTC-USDT
2199944884,0,0,1783610797246328656,101,depth,"[65000.909999999996,65001.009999999995,65001.11,65001.21,65001.31,65001.409999999996,65001.509999999995,65001.61,65001.71,65001.81]",65000.909999999996,"[0.001,0.002,0.003,0.004,0.005,0.006,0.007,0.008,0.009000000000000001,0.01]",0.001,"[65000.71,65000.61,65000.509999999995,65000.409999999996,65000.31,65000.21,65000.11,65000.009999999995,64999.909999999996,64999.81]",65000.71,"[0.001,0.002,0.003,0.004,0.005,0.006,0.007,0.008,0.009000000000000001,0.01]",0.001,4381,mock,InstrumentType.Spot,615273104,mock,BTC-USDT
2199944884,0,0,1783610797246628823,101,depth,"[65000.92,65001.02,65001.12,65001.22,65001.32,65001.42,65001.52,65001.62,65001.72,65001.82]",65000.92,"[0.001,0.002,0.003,0.004,0.005,0.006,0.007,0.008,0.009000000000000001,0.01]",0.001,"[65000.72,65000.62,65000.52,65000.42,65000.32,65000.22,65000.12,65000.02,64999.92,64999.82]",65000.72,"[0.001,0.002,0.003,0.004,0.005,0.006,0.007,0.008,0.009000000000000001,0.01]",0.001,4382,mock,InstrumentType.Spot,615273664,mock,BTC-USDT
2199944884,0,0,1783610797246937209,101,depth,"[65000.93,65001.03,65001.130000000005,65001.23,65001.33,65001.43,65001.53,65001.630000000005,65001.73,65001.83]",65000.93,"[0.001,0.002,0.003,0.004,0.005,0.006,0.007,0.008,0.009000000000000001,0.01]",0.001,"[65000.73,65000.630000000005,65000.53,65000.43,65000.33,65000.23,65000.130000000005,65000.03,64999.93,64999.83]",65000.73,"[0.001,0.002,0.003,0.004,0.005,0.006,0.007,0.008,0.009000000000000001,0.01]",0.001,4383,mock,InstrumentType.Spot,615274224,mock,BTC-USDT
2199944884,0,0,1783610797247228527,101,depth,"[65000.939999999995,65001.03999999999,65001.14,65001.24,65001.34,65001.439999999995,65001.53999999999,65001.64,65001.74,65001.84]",65000.939999999995,"[0.001,0.002,0.003,0.004,0.005,0.006,0.007,0.008,0.009000000000000001,0.01]",0.001,"[65000.74,65000.64,65000.53999999999,65000.439999999995,65000.34,65000.24,65000.14,65000.03999999999,64999.939999999995,64999.84]",65000.74,"[0.001,0.002,0.003,0.004,0.005,0.006,0.007,0.008,0.009000000000000001,0.01]",0.001,4384,mock,InstrumentType.Spot,615274784,mock,BTC-USDT
2199944884,0,0,1783610797247528284,101,depth,"[65000.95,65001.049999999996,65001.15,65001.25,65001.35,65001.45,65001.549999999996,65001.65,65001.75,65001.85]",65000.95,"[0.001,0.002,0.003,0.004,0.005,0.006,0.007,0.008,0.009000000000000001,0.01]",0.001,"[65000.75,65000.65,65000.549999999996,65000.45,65000.35,65000.25,65000.15,65000.049999999996,64999.95,64999.85]",65000.75,"[0.001,0.002,0.003,0.004,0.005,0.006,0.007,0.008,0.009000000000000001,0.01]",0.001,4385,mock,InstrumentType.Spot,615275344,mock,BTC-USDT
2199944884,0,0,1783610797247828047,101,depth,"[65000.96,65001.06,65001.16,65001.26,65001.36,65001.46,65001.56,65001.66,65001.76,65001.86]",65000.96,"[0.001,0.002,0.003,0.004,0.005,0.006,0.007,0.008,0.009000000000000001,0.01]",0.001,"[65000.76,65000.66,65000.56,65000.46,65000.36,65000.26,65000.16,65000.06,64999.96,64999.86]",65000.76,"[0.001,0.002,0.003,0.004,0.005,0.006,0.007,0.008,0.009000000000000001,0.01]",0.001,4386,mock,InstrumentType.Spot,615275904,mock,BTC-USDT
2199944884,0,0,1783610797248128087,101,depth,"[65000.97,65001.07,65001.170000000006,65001.270000000004,65001.37,65001.47,65001.57,65001.670000000006,65001.770000000004,65001.87]",65000.97,"[0.001,0.002,0.003,0.004,0.005,0.006,0.007,0.008,0.009000000000000001,0.01]",0.001,"[65000.770000000004,65000.670000000006,65000.57,65000.47,65000.37,65000.270000000004,65000.170000000006,65000.07,64999.97,64999.87]",65000.770000000004,"[0.001,0.002,0.003,0.004,0.005,0.006,0.007,0.008,0.009000000000000001,0.01]",0.001,4387,mock,InstrumentType.Spot,615276464,mock,BTC-USDT
2199944884,0,0,1783610797248428061,101,depth,"[65000.979999999996,65001.079999999994,65001.18,65001.28,65001.38,65001.479999999996,65001.579999999994,65001.68,65001.78,65001.88]",65000.979999999996,"[0.001,0.002,0.003,0.004,0.005,0.006,0.007,0.008,0.009000000000000001,0.01]",0.001,"[65000.78,65000.68,65000.579999999994,65000.479999999996,65000.38,65000.28,65000.18,65000.079999999994,64999.979999999996,64999.88]",65000.78,"[0.001,0.002,0.003,0.004,0.005,0.006,0.007,0.008,0.009000000000000001,0.01]",0.001,4388,mock,InstrumentType.Spot,615277024,mock,BTC-USDT
2199944884,0,0,1783610797248727746,101,depth,"[65000.99,65001.09,65001.19,65001.29,65001.39,65001.49,65001.59,65001.69,65001.79,65001.89]",65000.99,"[0.001,0.002,0.003,0.004,0.005,0.006,0.007,0.008,0.009000000000000001,0.01]",0.001,"[65000.79,65000.69,65000.59,65000.49,65000.39,65000.29,65000.19,65000.09,64999.99,64999.89]",65000.79,"[0.001,0.002,0.003,0.004,0.005,0.006,0.007,0.008,0.009000000000000001,0.01]",0.001,4389,mock,InstrumentType.Spot,615277584,mock,BTC-USDT
2199944884,0,0,1783610797249027677,101,depth,"[65001.0,65001.1,65001.200000000004,65001.3,65001.4,65001.5,65001.6,65001.700000000004,65001.8,65001.9]",65001.0,"[0.001,0.002,0.003,0.004,0.005,0.006,0.007,0.008,0.009000000000000001,0.01]",0.001,"[65000.8,65000.700000000004,65000.6,65000.5,65000.4,65000.3,65000.200000000004,65000.1,65000.0,64999.9]",65000.8,"[0.001,0.002,0.003,0.004,0.005,0.006,0.007,0.008,0.009000000000000001,0.01]",0.001,4390,mock,InstrumentType.Spot,615278144,mock,BTC-USDT
2199944884,0,0,1783610797249327943,101,depth,"[65001.01,65001.11,65001.21000000001,65001.310000000005,65001.41,65001.51,65001.61,65001.71000000001,65001.810000000005,65001.91]",65001.01,"[0.001,0.002,0.003,0.004,0.005,0.006,0.007,0.008,0.009000000000000001,0.01]",0.001,"[65000.810000000005,65000.71000000001,65000.61,65000.51,65000.41,65000.310000000005,65000.21000000001,65000.11,65000.01,64999.91]",65000.810000000005,"[0.001,0.002,0.003,0.004,0.005,0.006,0.007,0.008,0.009000000000000001,0.01]",0.001,4391,mock,InstrumentType.Spot,615278704,mock,BTC-USDT
2199944884,0,0,1783610797249635568,101,depth,"[65001.02,65001.119999999995,65001.22,65001.32,65001.42,65001.52,65001.619999999995,65001.72,65001.82,65001.92]",65001.02,"[0.001,0.002,0.003,0.004,0.005,0.006,0.007,0.008,0.009000000000000001,0.01]",0.001,"[65000.82,65000.72,65000.619999999995,65000.52,65000.42,65000.32,65000.22,65000.119999999995,65000.02,64999.92]",65000.82,"[0.001,0.002,0.003,0.004,0.005,0.006,0.007,0.008,0.009000000000000001,0.01]",0.001,4392,mock,InstrumentType.Spot,615279264,mock,BTC-USDT
2199944884,0,0,1783610797249927904,101,depth,"[65001.03,65001.13,65001.23,65001.33,65001.43,65001.53,65001.63,65001.73,65001.83,65001.93]",65001.03,"[0.001,0.002,0.003,0.004,0.005,0.006,0.007,0.008,0.009000000000000001,0.01]",0.001,"[65000.83,65000.73,65000.63,65000.53,65000.43,65000.33,65000.23,65000.13,65000.03,64999.93]",65000.83,"[0.001,0.002,0.003,0.004,0.005,0.006,0.007,0.008,0.009000000000000001,0.01]",0.001,4393,mock,InstrumentType.Spot,615279824,mock,BTC-USDT
2199944884,0,0,1783610797250227980,101,depth,"[65001.04,65001.14,65001.240000000005,65001.340000000004,65001.44,65001.54,65001.64,65001.740000000005,65001.840000000004,65001.94]",65001.04,"[0.001,0.002,0.003,0.004,0.005,0.006,0.007,0.008,0.009000000000000001,0.01]",0.001,"[65000.840000000004,65000.740000000005,65000.64,65000.54,65000.44,65000.340000000004,65000.240000000005,65000.14,65000.04,64999.94]",65000.840000000004,"[0.001,0.002,0.003,0.004,0.005,0.006,0.007,0.008,0.009000000000000001,0.01]",0.001,4394,mock,InstrumentType.Spot,615280384,mock,BTC-USDT
2199944884,0,0,1783610797250527874,101,depth,"[65001.049999999996,65001.149999999994,65001.25,65001.35,65001.45,65001.549999999996,65001.649999999994,65001.75,65001.85,65001.95]",65001.049999999996,"[0.001,0.002,0.003,0.004,0.005,0.006,0.007,0.008,0.009000000000000001,0.01]",0.001,"[65000.85,65000.75,65000.649999999994,65000.549999999996,65000.45,65000.35,65000.25,65000.149999999994,65000.049999999996,64999.95]",65000.85,"[0.001,0.002,0.003,0.004,0.005,0.006,0.007,0.008,0.009000000000000001,0.01]",0.001,4395,mock,InstrumentType.Spot,615280944,mock,BTC-USDT
2199944884,0,0,1783610797250827855,101,depth,"[65001.06,65001.159999999996,65001.26,65001.36,65001.46,65001.56,65001.659999999996,65001.76,65001.86,65001.96]",65001.06,"[0.001,0.002,0.003,0.004,0.005,0.006,0.007,0.008,0.009000000000000001,0.01]",0.001,"[65000.86,65000.76,65000.659999999996,65000.56,65000.46,65000.36,65000.26,65000.159999999996,65000.06,64999.96]",65000.86,"[0.001,0.002,0.003,0.004,0.005,0.006,0.007,0.008,0.009000000000000001,0.01]",0.001,4396,mock,InstrumentType.Spot,615281504,mock,BTC-USDT
2199944884,0,0,1783610797251127822,101,depth,"[65001.07,65001.17,65001.270000000004,65001.37,65001.47,65001.57,65001.67,65001.770000000004,65001.87,65001.97]",65001.07,"[0.001,0.002,0.003,0.004,0.005,0.006,0.007,0.008,0.009000000000000001,0.01]",0.001,"[65000.87,65000.770000000004,65000.67,65000.57,65000.47,65000.37,65000.270000000004,65000.17,65000.07,64999.97]",65000.87,"[0.001,0.002,0.003,0.004,0.005,0.006,0.007,0.008,0.009000000000000001,0.01]",0.001,4397,mock,InstrumentType.Spot,615282064,mock,BTC-USDT
2199944884,0,0,1783610797251427828,101,depth,"[65001.08,65001.18,65001.280000000006,65001.380000000005,65001.48,65001.58,65001.68,65001.780000000006,65001.880000000005,65001.98]",65001.08,"[0.001,0.002,0.003,0.004,0.005,0.006,0.007,0.008,0.009000000000000001,0.01]",0.001,"[65000.880000000005,65000.780000000006,65000.68,65000.58,65000.48,65000.380000000005,65000.280000000006,65000.18,65000.08,64999.98]",65000.880000000005,"[0.001,0.002,0.003,0.004,0.005,0.006,0.007,0.008,0.009000000000000001,0.01]",0.001,4398,mock,InstrumentType.Spot,615282624,mock,BTC-USDT
2199944884,0,0,1783610797251727649,101,depth,"[65001.09,65001.189999999995,65001.29,65001.39,65001.49,65001.59,65001.689999999995,65001.79,65001.89,65001.99]",65001.09,"[0.001,0.002,0.003,0.004,0.005,0.006,0.007,0.008,0.009000000000000001,0.01]",0.001,"[65000.89,65000.79,65000.689999999995,65000.59,65000.49,65000.39,65000.29,65000.189999999995,65000.09,64999.99]",65000.89,"[0.001,0.002,0.003,0.004,0.005,0.006,0.007,0.008,0.009000000000000001,0.01]",0.001,4399,mock,InstrumentType.Spot,615283184,mock,BTC-USDT
2199944884,0,0,1783610797252129998,101,depth,"[65000.1,65000.2,65000.3,65000.4,65000.5,65000.6,65000.7,65000.8,65000.9,65001.0]",65000.1,"[0.001,0.002,0.003,0.004,0.005,0.006,0.007,0.008,0.009000000000000001,0.01]",0.001,"[64999.9,64999.8,64999.7,64999.6,64999.5,64999.4,64999.3,64999.2,64999.1,64999.0]",64999.9,"[0.001,0.002,0.003,0.004,0.005,0.006,0.007,0.008,0.009000000000000001,0.01]",0.001,4400,mock,InstrumentType.Spot,615283744,mock,BTC-USDT
2199944884,0,0,1783610797252328877,101,depth,"[65000.11,65000.21,65000.310000000005,65000.41,65000.51,65000.61,65000.71,65000.810000000005,65000.91,65001.01]",65000.11,"[0.001,0.002,0.003,0.004,0.005,0.006,0.007,0.008,0.009000000000000001,0.01]",0.001,"[64999.91,64999.810000000005,64999.71,64999.61,64999.51,64999.41,64999.310000000005,64999.21,64999.11,64999.01]",64999.91,"[0.001,0.002,0.003,0.004,0.005,0.006,0.007,0.008,0.009000000000000001,0.01]",0.001,4401,mock,InstrumentType.Spot,615284304,mock,BTC-USDT
2199944884,0,0,1783610797252640315,101,depth,"[65000.119999999995,65000.219999999994,65000.32,65000.42,65000.52,65000.619999999995,65000.719999999994,65000.82,65000.92,65001.02]",65000.119999999995,"[0.001,0.002,0.003,0.004,0.005,0.006,0.007,0.008,0.009000000000000001,0.01]",0.001,"[64999.92,64999.82,64999.719999999994,64999.619999999995,64999.52,64999.42,64999.32,64999.219999999994,64999.119999999995,64999.02]",64999.92,"[0.001,0.002,0.003,0.004,0.005,0.006,0.007,0.008,0.009000000000000001,0.01]",0.001,4402,mock,InstrumentType.Spot,615284864,mock,BTC-USDT
2199944884,0,0,1783610797252927723,101,depth,"[65000.13,65000.229999999996,65000.33,65000.43,65000.53,65000.63,65000.729999999996,65000.83,65000.93,65001.03]",65000.13,"[0.001,0.002,0.003,0.004,0.005,0.006,0.007,0.008,0.009000000000000001,0.01]",0.001,"[64999.93,64999.83,64999.729999999996,64999.63,64999.53,64999.43,64999.33,64999.229999999996,64999.13,64999.03]",64999.93,"[0.001,0.002,0.003,0.004,0.005,0.006,0.007,0.008,0.009000000000000001,0.01]",0.001,4403,mock,InstrumentType.Spot,615285424,mock,BTC-USDT
2199944884,0,0,1783610797253227629,101,depth,"[65000.14,65000.24,65000.340000000004,65000.44,65000.54,65000.64,65000.74,65000.840000000004,65000.94,65001.04]",65000.14,"[0.001,0.002,0.003,0.004,0.005,0.006,0.007,0.008,0.009000000000000001,0.01]",0.001,"[64999.94,64999.840000000004,64999.74,64999.64,64999.54,64999.44,64999.340000000004,64999.24,64999.14,64999.04]",64999.94,"[0.001,0.002,0.003,0.004,0.005,0.006,0.007,0.008,0.009000000000000001,0.01]",0.001,4404,mock,InstrumentType.Spot,615285984,mock,BTC-USDT
2199944884,0,0,1783610797253527691,101,depth,"[65000.15,65000.25,65000.350000000006,65000.450000000004,65000.55,65000.65,65000.75,65000.850000000006,65000.950000000004,65001.05]",65000.15,"[0.001,0.002,0.003,0.004,0.005,0.006,0.007,0.008,0.009000000000000001,0.01]",0.001,"[64999.950000000004,64999.850000000006,64999.75,64999.65,64999.55,64999.450000000004,64999.350000000006,64999.25,64999.15,64999.05]",64999.950000000004,"[0.001,0.002,0.003,0.004,0.005,0.006,0.007,0.008,0.009000000000000001,0.01]",0.001,4405,mock,InstrumentType.Spot,615286544,mock,BTC-USDT
2199944884,0,0,1783610797253827528,101,depth,"[65000.159999999996,65000.259999999995,65000.36,65000.46,65000.56,65000.659999999996,65000.759999999995,65000.86,65000.96,65001.06]",65000.159999999996,"[0.001,0.002,0.003,0.004,0.005,0.006,0.007,0.008,0.009000000000000001,0.01]",0.001,"[64999.96,64999.86,64999.759999999995,64999.659999999996,64999.56,64999.46,64999.36,64999.259999999995,64999.159999999996,64999.06]",64999.96,"[0.001,0.002,0.003,0.004,0.005,0.006,0.007,0.008,0.009000000000000001,0.01]",0.001,4406,mock,InstrumentType.Spot,615287104,mock,BTC-USDT
2199944884,0,0,1783610797254127733,101,depth,"[65000.17,65000.27,65000.37,65000.47,65000.57,65000.67,65000.77,65000.87,65000.97,65001.07]",65000.17,"[0.001,0.002,0.003,0.004,0.005,0.006,0.007,0.008,0.009000000000000001,0.01]",0.001,"[64999.97,64999.87,64999.77,64999.67,64999.57,64999.47,64999.37,64999.27,64999.17,64999.07]",64999.97,"[0.001,0.002,0.003,0.004,0.005,0.006,0.007,0.008,0.009000000000000001,0.01]",0.001,4407,mock,InstrumentType.Spot,615287664,mock,BTC-USDT
2199944884,0,0,1783610797254427570,101,depth,"[65000.18,65000.28,65000.380000000005,65000.48,65000.58,65000.68,65000.78,65000.880000000005,65000.98,65001.08]",65000.18,"[0.001,0.002,0.003,0.004,0.005,0.006,0.007,0.008,0.009000000000000001,0.01]",0.001,"[64999.98,64999.880000000005,64999.78,64999.68,64999.58,64999.48,64999.380000000005,64999.28,64999.18,64999.08]",64999.98,"[0.001,0.002,0.003,0.004,0.005,0.006,0.007,0.008,0.009000000000000001,0.01]",0.001,4408,mock,InstrumentType.Spot,615288224,mock,BTC-USDT
2199944884,0,0,1783610797254727551,101,depth,"[65000.189999999995,65000.28999999999,65000.39,65000.49,65000.59,65000.689999999995,65000.78999999999,65000.89,65000.99,65001.09]",65000.189999999995,"[0.001,0.002,0.003,0.004,0.005,0.006,0.007,0.008,0.009000000000000001,0.01]",0.001,"[64999.99,64999.89,64999.78999999999,64999.689999999995,64999.59,64999.49,64999.39,64999.28999999999,64999.189999999995,64999.09]",64999.99,"[0.001,0.002,0.003,0.004,0.005,0.006,0.007,0.008,0.009000000000000001,0.01]",0.001,4409,mock,InstrumentType.Spot,615288784,mock,BTC-USDT
2199944884,0,0,1783610797255027639,101,depth,"[65000.2,65000.299999999996,65000.4,65000.5,65000.6,65000.7,65000.799999999996,65000.9,65001.0,65001.1]",65000.2,"[0.001,0.002,0.003,0.004,0.005,0.006,0.007,0.008,0.009000000000000001,0.01]",0.001,"[65000.0,64999.9,64999.799999999996,64999.7,64999.6,64999.5,64999.4,64999.299999999996,64999.2,64999.1]",65000.0,"[0.001,0.002,0.003,0.004,0.005,0.006,0.007,0.008,0.009000000000000001,0.01]",0.001,4410,mock,InstrumentType.Spot,615289344,mock,BTC-USDT
2199944884,0,0,1783610797255333562,101,depth,"[65000.21,65000.31,65000.41,65000.51,65000.61,65000.71,65000.81,65000.91,65001.01,65001.11]",65000.21,"[0.001,0.002,0.003,0.004,0.005,0.006,0.007,0.008,0.009000000000000001,0.01]",0.001,"[65000.01,64999.91,64999.81,64999.71,64999.61,64999.51,64999.41,64999.31,64999.21,64999.11]",65000.01,"[0.001,0.002,0.003,0.004,0.005,0.006,0.007,0.008,0.009000000000000001,0.01]",0.001,4411,mock,InstrumentType.Spot,615289904,mock,BTC-USDT
2199944884,0,0,1783610797255627783,101,depth,"[65000.22,65000.32,65000.420000000006,65000.520000000004,65000.62,65000.72,65000.82,65000.920000000006,65001.020000000004,65001.12]",65000.22,"[0.001,0.002,0.003,0.004,0.005,0.006,0.007,0.008,0.009000000000000001,0.01]",0.001,"[65000.020000000004,64999.920000000006,64999.82,64999.72,64999.62,64999.520000000004,64999.420000000006,64999.32,64999.22,64999.12]",65000.020000000004,"[0.001,0.002,0.003,0.004,0.005,0.006,0.007,0.008,0.009000000000000001,0.01]",0.001,4412,mock,InstrumentType.Spot,615290464,mock,BTC-USDT
2199944884,0,0,1783610797255927613,101,depth,"[65000.229999999996,65000.329999999994,65000.43,65000.53,65000.63,65000.729999999996,65000.829999999994,65000.93,65001.03,65001.13]",65000.229999999996,"[0.001,0.002,0.003,0.004,0.005,0.006,0.007,0.008,0.009000000000000001,0.01]",0.001,"[65000.03,64999.93,64999.829999999994,64999.729999999996,64999.63,64999.53,64999.43,64999.329999999994,64999.229999999996,64999.13]",65000.03,"[0.001,0.002,0.003,0.004,0.005,0.006,0.007,0.008,0.009000000000000001,0.01]",0.001,4413,mock,InstrumentType.Spot,615291024,mock,BTC-USDT
2199944884,0,0,1783610797256227698,101,depth,"[65000.24,65000.34,65000.44,65000.54,65000.64,65000.74,65000.84,65000.94,65001.04,65001.14]",65000.24,"[0.001,0.002,0.003,0.004,0.005,0.006,0.007,0.008,0.009000000000000001,0.01]",0.001,"[65000.04,64999.94,64999.84,64999.74,64999.64,64999.54,64999.44,64999.34,64999.24,64999.14]",65000.04,"[0.001,0.002,0.003,0.004,0.005,0.006,0.007,0.008,0.009000000000000001,0.01]",0.001,4414,mock,InstrumentType.Spot,615291584,mock,BTC-USDT
2199944884,0,0,1783610797256527697,101,depth,"[65000.25,65000.35,65000.450000000004,65000.55,65000.65,65000.75,65000.85,65000.950000000004,65001.05,65001.15]",65000.25,"[0.001,0.002,0.003,0.004,0.005,0.006,0.007,0.008,0.009000000000000001,0.01]",0.001,"[65000.05,64999.950000000004,64999.85,64999.75,64999.65,64999.55,64999.450000000004,64999.35,64999.25,64999.15]",65000.05,"[0.001,0.002,0.003,0.004,0.005,0.006,0.007,0.008,0.009000000000000001,0.01]",0.001,4415,mock,InstrumentType.Spot,615292144,mock,BTC-USDT
2199944884,0,0,1783610797256827632,101,depth,"[65000.26,65000.36,65000.46000000001,65000.560000000005,65000.66,65000.76,65000.86,65000.96000000001,65001.060000000005,65001.16]",65000.26,"[0.001,0.002,0.003,0.004,0.005,0.006,0.007,0.008,0.009000000000000001,0.01]",0.001,"[65000.060000000005,64999.96000000001,64999.86,64999.76,64999.66,64999.560000000005,64999.46000000001,64999.36,64999.26,64999.16]",65000.060000000005,"[0.001,0.002,0.003,0.004,0.005,0.006,0.007,0.008,0.009000000000000001,0.01]",0.001,4416,mock,InstrumentType.Spot,615292704,mock,BTC-USDT
2199944884,0,0,1783610797257127641,101,depth,"[65000.27,65000.369999999995,65000.47,65000.57,65000.67,65000.77,65000.869999999995,65000.97,65001.07,65001.17]",65000.27,"[0.001,0.002,0.003,0.004,0.005,0.006,0.007,0.008,0.009000000000000001,0.01]",0.001,"[65000.07,64999.97,64999.869999999995,64999.77,64999.67,64999.57,64999.47,64999.369999999995,64999.27,64999.17]",65000.07,"[0.001,0.002,0.003,0.004,0.005,0.006,0.007,0.008,0.009000000000000001,0.01]",0.001,4417,mock,InstrumentType.Spot,615293264,mock,BTC-USDT
2199944884,0,0,1783610797257427562,101,depth,"[65000.28,65000.38,65000.48,65000.58,65000.68,65000.78,65000.88,65000.98,65001.08,65001.18]",65000.28,"[0.001,0.002,0.003,0.004,0.005,0.006,0.007,0.008,0.009000000000000001,0.01]",0.001,"[65000.08,64999.98,64999.88,64999.78,64999.68,64999.58,64999.48,64999.38,64999.28,64999.18]",65000.08,"[0.001,0.002,0.003,0.004,0.005,0.006,0.007,0.008,0.009000000000000001,0.01]",0.001,4418,mock,InstrumentType.Spot,615293824,mock,BTC-USDT
2199944884,0,0,1783610797257727653,101,depth,"[65000.29,65000.39,65000.490000000005,65000.590000000004,65000.69,65000.79,65000.89,65000.990000000005,65001.090000000004,65001.19]",65000.29,"[0.001,0.002,0.003,0.004,0.005,0.006,0.007,0.008,0.009000000000000001,0.01]",0.001,"[65000.090000000004,64999.990000000005,64999.89,64999.79,64999.69,64999.590000000004,64999.490000000005,64999.39,64999.29,64999.19]",65000.090000000004,"[0.001,0.002,0.003,0.004,0.005,0.006,0.007,0.008,0.009000000000000001,0.01]",0.001,4419,mock,InstrumentType.Spot,615294384,mock,BTC-USDT
2199944884,0,0,1783610797258027711,101,depth,"[65000.299999999996,65000.399999999994,65000.5,65000.6,65000.7,65000.799999999996,65000.899999999994,65001.0,65001.1,65001.2]",65000.299999999996,"[0.001,0.002,0.003,0.004,0.005,0.006,0.007,0.008,0.009000000000000001,0.01]",0.001,"[65000.1,65000.0,64999.899999999994,64999.799999999996,64999.7,64999.6,64999.5,64999.399999999994,64999.299999999996,64999.2]",65000.1,"[0.001,0.002,0.003,0.004,0.005,0.006,0.007,0.008,0.009000000000000001,0.01]",0.001,4420,mock,InstrumentType.Spot,615294944,mock,BTC-USDT
2199944884,0,0,1783610797258333415,101,depth,"[65000.31,65000.409999999996,65000.51,65000.61,65000.71,65000.81,65000.909999999996,65001.01,65001.11,65001.21]",65000.31,"[0.001,0.002,0.003,0.004,0.005,0.006,0.007,0.008,0.009000000000000001,0.01]",0.001,"[65000.11,65000.01,64999.909999999996,64999.81,64999.71,64999.61,64999.51,64999.409999999996,64999.31,64999.21]",65000.11,"[0.001,0.002,0.003,0.004,0.005,0.006,0.007,0.008,0.009000000000000001,0.01]",0.001,4421,mock,InstrumentType.Spot,615295504,mock,BTC-USDT
2199944884,0,0,1783610797258627719,101,depth,"[65000.32,65000.42,65000.520000000004,65000.62,65000.72,65000.82,65000.92,65001.020000000004,65001.12,65001.22]",65000.32,"[0.001,0.002,0.003,0.004,0.005,0.006,0.007,0.008,0.009000000000000001,0.01]",0.001,"[65000.12,65000.020000000004,64999.92,64999.82,64999.72,64999.62,64999.520000000004,64999.42,64999.32,64999.22]",65000.12,"[0.001,0.002,0.003,0.004,0.005,0.006,0.007,0.008,0.009000000000000001,0.01]",0.001,4422,mock,InstrumentType.Spot,615296064,mock,BTC-USDT
2199944884,0,0,1783610797258927543,101,depth,"[65000.33,65000.43,65000.530000000006,65000.630000000005,65000.73,65000.83,65000.93,65001.030000000006,65001.130000000005,65001.23]",65000.33,"[0.001,0.002,0.003,0.004,0.005,0.006,0.007,0.008,0.009000000000000001,0.01]",0.001,"[65000.130000000005,65000.030000000006,64999.93,64999.83,64999.73,64999.630000000005,64999.530000000006,64999.43,64999.33,64999.23]",65000.130000000005,"[0.001,0.002,0.003,0.004,0.005,0.006,0.007,0.008,0.009000000000000001,0.01]",0.001,4423,mock,InstrumentType.Spot,615296624,mock,BTC-USDT
2199944884,0,0,1783610797259227631,101,depth,"[65000.34,65000.439999999995,65000.54,65000.64,65000.74,65000.84,65000.939999999995,65001.04,65001.14,65001.24]",65000.34,"[0.001,0.002,0.003,0.004,0.005,0.006,0.007,0.008,0.009000000000000001,0.01]",0.001,"[65000.14,65000.04,64999.939999999995,64999.84,64999.74,64999.64,64999.54,64999.439999999995,64999.34,64999.24]",65000.14,"[0.001,0.002,0.003,0.004,0.005,0.006,0.007,0.008,0.009000000000000001,0.01]",0.001,4424,mock,InstrumentType.Spot,615297184,mock,BTC-USDT
2199944884,0,0,1783610797259527625,101,depth,"[65000.35,65000.45,65000.55,65000.65,65000.75,65000.85,65000.95,65001.05,65001.15,65001.25]",65000.35,"[0.001,0.002,0.003,0.004,0.005,0.006,0.007,0.008,0.009000000000000001,0.01]",0.001,"[65000.15,65000.05,64999.95,64999.85,64999.75,64999.65,64999.55,64999.45,64999.35,64999.25]",65000.15,"[0.001,0.002,0.003,0.004,0.005,0.006,0.007,0.008,0.009000000000000001,0.01]",0.001,4425,mock,InstrumentType.Spot,615297744,mock,BTC-USDT
2199944884,0,0,1783610797259827615,101,depth,"[65000.36,65000.46,65000.560000000005,65000.66,65000.76,65000.86,65000.96,65001.060000000005,65001.16,65001.26]",65000.36,"[0.001,0.002,0.003,0.004,0.005,0.006,0.007,0.008,0.009000000000000001,0.01]",0.001,"[65000.16,65000.060000000005,64999.96,64999.86,64999.76,64999.66,64999.560000000005,64999.46,64999.36,64999.26]",65000.16,"[0.001,0.002,0.003,0.004,0.005,0.006,0.007,0.008,0.009000000000000001,0.01]",0.001,4426,mock,InstrumentType.Spot,615298304,mock,BTC-USDT
2199944884,0,0,1783610797260127623,101,depth,"[65000.369999999995,65000.469999999994,65000.57,65000.67,65000.77,65000.869999999995,65000.969999999994,65001.07,65001.17,65001.27]",65000.369999999995,"[0.001,0.002,0.003,0.004,0.005,0.006,0.007,0.008,0.009000000000000001,0.01]",0.001,"[65000.17,65000.07,64999.969999999994,64999.869999999995,64999.77,64999.67,64999.57,64999.469999999994,64999.369999999995,64999.27]",65000.17,"[0.001,0.002,0.003,0.004,0.005,0.006,0.007,0.008,0.009000000000000001,0.01]",0.001,4427,mock,InstrumentType.Spot,615298864,mock,BTC-USDT
2199944884,0,0,1783610797260427574,101,depth,"[65000.38,65000.479999999996,65000.58,65000.68,65000.78,65000.88,65000.979999999996,65001.08,65001.18,65001.28]",65000.38,"[0.001,0.002,0.003,0.004,0.005,0.006,0.007,0.008,0.009000000000000001,0.01]",0.001,"[65000.18,65000.08,64999.979999999996,64999.88,64999.78,64999.68,64999.58,64999.479999999996,64999.38,64999.28]",65000.18,"[0.001,0.002,0.003,0.004,0.005,0.006,0.007,0.008,0.009000000000000001,0.01]",0.001,4428,mock,InstrumentType.Spot,615299424,mock,BTC-USDT
2199944884,0,0,1783610797260727590,101,depth,"[65000.39,65000.49,65000.590000000004,65000.69,65000.79,65000.89,65000.99,65001.090000000004,65001.19,65001.29]",65000.39,"[0.001,0.002,0.003,0.004,0.005,0.006,0.007,0.008,0.009000000000000001,0.01]",0.001,"[65000.19,65000.090000000004,64999.99,64999.89,64999.79,64999.69,64999.590000000004,64999.49,64999.39,64999.29]",65000.19,"[0.001,0.002,0.003,0.004,0.005,0.006,0.007,0.008,0.009000000000000001,0.01]",0.001,4429,mock,InstrumentType.Spot,615299984,mock,BTC-USDT
2199944884,0,0,1783610797261032963,101,depth,"[65000.4,65000.5,65000.600000000006,65000.700000000004,65000.8,65000.9,65001.0,65001.100000000006,65001.200000000004,65001.3]",65000.4,"[0.001,0.002,0.003,0.004,0.005,0.006,0.007,0.008,0.009000000000000001,0.01]",0.001,"[65000.200000000004,65000.100000000006,65000.0,64999.9,64999.8,64999.700000000004,64999.600000000006,64999.5,64999.4,64999.3]",65000.200000000004,"[0.001,0.002,0.003,0.004,0.005,0.006,0.007,0.008,0.009000000000000001,0.01]",0.001,4430,mock,InstrumentType.Spot,615300544,mock,BTC-USDT
2199944884,0,0,1783610797261327659,101,depth,"[65000.409999999996,65000.509999999995,65000.61,65000.71,65000.81,65000.909999999996,65001.009999999995,65001.11,65001.21,65001.31]",65000.409999999996,"[0.001,0.002,0.003,0.004,0.005,0.006,0.007,0.008,0.009000000000000001,0.01]",0.001,"[65000.21,65000.11,65000.009999999995,64999.909999999996,64999.81,64999.71,64999.61,64999.509999999995,64999.409999999996,64999.31]",65000.21,"[0.001,0.002,0.003,0.004,0.005,0.006,0.007,0.008,0.009000000000000001,0.01]",0.001,4431,mock,InstrumentType.Spot,615301104,mock,BTC-USDT
2199944884,0,0,1783610797261627566,101,depth,"[65000.42,65000.52,65000.62,65000.72,65000.82,65000.92,65001.02,65001.12,65001.22,65001.32]",65000.42,"[0.001,0.002,0.003,0.004,0.005,0.006,0.007,0.008,0.009000000000000001,0.01]",0.001,"[65000.22,65000.12,65000.02,64999.92,64999.82,64999.72,64999.62,64999.52,64999.42,64999.32]",65000.22,"[0.001,0.002,0.003,0.004,0.005,0.006,0.007,0.008,0.009000000000000001,0.01]",0.001,4432,mock,InstrumentType.Spot,615301664,mock,BTC-USDT
2199944884,0,0,1783610797261928591,101,depth,"[65000.43,65000.53,65000.630000000005,65000.73,65000.83,65000.93,65001.03,65001.130000000005,65001.23,65001.33]",65000.43,"[0.001,0.002,0.003,0.004,0.005,0.006,0.007,0.008,0.009000000000000001,0.01]",0.001,"[65000.23,65000.130000000005,65000.03,64999.93,64999.83,64999.73,64999.630000000005,64999.53,64999.43,64999.33]",65000.23,"[0.001,0.002,0.003,0.004,0.005,0.006,0.007,0.008,0.009000000000000001,0.01]",0.001,4433,mock,InstrumentType.Spot,615302224,mock,BTC-USDT
2199944884,0,0,1783610797262228675,101,depth,"[65000.439999999995,65000.53999999999,65000.64,65000.74,65000.84,65000.939999999995,65001.03999999999,65001.14,65001.24,65001.34]",65000.439999999995,"[0.001,0.002,0.003,0.004,0.005,0.006,0.007,0.008,0.009000000000000001,0.01]",0.001,"[65000.24,65000.14,65000.03999999999,64999.939999999995,64999.84,64999.74,64999.64,64999.53999999999,64999.439999999995,64999.34]",65000.24,"[0.001,0.002,0.003,0.004,0.005,0.006,0.007,0.008,0.009000000000000001,0.01]",0.001,4434,mock,InstrumentType.Spot,615302784,mock,BTC-USDT
2199944884,0,0,1783610797262528239,101,depth,"[65000.45,65000.549999999996,65000.65,65000.75,65000.85,65000.95,65001.049999999996,65001.15,65001.25,65001.35]",65000.45,"[0.001,0.002,0.003,0.004,0.005,0.006,0.007,0.008,0.009000000000000001,0.01]",0.001,"[65000.25,65000.15,65000.049999999996,64999.95,64999.85,64999.75,64999.65,64999.549999999996,64999.45,64999.35]",65000.25,"[0.001,0.002,0.003,0.004,0.005,0.006,0.007,0.008,0.009000000000000001,0.01]",0.001,4435,mock,InstrumentType.Spot,615303344,mock,BTC-USDT
2199944884,0,0,1783610797262827810,101,depth,"[65000.46,65000.56,65000.66,65000.76,65000.86,65000.96,65001.06,65001.16,65001.26,65001.36]",65000.46,"[0.001,0.002,0.003,0.004,0.005,0.006,0.007,0.008,0.009000000000000001,0.01]",0.001,"[65000.26,65000.16,65000.06,64999.96,64999.86,64999.76,64999.66,64999.56,64999.46,64999.36]",65000.26,"[0.001,0.002,0.003,0.004,0.005,0.006,0.007,0.008,0.009000000000000001,0.01]",0.001,4436,mock,InstrumentType.Spot,615303904,mock,BTC-USDT
2199944884,0,0,1783610797263129511,101,depth,"[65000.47,65000.57,65000.670000000006,65000.770000000004,65000.87,65000.97,65001.07,65001.170000000006,65001.270000000004,65001.37]",65000.47,"[0.001,0.002,0.003,0.004,0.005,0.006,0.007,0.008,0.009000000000000001,0.01]",0.001,"[65000.270000000004,65000.170000000006,65000.07,64999.97,64999.87,64999.770000000004,64999.670000000006,64999.57,64999.47,64999.37]",65000.270000000004,"[0.001,0.002,0.003,0.004,0.005,0.006,0.007,0.008,0.009000000000000001,0.01]",0.001,4437,mock,InstrumentType.Spot,615304464,mock,BTC-USDT
2199944884,0,0,1783610797263432554,101,depth,"[65000.479999999996,65000.579999999994,65000.68,65000.78,65000.88,65000.979999999996,65001.079999999994,65001.18,65001.28,65001.38]",65000.479999999996,"[0.001,0.002,0.003,0.004,0.005,0.006,0.007,0.008,0.009000000000000001,0.01]",0.001,"[65000.28,65000.18,65000.079999999994,64999.979999999996,64999.88,64999.78,64999.68,64999.579999999994,64999.479999999996,64999.38]",65000.28,"[0.001,0.002,0.003,0.004,0.005,0.006,0.007,0.008,0.009000000000000001,0.01]",0.001,4438,mock,InstrumentType.Spot,615305024,mock,BTC-USDT
2199944884,0,0,1783610797263789560,101,depth,"[65000.49,65000.59,65000.69,65000.79,65000.89,65000.99,65001.09,65001.19,65001.29,65001.39]",65000.49,"[0.001,0.002,0.003,0.004,0.005,0.006,0.007,0.008,0.009000000000000001,0.01]",0.001,"[65000.29,65000.19,65000.09,64999.99,64999.89,64999.79,64999.69,64999.59,64999.49,64999.39]",65000.29,"[0.001,0.002,0.003,0.004,0.005,0.006,0.007,0.008,0.009000000000000001,0.01]",0.001,4439,mock,InstrumentType.Spot,615305584,mock,BTC-USDT
2199944884,0,0,1783610797264058443,101,depth,"[65000.5,65000.6,65000.700000000004,65000.8,65000.9,65001.0,65001.1,65001.200000000004,65001.3,65001.4]",65000.5,"[0.001,0.002,0.003,0.004,0.005,0.006,0.007,0.008,0.009000000000000001,0.01]",0.001,"[65000.3,65000.200000000004,65000.1,65000.0,64999.9,64999.8,64999.700000000004,64999.6,64999.5,64999.4]",65000.3,"[0.001,0.002,0.003,0.004,0.005,0.006,0.007,0.008,0.009000000000000001,0.01]",0.001,4440,mock,InstrumentType.Spot,615306144,mock,BTC-USDT
2199944884,0,0,1783610797264328793,101,depth,"[65000.51,65000.61,65000.71000000001,65000.810000000005,65000.91,65001.01,65001.11,65001.21000000001,65001.310000000005,65001.41]",65000.51,"[0.001,0.002,0.003,0.004,0.005,0.006,0.007,0.008,0.009000000000000001,0.01]",0.001,"[65000.310000000005,65000.21000000001,65000.11,65000.01,64999.91,64999.810000000005,64999.71000000001,64999.61,64999.51,64999.41]",65000.310000000005,"[0.001,0.002,0.003,0.004,0.005,0.006,0.007,0.008,0.009000000000000001,0.01]",0.001,4441,mock,InstrumentType.Spot,615306704,mock,BTC-USDT
2199944884,0,0,1783610797264628066,101,depth,"[65000.52,65000.619999999995,65000.72,65000.82,65000.92,65001.02,65001.119999999995,65001.22,65001.32,65001.42]",65000.52,"[0.001,0.002,0.003,0.004,0.005,0.006,0.007,0.008,0.009000000000000001,0.01]",0.001,"[65000.32,65000.22,65000.119999999995,65000.02,64999.92,64999.82,64999.72,64999.619999999995,64999.52,64999.42]",65000.32,"[0.001,0.002,0.003,0.004,0.005,0.006,0.007,0.008,0.009000000000000001,0.01]",0.001,4442,mock,InstrumentType.Spot,615307264,mock,BTC-USDT
2199944884,0,0,1783610797264929237,101,depth,"[65000.53,65000.63,65000.73,65000.83,65000.93,65001.03,65001.13,65001.23,65001.33,65001.43]",65000.53,"[0.001,0.002,0.003,0.004,0.005,0.006,0.007,0.008,0.009000000000000001,0.01]",0.001,"[65000.33,65000.23,65000.13,65000.03,64999.93,64999.83,64999.73,64999.63,64999.53,64999.43]",65000.33,"[0.001,0.002,0.003,0.004,0.005,0.006,0.007,0.008,0.009000000000000001,0.01]",0.001,4443,mock,InstrumentType.Spot,615307824,mock,BTC-USDT
2199944884,0,0,1783610797266301427,101,depth,"[65000.54,65000.64,65000.740000000005,65000.840000000004,65000.94,65001.04,65001.14,65001.240000000005,65001.340000000004,65001.44]",65000.54,"[0.001,0.002,0.003,0.004,0.005,0.006,0.007,0.008,0.009000000000000001,0.01]",0.001,"[65000.340000000004,65000.240000000005,65000.14,65000.04,64999.94,64999.840000000004,64999.740000000005,64999.64,64999.54,64999.44]",65000.340000000004,"[0.001,0.002,0.003,0.004,0.005,0.006,0.007,0.008,0.009000000000000001,0.01]",0.001,4444,mock,InstrumentType.Spot,615308384,mock,BTC-USDT
2199944884,0,0,1783610797266321492,101,depth,"[65000.549999999996,65000.649999999994,65000.75,65000.85,65000.95,65001.049999999996,65001.149999999994,65001.25,65001.35,65001.45]",65000.549999999996,"[0.001,0.002,0.003,0.004,0.005,0.006,0.007,0.008,0.009000000000000001,0.01]",0.001,"[65000.35,65000.25,65000.149999999994,65000.049999999996,64999.95,64999.85,64999.75,64999.649999999994,64999.549999999996,64999.45]",65000.35,"[0.001,0.002,0.003,0.004,0.005,0.006,0.007,0.008,0.009000000000000001,0.01]",0.001,4445,mock,InstrumentType.Spot,615308944,mock,BTC-USDT
2199944884,0,0,1783610797266327858,101,depth,"[65000.56,65000.659999999996,65000.76,65000.86,65000.96,65001.06,65001.159999999996,65001.26,65001.36,65001.46]",65000.56,"[0.001,0.002,0.003,0.004,0.005,0.006,0.007,0.008,0.009000000000000001,0.01]",0.001,"[65000.36,65000.26,65000.159999999996,65000.06,64999.96,64999.86,64999.76,64999.659999999996,64999.56,64999.46]",65000.36,"[0.001,0.002,0.003,0.004,0.005,0.006,0.007,0.008,0.009000000000000001,0.01]",0.001,4446,mock,InstrumentType.Spot,615309504,mock,BTC-USDT
2199944884,0,0,1783610797266334325,101,depth,"[65000.57,65000.67,65000.770000000004,65000.87,65000.97,65001.07,65001.17,65001.270000000004,65001.37,65001.47]",65000.57,"[0.001,0.002,0.003,0.004,0.005,0.006,0.007,0.008,0.009000000000000001,0.01]",0.001,"[65000.37,65000.270000000004,65000.17,65000.07,64999.97,64999.87,64999.770000000004,64999.67,64999.57,64999.47]",65000.37,"[0.001,0.002,0.003,0.004,0.005,0.006,0.007,0.008,0.009000000000000001,0.01]",0.001,4447,mock,InstrumentType.Spot,615310064,mock,BTC-USDT
2199944884,0,0,1783610797266427894,101,depth,"[65000.58,65000.68,65000.780000000006,65000.880000000005,65000.98,65001.08,65001.18,65001.280000000006,65001.380000000005,65001.48]",65000.58,"[0.001,0.002,0.003,0.004,0.005,0.006,0.007,0.008,0.009000000000000001,0.01]",0.001,"[65000.380000000005,65000.280000000006,65000.18,65000.08,64999.98,64999.880000000005,64999.780000000006,64999.68,64999.58,64999.48]",65000.380000000005,"[0.001,0.002,0.003,0.004,0.005,0.006,0.007,0.008,0.009000000000000001,0.01]",0.001,4448,mock,InstrumentType.Spot,615310624,mock,BTC-USDT
2199944884,0,0,1783610797266728868,101,depth,"[65000.59,65000.689999999995,65000.79,65000.89,65000.99,65001.09,65001.189999999995,65001.29,65001.39,65001.49]",65000.59,"[0.001,0.002,0.003,0.004,0.005,0.006,0.007,0.008,0.009000000000000001,0.01]",0.001,"[65000.39,65000.29,65000.189999999995,65000.09,64999.99,64999.89,64999.79,64999.689999999995,64999.59,64999.49]",65000.39,"[0.001,0.002,0.003,0.004,0.005,0.006,0.007,0.008,0.009000000000000001,0.01]",0.001,4449,mock,InstrumentType.Spot,615311184,mock,BTC-USDT
2199944884,0,0,1783610797267050386,101,depth,"[65000.6,65000.7,65000.8,65000.9,65001.0,65001.1,65001.2,65001.3,65001.4,65001.5]",65000.6,"[0.001,0.002,0.003,0.004,0.005,0.006,0.007,0.008,0.009000000000000001,0.01]",0.001,"[65000.4,65000.3,65000.2,65000.1,65000.0,64999.9,64999.8,64999.7,64999.6,64999.5]",65000.4,"[0.001,0.002,0.003,0.004,0.005,0.006,0.007,0.008,0.009000000000000001,0.01]",0.001,4450,mock,InstrumentType.Spot,615311744,mock,BTC-USDT
2199944884,0,0,1783610797267328275,101,depth,"[65000.61,65000.71,65000.810000000005,65000.91,65001.01,65001.11,65001.21,65001.310000000005,65001.41,65001.51]",65000.61,"[0.001,0.002,0.003,0.004,0.005,0.006,0.007,0.008,0.009000000000000001,0.01]",0.001,"[65000.41,65000.310000000005,65000.21,65000.11,65000.01,64999.91,64999.810000000005,64999.71,64999.61,64999.51]",65000.41,"[0.001,0.002,0.003,0.004,0.005,0.006,0.007,0.008,0.009000000000000001,0.01]",0.001,4451,mock,InstrumentType.Spot,615312304,mock,BTC-USDT
2199944884,0,0,1783610797267628005,101,depth,"[65000.619999999995,65000.719999999994,65000.82,65000.92,65001.02,65001.119999999995,65001.219999999994,65001.32,65001.42,65001.52]",65000.619999999995,"[0.001,0.002,0.003,0.004,0.005,0.006,0.007,0.008,0.009000000000000001,0.01]",0.001,"[65000.42,65000.32,65000.219999999994,65000.119999999995,65000.02,64999.92,64999.82,64999.719999999994,64999.619999999995,64999.52]",65000.42,"[0.001,0.002,0.003,0.004,0.005,0.006,0.007,0.008,0.009000000000000001,0.01]",0.001,4452,mock,InstrumentType.Spot,615312864,mock,BTC-USDT
2199944884,0,0,1783610797267928179,101,depth,"[65000.63,65000.729999999996,65000.83,65000.93,65001.03,65001.13,65001.229999999996,65001.33,65001.43,65001.53]",65000.63,"[0.001,0.002,0.003,0.004,0.005,0.006,0.007,0.008,0.009000000000000001,0.01]",0.001,"[65000.43,65000.33,65000.229999999996,65000.13,65000.03,64999.93,64999.83,64999.729999999996,64999.63,64999.53]",65000.43,"[0.001,0.002,0.003,0.004,0.005,0.006,0.007,0.008,0.009000000000000001,0.01]",0.001,4453,mock,InstrumentType.Spot,615313424,mock,BTC-USDT
2199944884,0,0,1783610797268228152,101,depth,"[65000.64,65000.74,65000.840000000004,65000.94,65001.04,65001.14,65001.24,65001.340000000004,65001.44,65001.54]",65000.64,"[0.001,0.002,0.003,0.004,0.005,0.006,0.007,0.008,0.009000000000000001,0.01]",0.001,"[65000.44,65000.340000000004,65000.24,65000.14,65000.04,64999.94,64999.840000000004,64999.74,64999.64,64999.54]",65000.44,"[0.001,0.002,0.003,0.004,0.005,0.006,0.007,0.008,0.009000000000000001,0.01]",0.001,4454,mock,InstrumentType.Spot,615313984,mock,BTC-USDT
2199944884,0,0,1783610797268528074,101,depth,"[65000.65,65000.75,65000.850000000006,65000.950000000004,65001.05,65001.15,65001.25,65001.350000000006,65001.450000000004,65001.55]",65000.65,"[0.001,0.002,0.003,0.004,0.005,0.006,0.007,0.008,0.009000000000000001,0.01]",0.001,"[65000.450000000004,65000.350000000006,65000.25,65000.15,65000.05,64999.950000000004,64999.850000000006,64999.75,64999.65,64999.55]",65000.450000000004,"[0.001,0.002,0.003,0.004,0.005,0.006,0.007,0.008,0.009000000000000001,0.01]",0.001,4455,mock,InstrumentType.Spot,615314544,mock,BTC-USDT
2199944884,0,0,1783610797268828435,101,depth,"[65000.659999999996,65000.759999999995,65000.86,65000.96,65001.06,65001.159999999996,65001.259999999995,65001.36,65001.46,65001.56]",65000.659999999996,"[0.001,0.002,0.003,0.004,0.005,0.006,0.007,0.008,0.009000000000000001,0.01]",0.001,"[65000.46,65000.36,65000.259999999995,65000.159999999996,65000.06,64999.96,64999.86,64999.759999999995,64999.659999999996,64999.56]",65000.46,"[0.001,0.002,0.003,0.004,0.005,0.006,0.007,0.008,0.009000000000000001,0.01]",0.001,4456,mock,InstrumentType.Spot,615315104,mock,BTC-USDT
2199944884,0,0,1783610797269128430,101,depth,"[65000.67,65000.77,65000.87,65000.97,65001.07,65001.17,65001.27,65001.37,65001.47,65001.57]",65000.67,"[0.001,0.002,0.003,0.004,0.005,0.006,0.007,0.008,0.009000000000000001,0.01]",0.001,"[65000.47,65000.37,65000.27,65000.17,65000.07,64999.97,64999.87,64999.77,64999.67,64999.57]",65000.47,"[0.001,0.002,0.003,0.004,0.005,0.006,0.007,0.008,0.009000000000000001,0.01]",0.001,4457,mock,InstrumentType.Spot,615315664,mock,BTC-USDT
2199944884,0,0,1783610797269428497,101,depth,"[65000.68,65000.78,65000.880000000005,65000.98,65001.08,65001.18,65001.28,65001.380000000005,65001.48,65001.58]",65000.68,"[0.001,0.002,0.003,0.004,0.005,0.006,0.007,0.008,0.009000000000000001,0.01]",0.001,"[65000.48,65000.380000000005,65000.28,65000.18,65000.08,64999.98,64999.880000000005,64999.78,64999.68,64999.58]",65000.48,"[0.001,0.002,0.003,0.004,0.005,0.006,0.007,0.008,0.009000000000000001,0.01]",0.001,4458,mock,InstrumentType.Spot,615316224,mock,BTC-USDT
2199944884,0,0,1783610797269737847,101,depth,"[65000.689999999995,65000.78999999999,65000.89,65000.99,65001.09,65001.189999999995,65001.28999999999,65001.39,65001.49,65001.59]",65000.689999999995,"[0.001,0.002,0.003,0.004,0.005,0.006,0.007,0.008,0.009000000000000001,0.01]",0.001,"[65000.49,65000.39,65000.28999999999,65000.189999999995,65000.09,64999.99,64999.89,64999.78999999999,64999.689999999995,64999.59]",65000.49,"[0.001,0.002,0.003,0.004,0.005,0.006,0.007,0.008,0.009000000000000001,0.01]",0.001,4459,mock,InstrumentType.Spot,615316784,mock,BTC-USDT
2199944884,0,0,1783610797270028926,101,depth,"[65000.7,65000.799999999996,65000.9,65001.0,65001.1,65001.2,65001.299999999996,65001.4,65001.5,65001.6]",65000.7,"[0.001,0.002,0.003,0.004,0.005,0.006,0.007,0.008,0.009000000000000001,0.01]",0.001,"[65000.5,65000.4,65000.299999999996,65000.2,65000.1,65000.0,64999.9,64999.799999999996,64999.7,64999.6]",65000.5,"[0.001,0.002,0.003,0.004,0.005,0.006,0.007,0.008,0.009000000000000001,0.01]",0.001,4460,mock,InstrumentType.Spot,615317344,mock,BTC-USDT
2199944884,0,0,1783610797270328658,101,depth,"[65000.71,65000.81,65000.91,65001.01,65001.11,65001.21,65001.31,65001.41,65001.51,65001.61]",65000.71,"[0.001,0.002,0.003,0.004,0.005,0.006,0.007,0.008,0.009000000000000001,0.01]",0.001,"[65000.51,65000.41,65000.31,65000.21,65000.11,65000.01,64999.91,64999.81,64999.71,64999.61]",65000.51,"[0.001,0.002,0.003,0.004,0.005,0.006,0.007,0.008,0.009000000000000001,0.01]",0.001,4461,mock,InstrumentType.Spot,615317904,mock,BTC-USDT
2199944884,0,0,1783610797270629236,101,depth,"[65000.72,65000.82,65000.920000000006,65001.020000000004,65001.12,65001.22,65001.32,65001.420000000006,65001.520000000004,65001.62]",65000.72,"[0.001,0.002,0.003,0.004,0.005,0.006,0.007,0.008,0.009000000000000001,0.01]",0.001,"[65000.520000000004,65000.420000000006,65000.32,65000.22,65000.12,65000.020000000004,64999.920000000006,64999.82,64999.72,64999.62]",65000.520000000004,"[0.001,0.002,0.003,0.004,0.005,0.006,0.007,0.008,0.009000000000000001,0.01]",0.001,4462,mock,InstrumentType.Spot,615318464,mock,BTC-USDT
2199944884,0,0,1783610797270929136,101,depth,"[65000.729999999996,65000.829999999994,65000.93,65001.03,65001.13,65001.229999999996,65001.329999999994,65001.43,65001.53,65001.63]",65000.729999999996,"[0.001,0.002,0.003,0.004,0.005,0.006,0.007,0.008,0.009000000000000001,0.01]",0.001,"[65000.53,65000.43,65000.329999999994,65000.229999999996,65000.13,65000.03,64999.93,64999.829999999994,64999.729999999996,64999.63]",65000.53,"[0.001,0.002,0.003,0.004,0.005,0.006,0.007,0.008,0.009000000000000001,0.01]",0.001,4463,mock,InstrumentType.Spot,615319024,mock,BTC-USDT
2199944884,0,0,1783610797271229548,101,depth,"[65000.74,65000.84,65000.94,65001.04,65001.14,65001.24,65001.34,65001.44,65001.54,65001.64]",65000.74,"[0.001,0.002,0.003,0.004,0.005,0.006,0.007,0.008,0.009000000000000001,0.01]",0.001,"[65000.54,65000.44,65000.34,65000.24,65000.14,65000.04,64999.94,64999.84,64999.74,64999.64]",65000.54,"[0.001,0.002,0.003,0.004,0.005,0.006,0.007,0.008,0.009000000000000001,0.01]",0.001,4464,mock,InstrumentType.Spot,615319584,mock,BTC-USDT
2199944884,0,0,1783610797271529182,101,depth,"[65000.75,65000.85,65000.950000000004,65001.05,65001.15,65001.25,65001.35,65001.450000000004,65001.55,65001.65]",65000.75,"[0.001,0.002,0.003,0.004,0.005,0.006,0.007,0.008,0.009000000000000001,0.01]",0.001,"[65000.55,65000.450000000004,65000.35,65000.25,65000.15,65000.05,64999.950000000004,64999.85,64999.75,64999.65]",65000.55,"[0.001,0.002,0.003,0.004,0.005,0.006,0.007,0.008,0.009000000000000001,0.01]",0.001,4465,mock,InstrumentType.Spot,615320144,mock,BTC-USDT
2199944884,0,0,1783610797271828814,101,depth,"[65000.76,65000.86,65000.96000000001,65001.060000000005,65001.16,65001.26,65001.36,65001.46000000001,65001.560000000005,65001.66]",65000.76,"[0.001,0.002,0.003,0.004,0.005,0.006,0.007,0.008,0.009000000000000001,0.01]",0.001,"[65000.560000000005,65000.46000000001,65000.36,65000.26,65000.16,65000.060000000005,64999.96000000001,64999.86,64999.76,64999.66]",65000.560000000005,"[0.001,0.002,0.003,0.004,0.005,0.006,0.007,0.008,0.009000000000000001,0.01]",0.001,4466,mock,InstrumentType.Spot,615320704,mock,BTC-USDT
2199944884,0,0,1783610797272128916,101,depth,"[65000.77,65000.869999999995,65000.97,65001.07,65001.17,65001.27,65001.369999999995,65001.47,65001.57,65001.67]",65000.77,"[0.001,0.002,0.003,0.004,0.005,0.006,0.007,0.008,0.009000000000000001,0.01]",0.001,"[65000.57,65000.47,65000.369999999995,65000.27,65000.17,65000.07,64999.97,64999.869999999995,64999.77,64999.67]",65000.57,"[0.001,0.002,0.003,0.004,0.005,0.006,0.007,0.008,0.009000000000000001,0.01]",0.001,4467,mock,InstrumentType.Spot,615321264,mock,BTC-USDT
2199944884,0,0,1783610797272428861,101,depth,"[65000.78,65000.88,65000.98,65001.08,65001.18,65001.28,65001.38,65001.48,65001.58,65001.68]",65000.78,"[0.001,0.002,0.003,0.004,0.005,0.006,0.007,0.008,0.009000000000000001,0.01]",0.001,"[65000.58,65000.48,65000.38,65000.28,65000.18,65000.08,64999.98,64999.88,64999.78,64999.68]",65000.58,"[0.001,0.002,0.003,0.004,0.005,0.006,0.007,0.008,0.009000000000000001,0.01]",0.001,4468,mock,InstrumentType.Spot,615321824,mock,BTC-USDT
2199944884,0,0,1783610797272734677,101,depth,"[65000.79,65000.89,65000.990000000005,65001.090000000004,65001.19,65001.29,65001.39,65001.490000000005,65001.590000000004,65001.69]",65000.79,"[0.001,0.002,0.003,0.004,0.005,0.006,0.007,0.008,0.009000000000000001,0.01]",0.001,"[65000.590000000004,65000.490000000005,65000.39,65000.29,65000.19,65000.090000000004,64999.990000000005,64999.89,64999.79,64999.69]",65000.590000000004,"[0.001,0.002,0.003,0.004,0.005,0.006,0.007,0.008,0.009000000000000001,0.01]",0.001,4469,mock,InstrumentType.Spot,615322384,mock,BTC-USDT
2199944884,0,0,1783610797273028732,101,depth,"[65000.799999999996,65000.899999999994,65001.0,65001.1,65001.2,65001.299999999996,65001.399999999994,65001.5,65001.6,65001.7]",65000.799999999996,"[0.001,0.002,0.003,0.004,0.005,0.006,0.007,0.008,0.009000000000000001,0.01]",0.001,"[65000.6,65000.5,65000.399999999994,65000.299999999996,65000.2,65000.1,65000.0,64999.899999999994,64999.799999999996,64999.7]",65000.6,"[0.001,0.002,0.003,0.004,0.005,0.006,0.007,0.008,0.009000000000000001,0.01]",0.001,4470,mock,InstrumentType.Spot,615322944,mock,BTC-USDT
2199944884,0,0,1783610797273328520,101,depth,"[65000.81,65000.909999999996,65001.01,65001.11,65001.21,65001.31,65001.409999999996,65001.51,65001.61,65001.71]",65000.81,"[0.001,0.002,0.003,0.004,0.005,0.006,0.007,0.008,0.009000000000000001,0.01]",0.001,"[65000.61,65000.51,65000.409999999996,65000.31,65000.21,65000.11,65000.01,64999.909999999996,64999.81,64999.71]",65000.61,"[0.001,0.002,0.003,0.004,0.005,0.006,0.007,0.008,0.009000000000000001,0.01]",0.001,4471,mock,InstrumentType.Spot,615323504,mock,BTC-USDT
2199944884,0,0,1783610797273628863,101,depth,"[65000.82,65000.92,65001.020000000004,65001.12,65001.22,65001.32,65001.42,65001.520000000004,65001.62,65001.72]",65000.82,"[0.001,0.002,0.003,0.004,0.005,0.006,0.007,0.008,0.009000000000000001,0.01]",0.001,"[65000.62,65000.520000000004,65000.42,65000.32,65000.22,65000.12,65000.020000000004,64999.92,64999.82,64999.72]",65000.62,"[0.001,0.002,0.003,0.004,0.005,0.006,0.007,0.008,0.009000000000000001,0.01]",0.001,4472,mock,InstrumentType.Spot,615324064,mock,BTC-USDT
2199944884,0,0,1783610797273928759,101,depth,"[65000.83,65000.93,65001.030000000006,65001.130000000005,65001.23,65001.33,65001.43,65001.530000000006,65001.630000000005,65001.73]",65000.83,"[0.001,0.002,0.003,0.004,0.005,0.006,0.007,0.008,0.009000000000000001,0.01]",0.001,"[65000.630000000005,65000.530000000006,65000.43,65000.33,65000.23,65000.130000000005,65000.030000000006,64999.93,64999.83,64999.73]",65000.630000000005,"[0.001,0.002,0.003,0.004,0.005,0.006,0.007,0.008,0.009000000000000001,0.01]",0.001,4473,mock,InstrumentType.Spot,615324624,mock,BTC-USDT
2199944884,0,0,1783610797274257845,101,depth,"[65000.84,65000.939999999995,65001.04,65001.14,65001.24,65001.34,65001.439999999995,65001.54,65001.64,65001.74]",65000.84,"[0.001,0.002,0.003,0.004,0.005,0.006,0.007,0.008,0.009000000000000001,0.01]",0.001,"[65000.64,65000.54,65000.439999999995,65000.34,65000.24,65000.14,65000.04,64999.939999999995,64999.84,64999.74]",65000.64,"[0.001,0.002,0.003,0.004,0.005,0.006,0.007,0.008,0.009000000000000001,0.01]",0.001,4474,mock,InstrumentType.Spot,615325184,mock,BTC-USDT
2199944884,0,0,1783610797274528918,101,depth,"[65000.85,65000.95,65001.05,65001.15,65001.25,65001.35,65001.45,65001.55,65001.65,65001.75]",65000.85,"[0.001,0.002,0.003,0.004,0.005,0.006,0.007,0.008,0.009000000000000001,0.01]",0.001,"[65000.65,65000.55,65000.45,65000.35,65000.25,65000.15,65000.05,64999.95,64999.85,64999.75]",65000.65,"[0.001,0.002,0.003,0.004,0.005,0.006,0.007,0.008,0.009000000000000001,0.01]",0.001,4475,mock,InstrumentType.Spot,615325744,mock,BTC-USDT
2199944884,0,0,1783610797274829458,101,depth,"[65000.86,65000.96,65001.060000000005,65001.16,65001.26,65001.36,65001.46,65001.560000000005,65001.66,65001.76]",65000.86,"[0.001,0.002,0.003,0.004,0.005,0.006,0.007,0.008,0.009000000000000001,0.01]",0.001,"[65000.66,65000.560000000005,65000.46,65000.36,65000.26,65000.16,65000.060000000005,64999.96,64999.86,64999.76]",65000.66,"[0.001,0.002,0.003,0.004,0.005,0.006,0.007,0.008,0.009000000000000001,0.01]",0.001,4476,mock,InstrumentType.Spot,615326304,mock,BTC-USDT
2199944884,0,0,1783610797275129488,101,depth,"[65000.869999999995,65000.969999999994,65001.07,65001.17,65001.27,65001.369999999995,65001.469999999994,65001.57,65001.67,65001.77]",65000.869999999995,"[0.001,0.002,0.003,0.004,0.005,0.006,0.007,0.008,0.009000000000000001,0.01]",0.001,"[65000.67,65000.57,65000.469999999994,65000.369999999995,65000.27,65000.17,65000.07,64999.969999999994,64999.869999999995,64999.77]",65000.67,"[0.001,0.002,0.003,0.004,0.005,0.006,0.007,0.008,0.009000000000000001,0.01]",0.001,4477,mock,InstrumentType.Spot,615326864,mock,BTC-USDT
2199944884,0,0,1783610797275441079,101,depth,"[65000.88,65000.979999999996,65001.08,65001.18,65001.28,65001.38,65001.479999999996,65001.58,65001.68,65001.78]",65000.88,"[0.001,0.002,0.003,0.004,0.005,0.006,0.007,0.008,0.009000000000000001,0.01]",0.001,"[65000.68,65000.58,65000.479999999996,65000.38,65000.28,65000.18,65000.08,64999.979999999996,64999.88,64999.78]",65000.68,"[0.001,0.002,0.003,0.004,0.005,0.006,0.007,0.008,0.009000000000000001,0.01]",0.001,4478,mock,InstrumentType.Spot,615327424,mock,BTC-USDT
2199944884,0,0,1783610797275729383,101,depth,"[65000.89,65000.99,65001.090000000004,65001.19,65001.29,65001.39,65001.49,65001.590000000004,65001.69,65001.79]",65000.89,"[0.001,0.002,0.003,0.004,0.005,0.006,0.007,0.008,0.009000000000000001,0.01]",0.001,"[65000.69,65000.590000000004,65000.49,65000.39,65000.29,65000.19,65000.090000000004,64999.99,64999.89,64999.79]",65000.69,"[0.001,0.002,0.003,0.004,0.005,0.006,0.007,0.008,0.009000000000000001,0.01]",0.001,4479,mock,InstrumentType.Spot,615327984,mock,BTC-USDT
2199944884,0,0,1783610797276028984,101,depth,"[65000.9,65001.0,65001.100000000006,65001.200000000004,65001.3,65001.4,65001.5,65001.600000000006,65001.700000000004,65001.8]",65000.9,"[0.001,0.002,0.003,0.004,0.005,0.006,0.007,0.008,0.009000000000000001,0.01]",0.001,"[65000.700000000004,65000.600000000006,65000.5,65000.4,65000.3,65000.200000000004,65000.100000000006,65000.0,64999.9,64999.8]",65000.700000000004,"[0.001,0.002,0.003,0.004,0.005,0.006,0.007,0.008,0.009000000000000001,0.01]",0.001,4480,mock,InstrumentType.Spot,615328544,mock,BTC-USDT
2199944884,0,0,1783610797276330905,101,depth,"[65000.909999999996,65001.009999999995,65001.11,65001.21,65001.31,65001.409999999996,65001.509999999995,65001.61,65001.71,65001.81]",65000.909999999996,"[0.001,0.002,0.003,0.004,0.005,0.006,0.007,0.008,0.009000000000000001,0.01]",0.001,"[65000.71,65000.61,65000.509999999995,65000.409999999996,65000.31,65000.21,65000.11,65000.009999999995,64999.909999999996,64999.81]",65000.71,"[0.001,0.002,0.003,0.004,0.005,0.006,0.007,0.008,0.009000000000000001,0.01]",0.001,4481,mock,InstrumentType.Spot,615329104,mock,BTC-USDT
2199944884,0,0,1783610797276631283,101,depth,"[65000.92,65001.02,65001.12,65001.22,65001.32,65001.42,65001.52,65001.62,65001.72,65001.82]",65000.92,"[0.001,0.002,0.003,0.004,0.005,0.006,0.007,0.008,0.009000000000000001,0.01]",0.001,"[65000.72,65000.62,65000.52,65000.42,65000.32,65000.22,65000.12,65000.02,64999.92,64999.82]",65000.72,"[0.001,0.002,0.003,0.004,0.005,0.006,0.007,0.008,0.009000000000000001,0.01]",0.001,4482,mock,InstrumentType.Spot,615329664,mock,BTC-USDT
2199944884,0,0,1783610797276931053,101,depth,"[65000.93,65001.03,65001.130000000005,65001.23,65001.33,65001.43,65001.53,65001.630000000005,65001.73,65001.83]",65000.93,"[0.001,0.002,0.003,0.004,0.005,0.006,0.007,0.008,0.009000000000000001,0.01]",0.001,"[65000.73,65000.630000000005,65000.53,65000.43,65000.33,65000.23,65000.130000000005,65000.03,64999.93,64999.83]",65000.73,"[0.001,0.002,0.003,0.004,0.005,0.006,0.007,0.008,0.009000000000000001,0.01]",0.001,4483,mock,InstrumentType.Spot,615330224,mock,BTC-USDT
2199944884,0,0,1783610797277229064,101,depth,"[65000.939999999995,65001.03999999999,65001.14,65001.24,65001.34,65001.439999999995,65001.53999999999,65001.64,65001.74,65001.84]",65000.939999999995,"[0.001,0.002,0.003,0.004,0.005,0.006,0.007,0.008,0.009000000000000001,0.01]",0.001,"[65000.74,65000.64,65000.53999999999,65000.439999999995,65000.34,65000.24,65000.14,65000.03999999999,64999.939999999995,64999.84]",65000.74,"[0.001,0.002,0.003,0.004,0.005,0.006,0.007,0.008,0.009000000000000001,0.01]",0.001,4484,mock,InstrumentType.Spot,615330784,mock,BTC-USDT
2199944884,0,0,1783610797277528829,101,depth,"[65000.95,65001.049999999996,65001.15,65001.25,65001.35,65001.45,65001.549999999996,65001.65,65001.75,65001.85]",65000.95,"[0.001,0.002,0.003,0.004,0.005,0.006,0.007,0.008,0.009000000000000001,0.01]",0.001,"[65000.75,65000.65,65000.549999999996,65000.45,65000.35,65000.25,65000.15,65000.049999999996,64999.95,64999.85]",65000.75,"[0.001,0.002,0.003,0.004,0.005,0.006,0.007,0.008,0.009000000000000001,0.01]",0.001,4485,mock,InstrumentType.Spot,615331344,mock,BTC-USDT
2199944884,0,0,1783610797277828528,101,depth,"[65000.96,65001.06,65001.16,65001.26,65001.36,65001.46,65001.56,65001.66,65001.76,65001.86]",65000.96,"[0.001,0.002,0.003,0.004,0.005,0.006,0.007,0.008,0.009000000000000001,0.01]",0.001,"[65000.76,65000.66,65000.56,65000.46,65000.36,65000.26,65000.16,65000.06,64999.96,64999.86]",65000.76,"[0.001,0.002,0.003,0.004,0.005,0.006,0.007,0.008,0.009000000000000001,0.01]",0.001,4486,mock,InstrumentType.Spot,615331904,mock,BTC-USDT
2199944884,0,0,1783610797278128484,101,depth,"[65000.97,65001.07,65001.170000000006,65001.270000000004,65001.37,65001.47,65001.57,65001.670000000006,65001.770000000004,65001.87]",65000.97,"[0.001,0.002,0.003,0.004,0.005,0.006,0.007,0.008,0.009000000000000001,0.01]",0.001,"[65000.770000000004,65000.670000000006,65000.57,65000.47,65000.37,65000.270000000004,65000.170000000006,65000.07,64999.97,64999.87]",65000.770000000004,"[0.001,0.002,0.003,0.004,0.005,0.006,0.007,0.008,0.009000000000000001,0.01]",0.001,4487,mock,InstrumentType.Spot,615332464,mock,BTC-USDT
2199944884,0,0,1783610797278445296,101,depth,"[65000.979999999996,65001.079999999994,65001.18,65001.28,65001.38,65001.479999999996,65001.579999999994,65001.68,65001.78,65001.88]",65000.979999999996,"[0.001,0.002,0.003,0.004,0.005,0.006,0.007,0.008,0.009000000000000001,0.01]",0.001,"[65000.78,65000.68,65000.579999999994,65000.479999999996,65000.38,65000.28,65000.18,65000.079999999994,64999.979999999996,64999.88]",65000.78,"[0.001,0.002,0.003,0.004,0.005,0.006,0.007,0.008,0.009000000000000001,0.01]",0.001,4488,mock,InstrumentType.Spot,615333024,mock,BTC-USDT
2199944884,0,0,1783610797278728518,101,depth,"[65000.99,65001.09,65001.19,65001.29,65001.39,65001.49,65001.59,65001.69,65001.79,65001.89]",65000.99,"[0.001,0.002,0.003,0.004,0.005,0.006,0.007,0.008,0.009000000000000001,0.01]",0.001,"[65000.79,65000.69,65000.59,65000.49,65000.39,65000.29,65000.19,65000.09,64999.99,64999.89]",65000.79,"[0.001,0.002,0.003,0.004,0.005,0.006,0.007,0.008,0.009000000000000001,0.01]",0.001,4489,mock,InstrumentType.Spot,615333584,mock,BTC-USDT
2199944884,0,0,1783610797279028154,101,depth,"[65001.0,65001.1,65001.200000000004,65001.3,65001.4,65001.5,65001.6,65001.700000000004,65001.8,65001.9]",65001.0,"[0.001,0.002,0.003,0.004,0.005,0.006,0.007,0.008,0.009000000000000001,0.01]",0.001,"[65000.8,65000.700000000004,65000.6,65000.5,65000.4,65000.3,65000.200000000004,65000.1,65000.0,64999.9]",65000.8,"[0.001,0.002,0.003,0.004,0.005,0.006,0.007,0.008,0.009000000000000001,0.01]",0.001,4490,mock,InstrumentType.Spot,615334144,mock,BTC-USDT
2199944884,0,0,1783610797279328099,101,depth,"[65001.01,65001.11,65001.21000000001,65001.310000000005,65001.41,65001.51,65001.61,65001.71000000001,65001.810000000005,65001.91]",65001.01,"[0.001,0.002,0.003,0.004,0.005,0.006,0.007,0.008,0.009000000000000001,0.01]",0.001,"[65000.810000000005,65000.71000000001,65000.61,65000.51,65000.41,65000.310000000005,65000.21000000001,65000.11,65000.01,64999.91]",65000.810000000005,"[0.001,0.002,0.003,0.004,0.005,0.006,0.007,0.008,0.009000000000000001,0.01]",0.001,4491,mock,InstrumentType.Spot,615334704,mock,BTC-USDT
2199944884,0,0,1783610797279628094,101,depth,"[65001.02,65001.119999999995,65001.22,65001.32,65001.42,65001.52,65001.619999999995,65001.72,65001.82,65001.92]",65001.02,"[0.001,0.002,0.003,0.004,0.005,0.006,0.007,0.008,0.009000000000000001,0.01]",0.001,"[65000.82,65000.72,65000.619999999995,65000.52,65000.42,65000.32,65000.22,65000.119999999995,65000.02,64999.92]",65000.82,"[0.001,0.002,0.003,0.004,0.005,0.006,0.007,0.008,0.009000000000000001,0.01]",0.001,4492,mock,InstrumentType.Spot,615335264,mock,BTC-USDT
2199944884,0,0,1783610797279927968,101,depth,"[65001.03,65001.13,65001.23,65001.33,65001.43,65001.53,65001.63,65001.73,65001.83,65001.93]",65001.03,"[0.001,0.002,0.003,0.004,0.005,0.006,0.007,0.008,0.009000000000000001,0.01]",0.001,"[65000.83,65000.73,65000.63,65000.53,65000.43,65000.33,65000.23,65000.13,65000.03,64999.93]",65000.83,"[0.001,0.002,0.003,0.004,0.005,0.006,0.007,0.008,0.009000000000000001,0.01]",0.001,4493,mock,InstrumentType.Spot,615335824,mock,BTC-USDT
2199944884,0,0,1783610797280229608,101,depth,"[65001.04,65001.14,65001.240000000005,65001.340000000004,65001.44,65001.54,65001.64,65001.740000000005,65001.840000000004,65001.94]",65001.04,"[0.001,0.002,0.003,0.004,0.005,0.006,0.007,0.008,0.009000000000000001,0.01]",0.001,"[65000.840000000004,65000.740000000005,65000.64,65000.54,65000.44,65000.340000000004,65000.240000000005,65000.14,65000.04,64999.94]",65000.840000000004,"[0.001,0.002,0.003,0.004,0.005,0.006,0.007,0.008,0.009000000000000001,0.01]",0.001,4494,mock,InstrumentType.Spot,615336384,mock,BTC-USDT
2199944884,0,0,1783610797280527887,101,depth,"[65001.049999999996,65001.149999999994,65001.25,65001.35,65001.45,65001.549999999996,65001.649999999994,65001.75,65001.85,65001.95]",65001.049999999996,"[0.001,0.002,0.003,0.004,0.005,0.006,0.007,0.008,0.009000000000000001,0.01]",0.001,"[65000.85,65000.75,65000.649999999994,65000.549999999996,65000.45,65000.35,65000.25,65000.149999999994,65000.049999999996,64999.95]",65000.85,"[0.001,0.002,0.003,0.004,0.005,0.006,0.007,0.008,0.009000000000000001,0.01]",0.001,4495,mock,InstrumentType.Spot,615336944,mock,BTC-USDT
2199944884,0,0,1783610797280827967,101,depth,"[65001.06,65001.159999999996,65001.26,65001.36,65001.46,65001.56,65001.659999999996,65001.76,65001.86,65001.96]",65001.06,"[0.001,0.002,0.003,0.004,0.005,0.006,0.007,0.008,0.009000000000000001,0.01]",0.001,"[65000.86,65000.76,65000.659999999996,65000.56,65000.46,65000.36,65000.26,65000.159999999996,65000.06,64999.96]",65000.86,"[0.001,0.002,0.003,0.004,0.005,0.006,0.007,0.008,0.009000000000000001,0.01]",0.001,4496,mock,InstrumentType.Spot,615337504,mock,BTC-USDT
2199944884,0,0,1783610797281134365,101,depth,"[65001.07,65001.17,65001.270000000004,65001.37,65001.47,65001.57,65001.67,65001.770000000004,65001.87,65001.97]",65001.07,"[0.001,0.002,0.003,0.004,0.005,0.006,0.007,0.008,0.009000000000000001,0.01]",0.001,"[65000.87,65000.770000000004,65000.67,65000.57,65000.47,65000.37,65000.270000000004,65000.17,65000.07,64999.97]",65000.87,"[0.001,0.002,0.003,0.004,0.005,0.006,0.007,0.008,0.009000000000000001,0.01]",0.001,4497,mock,InstrumentType.Spot,615338064,mock,BTC-USDT
2199944884,0,0,1783610797281428009,101,depth,"[65001.08,65001.18,65001.280000000006,65001.380000000005,65001.48,65001.58,65001.68,65001.780000000006,65001.880000000005,65001.98]",65001.08,"[0.001,0.002,0.003,0.004,0.005,0.006,0.007,0.008,0.009000000000000001,0.01]",0.001,"[65000.880000000005,65000.780000000006,65000.68,65000.58,65000.48,65000.380000000005,65000.280000000006,65000.18,65000.08,64999.98]",65000.880000000005,"[0.001,0.002,0.003,0.004,0.005,0.006,0.007,0.008,0.009000000000000001,0.01]",0.001,4498,mock,InstrumentType.Spot,615338624,mock,BTC-USDT
2199944884,0,0,1783610797281727820,101,depth,"[65001.09,65001.189999999995,65001.29,65001.39,65001.49,65001.59,65001.689999999995,65001.79,65001.89,65001.99]",65001.09,"[0.001,0.002,0.003,0.004,0.005,0.006,0.007,0.008,0.009000000000000001,0.01]",0.001,"[65000.89,65000.79,65000.689999999995,65000.59,65000.49,65000.39,65000.29,65000.189999999995,65000.09,64999.99]",65000.89,"[0.001,0.002,0.003,0.004,0.005,0.006,0.007,0.008,0.009000000000000001,0.01]",0.001,4499,mock,InstrumentType.Spot,615339184,mock,BTC-USDT
2199944884,0,0,1783610797282028012,101,depth,"[65000.1,65000.2,65000.3,65000.4,65000.5,65000.6,65000.7,65000.8,65000.9,65001.0]",65000.1,"[0.001,0.002,0.003,0.004,0.005,0.006,0.007,0.008,0.009000000000000001,0.01]",0.001,"[64999.9,64999.8,64999.7,64999.6,64999.5,64999.4,64999.3,64999.2,64999.1,64999.0]",64999.9,"[0.001,0.002,0.003,0.004,0.005,0.006,0.007,0.008,0.009000000000000001,0.01]",0.001,4500,mock,InstrumentType.Spot,615339744,mock,BTC-USDT
2199944884,0,0,1783610797282327902,101,depth,"[65000.11,65000.21,65000.310000000005,65000.41,65000.51,65000.61,65000.71,65000.810000000005,65000.91,65001.01]",65000.11,"[0.001,0.002,0.003,0.004,0.005,0.006,0.007,0.008,0.009000000000000001,0.01]",0.001,"[64999.91,64999.810000000005,64999.71,64999.61,64999.51,64999.41,64999.310000000005,64999.21,64999.11,64999.01]",64999.91,"[0.001,0.002,0.003,0.004,0.005,0.006,0.007,0.008,0.009000000000000001,0.01]",0.001,4501,mock,InstrumentType.Spot,615340304,mock,BTC-USDT
2199944884,0,0,1783610797282627987,101,depth,"[65000.119999999995,65000.219999999994,65000.32,65000.42,65000.52,65000.619999999995,65000.719999999994,65000.82,65000.92,65001.02]",65000.119999999995,"[0.001,0.002,0.003,0.004,0.005,0.006,0.007,0.008,0.009000000000000001,0.01]",0.001,"[64999.92,64999.82,64999.719999999994,64999.619999999995,64999.52,64999.42,64999.32,64999.219999999994,64999.119999999995,64999.02]",64999.92,"[0.001,0.002,0.003,0.004,0.005,0.006,0.007,0.008,0.009000000000000001,0.01]",0.001,4502,mock,InstrumentType.Spot,615340864,mock,BTC-USDT
2199944884,0,0,1783610797282927903,101,depth,"[65000.13,65000.229999999996,65000.33,65000.43,65000.53,65000.63,65000.729999999996,65000.83,65000.93,65001.03]",65000.13,"[0.001,0.002,0.003,0.004,0.005,0.006,0.007,0.008,0.009000000000000001,0.01]",0.001,"[64999.93,64999.83,64999.729999999996,64999.63,64999.53,64999.43,64999.33,64999.229999999996,64999.13,64999.03]",64999.93,"[0.001,0.002,0.003,0.004,0.005,0.006,0.007,0.008,0.009000000000000001,0.01]",0.001,4503,mock,InstrumentType.Spot,615341424,mock,BTC-USDT
2199944884,0,0,1783610797283227989,101,depth,"[65000.14,65000.24,65000.340000000004,65000.44,65000.54,65000.64,65000.74,65000.840000000004,65000.94,65001.04]",65000.14,"[0.001,0.002,0.003,0.004,0.005,0.006,0.007,0.008,0.009000000000000001,0.01]",0.001,"[64999.94,64999.840000000004,64999.74,64999.64,64999.54,64999.44,64999.340000000004,64999.24,64999.14,64999.04]",64999.94,"[0.001,0.002,0.003,0.004,0.005,0.006,0.007,0.008,0.009000000000000001,0.01]",0.001,4504,mock,InstrumentType.Spot,615341984,mock,BTC-USDT
2199944884,0,0,1783610797283527938,101,depth,"[65000.15,65000.25,65000.350000000006,65000.450000000004,65000.55,65000.65,65000.75,65000.850000000006,65000.950000000004,65001.05]",65000.15,"[0.001,0.002,0.003,0.004,0.005,0.006,0.007,0.008,0.009000000000000001,0.01]",0.001,"[64999.950000000004,64999.850000000006,64999.75,64999.65,64999.55,64999.450000000004,64999.350000000006,64999.25,64999.15,64999.05]",64999.950000000004,"[0.001,0.002,0.003,0.004,0.005,0.006,0.007,0.008,0.009000000000000001,0.01]",0.001,4505,mock,InstrumentType.Spot,615342544,mock,BTC-USDT
2199944884,0,0,1783610797283827914,101,depth,"[65000.159999999996,65000.259999999995,65000.36,65000.46,65000.56,65000.659999999996,65000.759999999995,65000.86,65000.96,65001.06]",65000.159999999996,"[0.001,0.002,0.003,0.004,0.005,0.006,0.007,0.008,0.009000000000000001,0.01]",0.001,"[64999.96,64999.86,64999.759999999995,64999.659999999996,64999.56,64999.46,64999.36,64999.259999999995,64999.159999999996,64999.06]",64999.96,"[0.001,0.002,0.003,0.004,0.005,0.006,0.007,0.008,0.009000000000000001,0.01]",0.001,4506,mock,InstrumentType.Spot,615343104,mock,BTC-USDT
2199944884,0,0,1783610797284133626,101,depth,"[65000.17,65000.27,65000.37,65000.47,65000.57,65000.67,65000.77,65000.87,65000.97,65001.07]",65000.17,"[0.001,0.002,0.003,0.004,0.005,0.006,0.007,0.008,0.009000000000000001,0.01]",0.001,"[64999.97,64999.87,64999.77,64999.67,64999.57,64999.47,64999.37,64999.27,64999.17,64999.07]",64999.97,"[0.001,0.002,0.003,0.004,0.005,0.006,0.007,0.008,0.009000000000000001,0.01]",0.001,4507,mock,InstrumentType.Spot,615343664,mock,BTC-USDT
2199944884,0,0,1783610797284427942,101,depth,"[65000.18,65000.28,65000.380000000005,65000.48,65000.58,65000.68,65000.78,65000.880000000005,65000.98,65001.08]",65000.18,"[0.001,0.002,0.003,0.004,0.005,0.006,0.007,0.008,0.009000000000000001,0.01]",0.001,"[64999.98,64999.880000000005,64999.78,64999.68,64999.58,64999.48,64999.380000000005,64999.28,64999.18,64999.08]",64999.98,"[0.001,0.002,0.003,0.004,0.005,0.006,0.007,0.008,0.009000000000000001,0.01]",0.001,4508,mock,InstrumentType.Spot,615344224,mock,BTC-USDT
2199944884,0,0,1783610797284727819,101,depth,"[65000.189999999995,65000.28999999999,65000.39,65000.49,65000.59,65000.689999999995,65000.78999999999,65000.89,65000.99,65001.09]",65000.189999999995,"[0.001,0.002,0.003,0.004,0.005,0.006,0.007,0.008,0.009000000000000001,0.01]",0.001,"[64999.99,64999.89,64999.78999999999,64999.689999999995,64999.59,64999.49,64999.39,64999.28999999999,64999.189999999995,64999.09]",64999.99,"[0.001,0.002,0.003,0.004,0.005,0.006,0.007,0.008,0.009000000000000001,0.01]",0.001,4509,mock,InstrumentType.Spot,615344784,mock,BTC-USDT
2199944884,0,0,1783610797285028010,101,depth,"[65000.2,65000.299999999996,65000.4,65000.5,65000.6,65000.7,65000.799999999996,65000.9,65001.0,65001.1]",65000.2,"[0.001,0.002,0.003,0.004,0.005,0.006,0.007,0.008,0.009000000000000001,0.01]",0.001,"[65000.0,64999.9,64999.799999999996,64999.7,64999.6,64999.5,64999.4,64999.299999999996,64999.2,64999.1]",65000.0,"[0.001,0.002,0.003,0.004,0.005,0.006,0.007,0.008,0.009000000000000001,0.01]",0.001,4510,mock,InstrumentType.Spot,615345344,mock,BTC-USDT
2199944884,0,0,1783610797285329658,101,depth,"[65000.21,65000.31,65000.41,65000.51,65000.61,65000.71,65000.81,65000.91,65001.01,65001.11]",65000.21,"[0.001,0.002,0.003,0.004,0.005,0.006,0.007,0.008,0.009000000000000001,0.01]",0.001,"[65000.01,64999.91,64999.81,64999.71,64999.61,64999.51,64999.41,64999.31,64999.21,64999.11]",65000.01,"[0.001,0.002,0.003,0.004,0.005,0.006,0.007,0.008,0.009000000000000001,0.01]",0.001,4511,mock,InstrumentType.Spot,615345904,mock,BTC-USDT
2199944884,0,0,1783610797285628063,101,depth,"[65000.22,65000.32,65000.420000000006,65000.520000000004,65000.62,65000.72,65000.82,65000.920000000006,65001.020000000004,65001.12]",65000.22,"[0.001,0.002,0.003,0.004,0.005,0.006,0.007,0.008,0.009000000000000001,0.01]",0.001,"[65000.020000000004,64999.920000000006,64999.82,64999.72,64999.62,64999.520000000004,64999.420000000006,64999.32,64999.22,64999.12]",65000.020000000004,"[0.001,0.002,0.003,0.004,0.005,0.006,0.007,0.008,0.009000000000000001,0.01]",0.001,4512,mock,InstrumentType.Spot,615346464,mock,BTC-USDT
2199944884,0,0,1783610797285927909,101,depth,"[65000.229999999996,65000.329999999994,65000.43,65000.53,65000.63,65000.729999999996,65000.829999999994,65000.93,65001.03,65001.13]",65000.229999999996,"[0.001,0.002,0.003,0.004,0.005,0.006,0.007,0.008,0.009000000000000001,0.01]",0.001,"[65000.03,64999.93,64999.829999999994,64999.729999999996,64999.63,64999.53,64999.43,64999.329999999994,64999.229999999996,64999.13]",65000.03,"[0.001,0.002,0.003,0.004,0.005,0.006,0.007,0.008,0.009000000000000001,0.01]",0.001,4513,mock,InstrumentType.Spot,615347024,mock,BTC-USDT
2199944884,0,0,1783610797286227985,101,depth,"[65000.24,65000.34,65000.44,65000.54,65000.64,65000.74,65000.84,65000.94,65001.04,65001.14]",65000.24,"[0.001,0.002,0.003,0.004,0.005,0.006,0.007,0.008,0.009000000000000001,0.01]",0.001,"[65000.04,64999.94,64999.84,64999.74,64999.64,64999.54,64999.44,64999.34,64999.24,64999.14]",65000.04,"[0.001,0.002,0.003,0.004,0.005,0.006,0.007,0.008,0.009000000000000001,0.01]",0.001,4514,mock,InstrumentType.Spot,615347584,mock,BTC-USDT
2199944884,0,0,1783610797286527958,101,depth,"[65000.25,65000.35,65000.450000000004,65000.55,65000.65,65000.75,65000.85,65000.950000000004,65001.05,65001.15]",65000.25,"[0.001,0.002,0.003,0.004,0.005,0.006,0.007,0.008,0.009000000000000001,0.01]",0.001,"[65000.05,64999.950000000004,64999.85,64999.75,64999.65,64999.55,64999.450000000004,64999.35,64999.25,64999.15]",65000.05,"[0.001,0.002,0.003,0.004,0.005,0.006,0.007,0.008,0.009000000000000001,0.01]",0.001,4515,mock,InstrumentType.Spot,615348144,mock,BTC-USDT
2199944884,0,0,1783610797286834005,101,depth,"[65000.26,65000.36,65000.46000000001,65000.560000000005,65000.66,65000.76,65000.86,65000.96000000001,65001.060000000005,65001.16]",65000.26,"[0.001,0.002,0.003,0.004,0.005,0.006,0.007,0.008,0.009000000000000001,0.01]",0.001,"[65000.060000000005,64999.96000000001,64999.86,64999.76,64999.66,64999.560000000005,64999.46000000001,64999.36,64999.26,64999.16]",65000.060000000005,"[0.001,0.002,0.003,0.004,0.005,0.006,0.007,0.008,0.009000000000000001,0.01]",0.001,4516,mock,InstrumentType.Spot,615348704,mock,BTC-USDT
2199944884,0,0,1783610797287127860,101,depth,"[65000.27,65000.369999999995,65000.47,65000.57,65000.67,65000.77,65000.869999999995,65000.97,65001.07,65001.17]",65000.27,"[0.001,0.002,0.003,0.004,0.005,0.006,0.007,0.008,0.009000000000000001,0.01]",0.001,"[65000.07,64999.97,64999.869999999995,64999.77,64999.67,64999.57,64999.47,64999.369999999995,64999.27,64999.17]",65000.07,"[0.001,0.002,0.003,0.004,0.005,0.006,0.007,0.008,0.009000000000000001,0.01]",0.001,4517,mock,InstrumentType.Spot,615349264,mock,BTC-USDT
2199944884,0,0,1783610797287427689,101,depth,"[65000.28,65000.38,65000.48,65000.58,65000.68,65000.78,65000.88,65000.98,65001.08,65001.18]",65000.28,"[0.001,0.002,0.003,0.004,0.005,0.006,0.007,0.008,0.009000000000000001,0.01]",0.001,"[65000.08,64999.98,64999.88,64999.78,64999.68,64999.58,64999.48,64999.38,64999.28,64999.18]",65000.08,"[0.001,0.002,0.003,0.004,0.005,0.006,0.007,0.008,0.009000000000000001,0.01]",0.001,4518,mock,InstrumentType.Spot,615349824,mock,BTC-USDT
2199944884,0,0,1783610797287727878,101,depth,"[65000.29,65000.39,65000.490000000005,65000.590000000004,65000.69,65000.79,65000.89,65000.990000000005,65001.090000000004,65001.19]",65000.29,"[0.001,0.002,0.003,0.004,0.005,0.006,0.007,0.008,0.009000000000000001,0.01]",0.001,"[65000.090000000004,64999.990000000005,64999.89,64999.79,64999.69,64999.590000000004,64999.490000000005,64999.39,64999.29,64999.19]",65000.090000000004,"[0.001,0.002,0.003,0.004,0.005,0.006,0.007,0.008,0.009000000000000001,0.01]",0.001,4519,mock,InstrumentType.Spot,615350384,mock,BTC-USDT
2199944884,0,0,1783610797288027942,101,depth,"[65000.299999999996,65000.399999999994,65000.5,65000.6,65000.7,65000.799999999996,65000.899999999994,65001.0,65001.1,65001.2]",65000.299999999996,"[0.001,0.002,0.003,0.004,0.005,0.006,0.007,0.008,0.009000000000000001,0.01]",0.001,"[65000.1,65000.0,64999.899999999994,64999.799999999996,64999.7,64999.6,64999.5,64999.399999999994,64999.299999999996,64999.2]",65000.1,"[0.001,0.002,0.003,0.004,0.005,0.006,0.007,0.008,0.009000000000000001,0.01]",0.001,4520,mock,InstrumentType.Spot,615350944,mock,BTC-USDT
2199944884,0,0,1783610797288327867,101,depth,"[65000.31,65000.409999999996,65000.51,65000.61,65000.71,65000.81,65000.909999999996,65001.01,65001.11,65001.21]",65000.31,"[0.001,0.002,0.003,0.004,0.005,0.006,0.007,0.008,0.009000000000000001,0.01]",0.001,"[65000.11,65000.01,64999.909999999996,64999.81,64999.71,64999.61,64999.51,64999.409999999996,64999.31,64999.21]",65000.11,"[0.001,0.002,0.003,0.004,0.005,0.006,0.007,0.008,0.009000000000000001,0.01]",0.001,4521,mock,InstrumentType.Spot,615351504,mock,BTC-USDT
2199944884,0,0,1783610797288627866,101,depth,"[65000.32,65000.42,65000.520000000004,65000.62,65000.72,65000.82,65000.92,65001.020000000004,65001.12,65001.22]",65000.32,"[0.001,0.002,0.003,0.004,0.005,0.006,0.007,0.008,0.009000000000000001,0.01]",0.001,"[65000.12,65000.020000000004,64999.92,64999.82,64999.72,64999.62,64999.520000000004,64999.42,64999.32,64999.22]",65000.12,"[0.001,0.002,0.003,0.004,0.005,0.006,0.007,0.008,0.009000000000000001,0.01]",0.001,4522,mock,InstrumentType.Spot,615352064,mock,BTC-USDT
2199944884,0,0,1783610797288927867,101,depth,"[65000.33,65000.43,65000.530000000006,65000.630000000005,65000.73,65000.83,65000.93,65001.030000000006,65001.130000000005,65001.23]",65000.33,"[0.001,0.002,0.003,0.004,0.005,0.006,0.007,0.008,0.009000000000000001,0.01]",0.001,"[65000.130000000005,65000.030000000006,64999.93,64999.83,64999.73,64999.630000000005,64999.530000000006,64999.43,64999.33,64999.23]",65000.130000000005,"[0.001,0.002,0.003,0.004,0.005,0.006,0.007,0.008,0.009000000000000001,0.01]",0.001,4523,mock,InstrumentType.Spot,615352624,mock,BTC-USDT
2199944884,0,0,1783610797289227997,101,depth,"[65000.34,65000.439999999995,65000.54,65000.64,65000.74,65000.84,65000.939999999995,65001.04,65001.14,65001.24]",65000.34,"[0.001,0.002,0.003,0.004,0.005,0.006,0.007,0.008,0.009000000000000001,0.01]",0.001,"[65000.14,65000.04,64999.939999999995,64999.84,64999.74,64999.64,64999.54,64999.439999999995,64999.34,64999.24]",65000.14,"[0.001,0.002,0.003,0.004,0.005,0.006,0.007,0.008,0.009000000000000001,0.01]",0.001,4524,mock,InstrumentType.Spot,615353184,mock,BTC-USDT
2199944884,0,0,1783610797289527851,101,depth,"[65000.35,65000.45,65000.55,65000.65,65000.75,65000.85,65000.95,65001.05,65001.15,65001.25]",65000.35,"[0.001,0.002,0.003,0.004,0.005,0.006,0.007,0.008,0.009000000000000001,0.01]",0.001,"[65000.15,65000.05,64999.95,64999.85,64999.75,64999.65,64999.55,64999.45,64999.35,64999.25]",65000.15,"[0.001,0.002,0.003,0.004,0.005,0.006,0.007,0.008,0.009000000000000001,0.01]",0.001,4525,mock,InstrumentType.Spot,615353744,mock,BTC-USDT
2199944884,0,0,1783610797289833392,101,depth,"[65000.36,65000.46,65000.560000000005,65000.66,65000.76,65000.86,65000.96,65001.060000000005,65001.16,65001.26]",65000.36,"[0.001,0.002,0.003,0.004,0.005,0.006,0.007,0.008,0.009000000000000001,0.01]",0.001,"[65000.16,65000.060000000005,64999.96,64999.86,64999.76,64999.66,64999.560000000005,64999.46,64999.36,64999.26]",65000.16,"[0.001,0.002,0.003,0.004,0.005,0.006,0.007,0.008,0.009000000000000001,0.01]",0.001,4526,mock,InstrumentType.Spot,615354304,mock,BTC-USDT
2199944884,0,0,1783610797290128058,101,depth,"[65000.369999999995,65000.469999999994,65000.57,65000.67,65000.77,65000.869999999995,65000.969999999994,65001.07,65001.17,65001.27]",65000.369999999995,"[0.001,0.002,0.003,0.004,0.005,0.006,0.007,0.008,0.009000000000000001,0.01]",0.001,"[65000.17,65000.07,64999.969999999994,64999.869999999995,64999.77,64999.67,64999.57,64999.469999999994,64999.369999999995,64999.27]",65000.17,"[0.001,0.002,0.003,0.004,0.005,0.006,0.007,0.008,0.009000000000000001,0.01]",0.001,4527,mock,InstrumentType.Spot,615354864,mock,BTC-USDT
2199944884,0,0,1783610797290427888,101,depth,"[65000.38,65000.479999999996,65000.58,65000.68,65000.78,65000.88,65000.979999999996,65001.08,65001.18,65001.28]",65000.38,"[0.001,0.002,0.003,0.004,0.005,0.006,0.007,0.008,0.009000000000000001,0.01]",0.001,"[65000.18,65000.08,64999.979999999996,64999.88,64999.78,64999.68,64999.58,64999.479999999996,64999.38,64999.28]",65000.18,"[0.001,0.002,0.003,0.004,0.005,0.006,0.007,0.008,0.009000000000000001,0.01]",0.001,4528,mock,InstrumentType.Spot,615355424,mock,BTC-USDT
2199944884,0,0,1783610797290727983,101,depth,"[65000.39,65000.49,65000.590000000004,65000.69,65000.79,65000.89,65000.99,65001.090000000004,65001.19,65001.29]",65000.39,"[0.001,0.002,0.003,0.004,0.005,0.006,0.007,0.008,0.009000000000000001,0.01]",0.001,"[65000.19,65000.090000000004,64999.99,64999.89,64999.79,64999.69,64999.590000000004,64999.49,64999.39,64999.29]",65000.19,"[0.001,0.002,0.003,0.004,0.005,0.006,0.007,0.008,0.009000000000000001,0.01]",0.001,4529,mock,InstrumentType.Spot,615355984,mock,BTC-USDT
2199944884,0,0,1783610797291028125,101,depth,"[65000.4,65000.5,65000.600000000006,65000.700000000004,65000.8,65000.9,65001.0,65001.100000000006,65001.200000000004,65001.3]",65000.4,"[0.001,0.002,0.003,0.004,0.005,0.006,0.007,0.008,0.009000000000000001,0.01]",0.001,"[65000.200000000004,65000.100000000006,65000.0,64999.9,64999.8,64999.700000000004,64999.600000000006,64999.5,64999.4,64999.3]",65000.200000000004,"[0.001,0.002,0.003,0.004,0.005,0.006,0.007,0.008,0.009000000000000001,0.01]",0.001,4530,mock,InstrumentType.Spot,615356544,mock,BTC-USDT
2199944884,0,0,1783610797291328005,101,depth,"[65000.409999999996,65000.509999999995,65000.61,65000.71,65000.81,65000.909999999996,65001.009999999995,65001.11,65001.21,65001.31]",65000.409999999996,"[0.001,0.002,0.003,0.004,0.005,0.006,0.007,0.008,0.009000000000000001,0.01]",0.001,"[65000.21,65000.11,65000.009999999995,64999.909999999996,64999.81,64999.71,64999.61,64999.509999999995,64999.409999999996,64999.31]",65000.21,"[0.001,0.002,0.003,0.004,0.005,0.006,0.007,0.008,0.009000000000000001,0.01]",0.001,4531,mock,InstrumentType.Spot,615357104,mock,BTC-USDT
2199944884,0,0,1783610797291628190,101,depth,"[65000.42,65000.52,65000.62,65000.72,65000.82,65000.92,65001.02,65001.12,65001.22,65001.32]",65000.42,"[0.001,0.002,0.003,0.004,0.005,0.006,0.007,0.008,0.009000000000000001,0.01]",0.001,"[65000.22,65000.12,65000.02,64999.92,64999.82,64999.72,64999.62,64999.52,64999.42,64999.32]",65000.22,"[0.001,0.002,0.003,0.004,0.005,0.006,0.007,0.008,0.009000000000000001,0.01]",0.001,4532,mock,InstrumentType.Spot,615357664,mock,BTC-USDT
2199944884,0,0,1783610797291928279,101,depth,"[65000.43,65000.53,65000.630000000005,65000.73,65000.83,65000.93,65001.03,65001.130000000005,65001.23,65001.33]",65000.43,"[0.001,0.002,0.003,0.004,0.005,0.006,0.007,0.008,0.009000000000000001,0.01]",0.001,"[65000.23,65000.130000000005,65000.03,64999.93,64999.83,64999.73,64999.630000000005,64999.53,64999.43,64999.33]",65000.23,"[0.001,0.002,0.003,0.004,0.005,0.006,0.007,0.008,0.009000000000000001,0.01]",0.001,4533,mock,InstrumentType.Spot,615358224,mock,BTC-USDT
2199944884,0,0,1783610797292228204,101,depth,"[65000.439999999995,65000.53999999999,65000.64,65000.74,65000.84,65000.939999999995,65001.03999999999,65001.14,65001.24,65001.34]",65000.439999999995,"[0.001,0.002,0.003,0.004,0.005,0.006,0.007,0.008,0.009000000000000001,0.01]",0.001,"[65000.24,65000.14,65000.03999999999,64999.939999999995,64999.84,64999.74,64999.64,64999.53999999999,64999.439999999995,64999.34]",65000.24,"[0.001,0.002,0.003,0.004,0.005,0.006,0.007,0.008,0.009000000000000001,0.01]",0.001,4534,mock,InstrumentType.Spot,615358784,mock,BTC-USDT
2199944884,0,0,1783610797292534950,101,depth,"[65000.45,65000.549999999996,65000.65,65000.75,65000.85,65000.95,65001.049999999996,65001.15,65001.25,65001.35]",65000.45,"[0.001,0.002,0.003,0.004,0.005,0.006,0.007,0.008,0.009000000000000001,0.01]",0.001,"[65000.25,65000.15,65000.049999999996,64999.95,64999.85,64999.75,64999.65,64999.549999999996,64999.45,64999.35]",65000.25,"[0.001,0.002,0.003,0.004,0.005,0.006,0.007,0.008,0.009000000000000001,0.01]",0.001,4535,mock,InstrumentType.Spot,615359344,mock,BTC-USDT
2199944884,0,0,1783610797292829101,101,depth,"[65000.46,65000.56,65000.66,65000.76,65000.86,65000.96,65001.06,65001.16,65001.26,65001.36]",65000.46,"[0.001,0.002,0.003,0.004,0.005,0.006,0.007,0.008,0.009000000000000001,0.01]",0.001,"[65000.26,65000.16,65000.06,64999.96,64999.86,64999.76,64999.66,64999.56,64999.46,64999.36]",65000.26,"[0.001,0.002,0.003,0.004,0.005,0.006,0.007,0.008,0.009000000000000001,0.01]",0.001,4536,mock,InstrumentType.Spot,615359904,mock,BTC-USDT
2199944884,0,0,1783610797293128760,101,depth,"[65000.47,65000.57,65000.670000000006,65000.770000000004,65000.87,65000.97,65001.07,65001.170000000006,65001.270000000004,65001.37]",65000.47,"[0.001,0.002,0.003,0.004,0.005,0.006,0.007,0.008,0.009000000000000001,0.01]",0.001,"[65000.270000000004,65000.170000000006,65000.07,64999.97,64999.87,64999.770000000004,64999.670000000006,64999.57,64999.47,64999.37]",65000.270000000004,"[0.001,0.002,0.003,0.004,0.005,0.006,0.007,0.008,0.009000000000000001,0.01]",0.001,4537,mock,InstrumentType.Spot,615360464,mock,BTC-USDT
2199944884,0,0,1783610797293428708,101,depth,"[65000.479999999996,65000.579999999994,65000.68,65000.78,65000.88,65000.979999999996,65001.079999999994,65001.18,65001.28,65001.38]",65000.479999999996,"[0.001,0.002,0.003,0.004,0.005,0.006,0.007,0.008,0.009000000000000001,0.01]",0.001,"[65000.28,65000.18,65000.079999999994,64999.979999999996,64999.88,64999.78,64999.68,64999.579999999994,64999.479999999996,64999.38]",65000.28,"[0.001,0.002,0.003,0.004,0.005,0.006,0.007,0.008,0.009000000000000001,0.01]",0.001,4538,mock,InstrumentType.Spot,615361024,mock,BTC-USDT
2199944884,0,0,1783610797293728586,101,depth,"[65000.49,65000.59,65000.69,65000.79,65000.89,65000.99,65001.09,65001.19,65001.29,65001.39]",65000.49,"[0.001,0.002,0.003,0.004,0.005,0.006,0.007,0.008,0.009000000000000001,0.01]",0.001,"[65000.29,65000.19,65000.09,64999.99,64999.89,64999.79,64999.69,64999.59,64999.49,64999.39]",65000.29,"[0.001,0.002,0.003,0.004,0.005,0.006,0.007,0.008,0.009000000000000001,0.01]",0.001,4539,mock,InstrumentType.Spot,615361584,mock,BTC-USDT
2199944884,0,0,1783610797294028920,101,depth,"[65000.5,65000.6,65000.700000000004,65000.8,65000.9,65001.0,65001.1,65001.200000000004,65001.3,65001.4]",65000.5,"[0.001,0.002,0.003,0.004,0.005,0.006,0.007,0.008,0.009000000000000001,0.01]",0.001,"[65000.3,65000.200000000004,65000.1,65000.0,64999.9,64999.8,64999.700000000004,64999.6,64999.5,64999.4]",65000.3,"[0.001,0.002,0.003,0.004,0.005,0.006,0.007,0.008,0.009000000000000001,0.01]",0.001,4540,mock,InstrumentType.Spot,615362144,mock,BTC-USDT
2199944884,0,0,1783610797294328866,101,depth,"[65000.51,65000.61,65000.71000000001,65000.810000000005,65000.91,65001.01,65001.11,65001.21000000001,65001.310000000005,65001.41]",65000.51,"[0.001,0.002,0.003,0.004,0.005,0.006,0.007,0.008,0.009000000000000001,0.01]",0.001,"[65000.310000000005,65000.21000000001,65000.11,65000.01,64999.91,64999.810000000005,64999.71000000001,64999.61,64999.51,64999.41]",65000.310000000005,"[0.001,0.002,0.003,0.004,0.005,0.006,0.007,0.008,0.009000000000000001,0.01]",0.001,4541,mock,InstrumentType.Spot,615362704,mock,BTC-USDT
2199944884,0,0,1783610797294628851,101,depth,"[65000.52,65000.619999999995,65000.72,65000.82,65000.92,65001.02,65001.119999999995,65001.22,65001.32,65001.42]",65000.52,"[0.001,0.002,0.003,0.004,0.005,0.006,0.007,0.008,0.009000000000000001,0.01]",0.001,"[65000.32,65000.22,65000.119999999995,65000.02,64999.92,64999.82,64999.72,64999.619999999995,64999.52,64999.42]",65000.32,"[0.001,0.002,0.003,0.004,0.005,0.006,0.007,0.008,0.009000000000000001,0.01]",0.001,4542,mock,InstrumentType.Spot,615363264,mock,BTC-USDT
2199944884,0,0,1783610797294929334,101,depth,"[65000.53,65000.63,65000.73,65000.83,65000.93,65001.03,65001.13,65001.23,65001.33,65001.43]",65000.53,"[0.001,0.002,0.003,0.004,0.005,0.006,0.007,0.008,0.009000000000000001,0.01]",0.001,"[65000.33,65000.23,65000.13,65000.03,64999.93,64999.83,64999.73,64999.63,64999.53,64999.43]",65000.33,"[0.001,0.002,0.003,0.004,0.005,0.006,0.007,0.008,0.009000000000000001,0.01]",0.001,4543,mock,InstrumentType.Spot,615363824,mock,BTC-USDT
2199944884,0,0,1783610797295234385,101,depth,"[65000.54,65000.64,65000.740000000005,65000.840000000004,65000.94,65001.04,65001.14,65001.240000000005,65001.340000000004,65001.44]",65000.54,"[0.001,0.002,0.003,0.004,0.005,0.006,0.007,0.008,0.009000000000000001,0.01]",0.001,"[65000.340000000004,65000.240000000005,65000.14,65000.04,64999.94,64999.840000000004,64999.740000000005,64999.64,64999.54,64999.44]",65000.340000000004,"[0.001,0.002,0.003,0.004,0.005,0.006,0.007,0.008,0.009000000000000001,0.01]",0.001,4544,mock,InstrumentType.Spot,615364384,mock,BTC-USDT
2199944884,0,0,1783610797295538037,101,depth,"[65000.549999999996,65000.649999999994,65000.75,65000.85,65000.95,65001.049999999996,65001.149999999994,65001.25,65001.35,65001.45]",65000.549999999996,"[0.001,0.002,0.003,0.004,0.005,0.006,0.007,0.008,0.009000000000000001,0.01]",0.001,"[65000.35,65000.25,65000.149999999994,65000.049999999996,64999.95,64999.85,64999.75,64999.649999999994,64999.549999999996,64999.45]",65000.35,"[0.001,0.002,0.003,0.004,0.005,0.006,0.007,0.008,0.009000000000000001,0.01]",0.001,4545,mock,InstrumentType.Spot,615364944,mock,BTC-USDT
2199944884,0,0,1783610797295829461,101,depth,"[65000.56,65000.659999999996,65000.76,65000.86,65000.96,65001.06,65001.159999999996,65001.26,65001.36,65001.46]",65000.56,"[0.001,0.002,0.003,0.004,0.005,0.006,0.007,0.008,0.009000000000000001,0.01]",0.001,"[65000.36,65000.26,65000.159999999996,65000.06,64999.96,64999.86,64999.76,64999.659999999996,64999.56,64999.46]",65000.36,"[0.001,0.002,0.003,0.004,0.005,0.006,0.007,0.008,0.009000000000000001,0.01]",0.001,4546,mock,InstrumentType.Spot,615365504,mock,BTC-USDT
2199944884,0,0,1783610797296128995,101,depth,"[65000.57,65000.67,65000.770000000004,65000.87,65000.97,65001.07,65001.17,65001.270000000004,65001.37,65001.47]",65000.57,"[0.001,0.002,0.003,0.004,0.005,0.006,0.007,0.008,0.009000000000000001,0.01]",0.001,"[65000.37,65000.270000000004,65000.17,65000.07,64999.97,64999.87,64999.770000000004,64999.67,64999.57,64999.47]",65000.37,"[0.001,0.002,0.003,0.004,0.005,0.006,0.007,0.008,0.009000000000000001,0.01]",0.001,4547,mock,InstrumentType.Spot,615366064,mock,BTC-USDT
2199944884,0,0,1783610797296431143,101,depth,"[65000.58,65000.68,65000.780000000006,65000.880000000005,65000.98,65001.08,65001.18,65001.280000000006,65001.380000000005,65001.48]",65000.58,"[0.001,0.002,0.003,0.004,0.005,0.006,0.007,0.008,0.009000000000000001,0.01]",0.001,"[65000.380000000005,65000.280000000006,65000.18,65000.08,64999.98,64999.880000000005,64999.780000000006,64999.68,64999.58,64999.48]",65000.380000000005,"[0.001,0.002,0.003,0.004,0.005,0.006,0.007,0.008,0.009000000000000001,0.01]",0.001,4548,mock,InstrumentType.Spot,615366624,mock,BTC-USDT
2199944884,0,0,1783610797296729104,101,depth,"[65000.59,65000.689999999995,65000.79,65000.89,65000.99,65001.09,65001.189999999995,65001.29,65001.39,65001.49]",65000.59,"[0.001,0.002,0.003,0.004,0.005,0.006,0.007,0.008,0.009000000000000001,0.01]",0.001,"[65000.39,65000.29,65000.189999999995,65000.09,64999.99,64999.89,64999.79,64999.689999999995,64999.59,64999.49]",65000.39,"[0.001,0.002,0.003,0.004,0.005,0.006,0.007,0.008,0.009000000000000001,0.01]",0.001,4549,mock,InstrumentType.Spot,615367184,mock,BTC-USDT
2199944884,0,0,1783610797297029140,101,depth,"[65000.6,65000.7,65000.8,65000.9,65001.0,65001.1,65001.2,65001.3,65001.4,65001.5]",65000.6,"[0.001,0.002,0.003,0.004,0.005,0.006,0.007,0.008,0.009000000000000001,0.01]",0.001,"[65000.4,65000.3,65000.2,65000.1,65000.0,64999.9,64999.8,64999.7,64999.6,64999.5]",65000.4,"[0.001,0.002,0.003,0.004,0.005,0.006,0.007,0.008,0.009000000000000001,0.01]",0.001,4550,mock,InstrumentType.Spot,615367744,mock,BTC-USDT
2199944884,0,0,1783610797297330223,101,depth,"[65000.61,65000.71,65000.810000000005,65000.91,65001.01,65001.11,65001.21,65001.310000000005,65001.41,65001.51]",65000.61,"[0.001,0.002,0.003,0.004,0.005,0.006,0.007,0.008,0.009000000000000001,0.01]",0.001,"[65000.41,65000.310000000005,65000.21,65000.11,65000.01,64999.91,64999.810000000005,64999.71,64999.61,64999.51]",65000.41,"[0.001,0.002,0.003,0.004,0.005,0.006,0.007,0.008,0.009000000000000001,0.01]",0.001,4551,mock,InstrumentType.Spot,615368304,mock,BTC-USDT
2199944884,0,0,1783610797297630146,101,depth,"[65000.619999999995,65000.719999999994,65000.82,65000.92,65001.02,65001.119999999995,65001.219999999994,65001.32,65001.42,65001.52]",65000.619999999995,"[0.001,0.002,0.003,0.004,0.005,0.006,0.007,0.008,0.009000000000000001,0.01]",0.001,"[65000.42,65000.32,65000.219999999994,65000.119999999995,65000.02,64999.92,64999.82,64999.719999999994,64999.619999999995,64999.52]",65000.42,"[0.001,0.002,0.003,0.004,0.005,0.006,0.007,0.008,0.009000000000000001,0.01]",0.001,4552,mock,InstrumentType.Spot,615368864,mock,BTC-USDT
2199944884,0,0,1783610797297928391,101,depth,"[65000.63,65000.729999999996,65000.83,65000.93,65001.03,65001.13,65001.229999999996,65001.33,65001.43,65001.53]",65000.63,"[0.001,0.002,0.003,0.004,0.005,0.006,0.007,0.008,0.009000000000000001,0.01]",0.001,"[65000.43,65000.33,65000.229999999996,65000.13,65000.03,64999.93,64999.83,64999.729999999996,64999.63,64999.53]",65000.43,"[0.001,0.002,0.003,0.004,0.005,0.006,0.007,0.008,0.009000000000000001,0.01]",0.001,4553,mock,InstrumentType.Spot,615369424,mock,BTC-USDT
2199944884,0,0,1783610797298228510,101,depth,"[65000.64,65000.74,65000.840000000004,65000.94,65001.04,65001.14,65001.24,65001.340000000004,65001.44,65001.54]",65000.64,"[0.001,0.002,0.003,0.004,0.005,0.006,0.007,0.008,0.009000000000000001,0.01]",0.001,"[65000.44,65000.340000000004,65000.24,65000.14,65000.04,64999.94,64999.840000000004,64999.74,64999.64,64999.54]",65000.44,"[0.001,0.002,0.003,0.004,0.005,0.006,0.007,0.008,0.009000000000000001,0.01]",0.001,4554,mock,InstrumentType.Spot,615369984,mock,BTC-USDT
2199944884,0,0,1783610797298542809,101,depth,"[65000.65,65000.75,65000.850000000006,65000.950000000004,65001.05,65001.15,65001.25,65001.350000000006,65001.450000000004,65001.55]",65000.65,"[0.001,0.002,0.003,0.004,0.005,0.006,0.007,0.008,0.009000000000000001,0.01]",0.001,"[65000.450000000004,65000.350000000006,65000.25,65000.15,65000.05,64999.950000000004,64999.850000000006,64999.75,64999.65,64999.55]",65000.450000000004,"[0.001,0.002,0.003,0.004,0.005,0.006,0.007,0.008,0.009000000000000001,0.01]",0.001,4555,mock,InstrumentType.Spot,615370544,mock,BTC-USDT
2199944884,0,0,1783610797298828135,101,depth,"[65000.659999999996,65000.759999999995,65000.86,65000.96,65001.06,65001.159999999996,65001.259999999995,65001.36,65001.46,65001.56]",65000.659999999996,"[0.001,0.002,0.003,0.004,0.005,0.006,0.007,0.008,0.009000000000000001,0.01]",0.001,"[65000.46,65000.36,65000.259999999995,65000.159999999996,65000.06,64999.96,64999.86,64999.759999999995,64999.659999999996,64999.56]",65000.46,"[0.001,0.002,0.003,0.004,0.005,0.006,0.007,0.008,0.009000000000000001,0.01]",0.001,4556,mock,InstrumentType.Spot,615371104,mock,BTC-USDT
2199944884,0,0,1783610797299128370,101,depth,"[65000.67,65000.77,65000.87,65000.97,65001.07,65001.17,65001.27,65001.37,65001.47,65001.57]",65000.67,"[0.001,0.002,0.003,0.004,0.005,0.006,0.007,0.008,0.009000000000000001,0.01]",0.001,"[65000.47,65000.37,65000.27,65000.17,65000.07,64999.97,64999.87,64999.77,64999.67,64999.57]",65000.47,"[0.001,0.002,0.003,0.004,0.005,0.006,0.007,0.008,0.009000000000000001,0.01]",0.001,4557,mock,InstrumentType.Spot,615371664,mock,BTC-USDT
2199944884,0,0,1783610797299428145,101,depth,"[65000.68,65000.78,65000.880000000005,65000.98,65001.08,65001.18,65001.28,65001.380000000005,65001.48,65001.58]",65000.68,"[0.001,0.002,0.003,0.004,0.005,0.006,0.007,0.008,0.009000000000000001,0.01]",0.001,"[65000.48,65000.380000000005,65000.28,65000.18,65000.08,64999.98,64999.880000000005,64999.78,64999.68,64999.58]",65000.48,"[0.001,0.002,0.003,0.004,0.005,0.006,0.007,0.008,0.009000000000000001,0.01]",0.001,4558,mock,InstrumentType.Spot,615372224,mock,BTC-USDT
2199944884,0,0,1783610797299728103,101,depth,"[65000.689999999995,65000.78999999999,65000.89,65000.99,65001.09,65001.189999999995,65001.28999999999,65001.39,65001.49,65001.59]",65000.689999999995,"[0.001,0.002,0.003,0.004,0.005,0.006,0.007,0.008,0.009000000000000001,0.01]",0.001,"[65000.49,65000.39,65000.28999999999,65000.189999999995,65000.09,64999.99,64999.89,64999.78999999999,64999.689999999995,64999.59]",65000.49,"[0.001,0.002,0.003,0.004,0.005,0.006,0.007,0.008,0.009000000000000001,0.01]",0.001,4559,mock,InstrumentType.Spot,615372784,mock,BTC-USDT
2199944884,0,0,1783610797300028260,101,depth,"[65000.7,65000.799999999996,65000.9,65001.0,65001.1,65001.2,65001.299999999996,65001.4,65001.5,65001.6]",65000.7,"[0.001,0.002,0.003,0.004,0.005,0.006,0.007,0.008,0.009000000000000001,0.01]",0.001,"[65000.5,65000.4,65000.299999999996,65000.2,65000.1,65000.0,64999.9,64999.799999999996,64999.7,64999.6]",65000.5,"[0.001,0.002,0.003,0.004,0.005,0.006,0.007,0.008,0.009000000000000001,0.01]",0.001,4560,mock,InstrumentType.Spot,615373344,mock,BTC-USDT
2199944884,0,0,1783610797300327952,101,depth,"[65000.71,65000.81,65000.91,65001.01,65001.11,65001.21,65001.31,65001.41,65001.51,65001.61]",65000.71,"[0.001,0.002,0.003,0.004,0.005,0.006,0.007,0.008,0.009000000000000001,0.01]",0.001,"[65000.51,65000.41,65000.31,65000.21,65000.11,65000.01,64999.91,64999.81,64999.71,64999.61]",65000.51,"[0.001,0.002,0.003,0.004,0.005,0.006,0.007,0.008,0.009000000000000001,0.01]",0.001,4561,mock,InstrumentType.Spot,615373904,mock,BTC-USDT
2199944884,0,0,1783610797300627958,101,depth,"[65000.72,65000.82,65000.920000000006,65001.020000000004,65001.12,65001.22,65001.32,65001.420000000006,65001.520000000004,65001.62]",65000.72,"[0.001,0.002,0.003,0.004,0.005,0.006,0.007,0.008,0.009000000000000001,0.01]",0.001,"[65000.520000000004,65000.420000000006,65000.32,65000.22,65000.12,65000.020000000004,64999.920000000006,64999.82,64999.72,64999.62]",65000.520000000004,"[0.001,0.002,0.003,0.004,0.005,0.006,0.007,0.008,0.009000000000000001,0.01]",0.001,4562,mock,InstrumentType.Spot,615374464,mock,BTC-USDT
2199944884,0,0,1783610797300927982,101,depth,"[65000.729999999996,65000.829999999994,65000.93,65001.03,65001.13,65001.229999999996,65001.329999999994,65001.43,65001.53,65001.63]",65000.729999999996,"[0.001,0.002,0.003,0.004,0.005,0.006,0.007,0.008,0.009000000000000001,0.01]",0.001,"[65000.53,65000.43,65000.329999999994,65000.229999999996,65000.13,65000.03,64999.93,64999.829999999994,64999.729999999996,64999.63]",65000.53,"[0.001,0.002,0.003,0.004,0.005,0.006,0.007,0.008,0.009000000000000001,0.01]",0.001,4563,mock,InstrumentType.Spot,615375024,mock,BTC-USDT
2199944884,0,0,1783610797301238258,101,depth,"[65000.74,65000.84,65000.94,65001.04,65001.14,65001.24,65001.34,65001.44,65001.54,65001.64]",65000.74,"[0.001,0.002,0.003,0.004,0.005,0.006,0.007,0.008,0.009000000000000001,0.01]",0.001,"[65000.54,65000.44,65000.34,65000.24,65000.14,65000.04,64999.94,64999.84,64999.74,64999.64]",65000.54,"[0.001,0.002,0.003,0.004,0.005,0.006,0.007,0.008,0.009000000000000001,0.01]",0.001,4564,mock,InstrumentType.Spot,615375584,mock,BTC-USDT
2199944884,0,0,1783610797301527993,101,depth,"[65000.75,65000.85,65000.950000000004,65001.05,65001.15,65001.25,65001.35,65001.450000000004,65001.55,65001.65]",65000.75,"[0.001,0.002,0.003,0.004,0.005,0.006,0.007,0.008,0.009000000000000001,0.01]",0.001,"[65000.55,65000.450000000004,65000.35,65000.25,65000.15,65000.05,64999.950000000004,64999.85,64999.75,64999.65]",65000.55,"[0.001,0.002,0.003,0.004,0.005,0.006,0.007,0.008,0.009000000000000001,0.01]",0.001,4565,mock,InstrumentType.Spot,615376144,mock,BTC-USDT
2199944884,0,0,1783610797301828229,101,depth,"[65000.76,65000.86,65000.96000000001,65001.060000000005,65001.16,65001.26,65001.36,65001.46000000001,65001.560000000005,65001.66]",65000.76,"[0.001,0.002,0.003,0.004,0.005,0.006,0.007,0.008,0.009000000000000001,0.01]",0.001,"[65000.560000000005,65000.46000000001,65000.36,65000.26,65000.16,65000.060000000005,64999.96000000001,64999.86,64999.76,64999.66]",65000.560000000005,"[0.001,0.002,0.003,0.004,0.005,0.006,0.007,0.008,0.009000000000000001,0.01]",0.001,4566,mock,InstrumentType.Spot,615376704,mock,BTC-USDT
2199944884,0,0,1783610797302128214,101,depth,"[65000.77,65000.869999999995,65000.97,65001.07,65001.17,65001.27,65001.369999999995,65001.47,65001.57,65001.67]",65000.77,"[0.001,0.002,0.003,0.004,0.005,0.006,0.007,0.008,0.009000000000000001,0.01]",0.001,"[65000.57,65000.47,65000.369999999995,65000.27,65000.17,65000.07,64999.97,64999.869999999995,64999.77,64999.67]",65000.57,"[0.001,0.002,0.003,0.004,0.005,0.006,0.007,0.008,0.009000000000000001,0.01]",0.001,4567,mock,InstrumentType.Spot,615377264,mock,BTC-USDT
2199944884,0,0,1783610797302428213,101,depth,"[65000.78,65000.88,65000.98,65001.08,65001.18,65001.28,65001.38,65001.48,65001.58,65001.68]",65000.78,"[0.001,0.002,0.003,0.004,0.005,0.006,0.007,0.008,0.009000000000000001,0.01]",0.001,"[65000.58,65000.48,65000.38,65000.28,65000.18,65000.08,64999.98,64999.88,64999.78,64999.68]",65000.58,"[0.001,0.002,0.003,0.004,0.005,0.006,0.007,0.008,0.009000000000000001,0.01]",0.001,4568,mock,InstrumentType.Spot,615377824,mock,BTC-USDT
2199944884,0,0,1783610797302728609,101,depth,"[65000.79,65000.89,65000.990000000005,65001.090000000004,65001.19,65001.29,65001.39,65001.490000000005,65001.590000000004,65001.69]",65000.79,"[0.001,0.002,0.003,0.004,0.005,0.006,0.007,0.008,0.009000000000000001,0.01]",0.001,"[65000.590000000004,65000.490000000005,65000.39,65000.29,65000.19,65000.090000000004,64999.990000000005,64999.89,64999.79,64999.69]",65000.590000000004,"[0.001,0.002,0.003,0.004,0.005,0.006,0.007,0.008,0.009000000000000001,0.01]",0.001,4569,mock,InstrumentType.Spot,615378384,mock,BTC-USDT
2199944884,0,0,1783610797303028604,101,depth,"[65000.799999999996,65000.899999999994,65001.0,65001.1,65001.2,65001.299999999996,65001.399999999994,65001.5,65001.6,65001.7]",65000.799999999996,"[0.001,0.002,0.003,0.004,0.005,0.006,0.007,0.008,0.009000000000000001,0.01]",0.001,"[65000.6,65000.5,65000.399999999994,65000.299999999996,65000.2,65000.1,65000.0,64999.899999999994,64999.799999999996,64999.7]",65000.6,"[0.001,0.002,0.003,0.004,0.005,0.006,0.007,0.008,0.009000000000000001,0.01]",0.001,4570,mock,InstrumentType.Spot,615378944,mock,BTC-USDT
2199944884,0,0,1783610797303328628,101,depth,"[65000.81,65000.909999999996,65001.01,65001.11,65001.21,65001.31,65001.409999999996,65001.51,65001.61,65001.71]",65000.81,"[0.001,0.002,0.003,0.004,0.005,0.006,0.007,0.008,0.009000000000000001,0.01]",0.001,"[65000.61,65000.51,65000.409999999996,65000.31,65000.21,65000.11,65000.01,64999.909999999996,64999.81,64999.71]",65000.61,"[0.001,0.002,0.003,0.004,0.005,0.006,0.007,0.008,0.009000000000000001,0.01]",0.001,4571,mock,InstrumentType.Spot,615379504,mock,BTC-USDT
2199944884,0,0,1783610797303628516,101,depth,"[65000.82,65000.92,65001.020000000004,65001.12,65001.22,65001.32,65001.42,65001.520000000004,65001.62,65001.72]",65000.82,"[0.001,0.002,0.003,0.004,0.005,0.006,0.007,0.008,0.009000000000000001,0.01]",0.001,"[65000.62,65000.520000000004,65000.42,65000.32,65000.22,65000.12,65000.020000000004,64999.92,64999.82,64999.72]",65000.62,"[0.001,0.002,0.003,0.004,0.005,0.006,0.007,0.008,0.009000000000000001,0.01]",0.001,4572,mock,InstrumentType.Spot,615380064,mock,BTC-USDT
2199944884,0,0,1783610797303928886,101,depth,"[65000.83,65000.93,65001.030000000006,65001.130000000005,65001.23,65001.33,65001.43,65001.530000000006,65001.630000000005,65001.73]",65000.83,"[0.001,0.002,0.003,0.004,0.005,0.006,0.007,0.008,0.009000000000000001,0.01]",0.001,"[65000.630000000005,65000.530000000006,65000.43,65000.33,65000.23,65000.130000000005,65000.030000000006,64999.93,64999.83,64999.73]",65000.630000000005,"[0.001,0.002,0.003,0.004,0.005,0.006,0.007,0.008,0.009000000000000001,0.01]",0.001,4573,mock,InstrumentType.Spot,615380624,mock,BTC-USDT
2199944884,0,0,1783610797304238171,101,depth,"[65000.84,65000.939999999995,65001.04,65001.14,65001.24,65001.34,65001.439999999995,65001.54,65001.64,65001.74]",65000.84,"[0.001,0.002,0.003,0.004,0.005,0.006,0.007,0.008,0.009000000000000001,0.01]",0.001,"[65000.64,65000.54,65000.439999999995,65000.34,65000.24,65000.14,65000.04,64999.939999999995,64999.84,64999.74]",65000.64,"[0.001,0.002,0.003,0.004,0.005,0.006,0.007,0.008,0.009000000000000001,0.01]",0.001,4574,mock,InstrumentType.Spot,615381184,mock,BTC-USDT
2199944884,0,0,1783610797304529040,101,depth,"[65000.85,65000.95,65001.05,65001.15,65001.25,65001.35,65001.45,65001.55,65001.65,65001.75]",65000.85,"[0.001,0.002,0.003,0.004,0.005,0.006,0.007,0.008,0.009000000000000001,0.01]",0.001,"[65000.65,65000.55,65000.45,65000.35,65000.25,65000.15,65000.05,64999.95,64999.85,64999.75]",65000.65,"[0.001,0.002,0.003,0.004,0.005,0.006,0.007,0.008,0.009000000000000001,0.01]",0.001,4575,mock,InstrumentType.Spot,615381744,mock,BTC-USDT
2199944884,0,0,1783610797304829349,101,depth,"[65000.86,65000.96,65001.060000000005,65001.16,65001.26,65001.36,65001.46,65001.560000000005,65001.66,65001.76]",65000.86,"[0.001,0.002,0.003,0.004,0.005,0.006,0.007,0.008,0.009000000000000001,0.01]",0.001,"[65000.66,65000.560000000005,65000.46,65000.36,65000.26,65000.16,65000.060000000005,64999.96,64999.86,64999.76]",65000.66,"[0.001,0.002,0.003,0.004,0.005,0.006,0.007,0.008,0.009000000000000001,0.01]",0.001,4576,mock,InstrumentType.Spot,615382304,mock,BTC-USDT
2199944884,0,0,1783610797305129432,101,depth,"[65000.869999999995,65000.969999999994,65001.07,65001.17,65001.27,65001.369999999995,65001.469999999994,65001.57,65001.67,65001.77]",65000.869999999995,"[0.001,0.002,0.003,0.004,0.005,0.006,0.007,0.008,0.009000000000000001,0.01]",0.001,"[65000.67,65000.57,65000.469999999994,65000.369999999995,65000.27,65000.17,65000.07,64999.969999999994,64999.869999999995,64999.77]",65000.67,"[0.001,0.002,0.003,0.004,0.005,0.006,0.007,0.008,0.009000000000000001,0.01]",0.001,4577,mock,InstrumentType.Spot,615382864,mock,BTC-USDT
2199944884,0,0,1783610797305429138,101,depth,"[65000.88,65000.979999999996,65001.08,65001.18,65001.28,65001.38,65001.479999999996,65001.58,65001.68,65001.78]",65000.88,"[0.001,0.002,0.003,0.004,0.005,0.006,0.007,0.008,0.009000000000000001,0.01]",0.001,"[65000.68,65000.58,65000.479999999996,65000.38,65000.28,65000.18,65000.08,64999.979999999996,64999.88,64999.78]",65000.68,"[0.001,0.002,0.003,0.004,0.005,0.006,0.007,0.008,0.009000000000000001,0.01]",0.001,4578,mock,InstrumentType.Spot,615383424,mock,BTC-USDT
2199944884,0,0,1783610797305728993,101,depth,"[65000.89,65000.99,65001.090000000004,65001.19,65001.29,65001.39,65001.49,65001.590000000004,65001.69,65001.79]",65000.89,"[0.001,0.002,0.003,0.004,0.005,0.006,0.007,0.008,0.009000000000000001,0.01]",0.001,"[65000.69,65000.590000000004,65000.49,65000.39,65000.29,65000.19,65000.090000000004,64999.99,64999.89,64999.79]",65000.69,"[0.001,0.002,0.003,0.004,0.005,0.006,0.007,0.008,0.009000000000000001,0.01]",0.001,4579,mock,InstrumentType.Spot,615383984,mock,BTC-USDT
2199944884,0,0,1783610797306028849,101,depth,"[65000.9,65001.0,65001.100000000006,65001.200000000004,65001.3,65001.4,65001.5,65001.600000000006,65001.700000000004,65001.8]",65000.9,"[0.001,0.002,0.003,0.004,0.005,0.006,0.007,0.008,0.009000000000000001,0.01]",0.001,"[65000.700000000004,65000.600000000006,65000.5,65000.4,65000.3,65000.200000000004,65000.100000000006,65000.0,64999.9,64999.8]",65000.700000000004,"[0.001,0.002,0.003,0.004,0.005,0.006,0.007,0.008,0.009000000000000001,0.01]",0.001,4580,mock,InstrumentType.Spot,615384544,mock,BTC-USDT
2199944884,0,0,1783610797306328786,101,depth,"[65000.909999999996,65001.009999999995,65001.11,65001.21,65001.31,65001.409999999996,65001.509999999995,65001.61,65001.71,65001.81]",65000.909999999996,"[0.001,0.002,0.003,0.004,0.005,0.006,0.007,0.008,0.009000000000000001,0.01]",0.001,"[65000.71,65000.61,65000.509999999995,65000.409999999996,65000.31,65000.21,65000.11,65000.009999999995,64999.909999999996,64999.81]",65000.71,"[0.001,0.002,0.003,0.004,0.005,0.006,0.007,0.008,0.009000000000000001,0.01]",0.001,4581,mock,InstrumentType.Spot,615385104,mock,BTC-USDT
2199944884,0,0,1783610797306628490,101,depth,"[65000.92,65001.02,65001.12,65001.22,65001.32,65001.42,65001.52,65001.62,65001.72,65001.82]",65000.92,"[0.001,0.002,0.003,0.004,0.005,0.006,0.007,0.008,0.009000000000000001,0.01]",0.001,"[65000.72,65000.62,65000.52,65000.42,65000.32,65000.22,65000.12,65000.02,64999.92,64999.82]",65000.72,"[0.001,0.002,0.003,0.004,0.005,0.006,0.007,0.008,0.009000000000000001,0.01]",0.001,4582,mock,InstrumentType.Spot,615385664,mock,BTC-USDT
2199944884,0,0,1783610797307011846,101,depth,"[65000.93,65001.03,65001.130000000005,65001.23,65001.33,65001.43,65001.53,65001.630000000005,65001.73,65001.83]",65000.93,"[0.001,0.002,0.003,0.004,0.005,0.006,0.007,0.008,0.009000000000000001,0.01]",0.001,"[65000.73,65000.630000000005,65000.53,65000.43,65000.33,65000.23,65000.130000000005,65000.03,64999.93,64999.83]",65000.73,"[0.001,0.002,0.003,0.004,0.005,0.006,0.007,0.008,0.009000000000000001,0.01]",0.001,4583,mock,InstrumentType.Spot,615386224,mock,BTC-USDT
2199944884,0,0,1783610797307229961,101,depth,"[65000.939999999995,65001.03999999999,65001.14,65001.24,65001.34,65001.439999999995,65001.53999999999,65001.64,65001.74,65001.84]",65000.939999999995,"[0.001,0.002,0.003,0.004,0.005,0.006,0.007,0.008,0.009000000000000001,0.01]",0.001,"[65000.74,65000.64,65000.53999999999,65000.439999999995,65000.34,65000.24,65000.14,65000.03999999999,64999.939999999995,64999.84]",65000.74,"[0.001,0.002,0.003,0.004,0.005,0.006,0.007,0.008,0.009000000000000001,0.01]",0.001,4584,mock,InstrumentType.Spot,615386784,mock,BTC-USDT
2199944884,0,0,1783610797307543119,101,depth,"[65000.95,65001.049999999996,65001.15,65001.25,65001.35,65001.45,65001.549999999996,65001.65,65001.75,65001.85]",65000.95,"[0.001,0.002,0.003,0.004,0.005,0.006,0.007,0.008,0.009000000000000001,0.01]",0.001,"[65000.75,65000.65,65000.549999999996,65000.45,65000.35,65000.25,65000.15,65000.049999999996,64999.95,64999.85]",65000.75,"[0.001,0.002,0.003,0.004,0.005,0.006,0.007,0.008,0.009000000000000001,0.01]",0.001,4585,mock,InstrumentType.Spot,615387344,mock,BTC-USDT
2199944884,0,0,1783610797307834749,101,depth,"[65000.96,65001.06,65001.16,65001.26,65001.36,65001.46,65001.56,65001.66,65001.76,65001.86]",65000.96,"[0.001,0.002,0.003,0.004,0.005,0.006,0.007,0.008,0.009000000000000001,0.01]",0.001,"[65000.76,65000.66,65000.56,65000.46,65000.36,65000.26,65000.16,65000.06,64999.96,64999.86]",65000.76,"[0.001,0.002,0.003,0.004,0.005,0.006,0.007,0.008,0.009000000000000001,0.01]",0.001,4586,mock,InstrumentType.Spot,615387904,mock,BTC-USDT
2199944884,0,0,1783610797308129117,101,depth,"[65000.97,65001.07,65001.170000000006,65001.270000000004,65001.37,65001.47,65001.57,65001.670000000006,65001.770000000004,65001.87]",65000.97,"[0.001,0.002,0.003,0.004,0.005,0.006,0.007,0.008,0.009000000000000001,0.01]",0.001,"[65000.770000000004,65000.670000000006,65000.57,65000.47,65000.37,65000.270000000004,65000.170000000006,65000.07,64999.97,64999.87]",65000.770000000004,"[0.001,0.002,0.003,0.004,0.005,0.006,0.007,0.008,0.009000000000000001,0.01]",0.001,4587,mock,InstrumentType.Spot,615388464,mock,BTC-USDT
2199944884,0,0,1783610797308428634,101,depth,"[65000.979999999996,65001.079999999994,65001.18,65001.28,65001.38,65001.479999999996,65001.579999999994,65001.68,65001.78,65001.88]",65000.979999999996,"[0.001,0.002,0.003,0.004,0.005,0.006,0.007,0.008,0.009000000000000001,0.01]",0.001,"[65000.78,65000.68,65000.579999999994,65000.479999999996,65000.38,65000.28,65000.18,65000.079999999994,64999.979999999996,64999.88]",65000.78,"[0.001,0.002,0.003,0.004,0.005,0.006,0.007,0.008,0.009000000000000001,0.01]",0.001,4588,mock,InstrumentType.Spot,615389024,mock,BTC-USDT
2199944884,0,0,1783610797308728384,101,depth,"[65000.99,65001.09,65001.19,65001.29,65001.39,65001.49,65001.59,65001.69,65001.79,65001.89]",65000.99,"[0.001,0.002,0.003,0.004,0.005,0.006,0.007,0.008,0.009000000000000001,0.01]",0.001,"[65000.79,65000.69,65000.59,65000.49,65000.39,65000.29,65000.19,65000.09,64999.99,64999.89]",65000.79,"[0.001,0.002,0.003,0.004,0.005,0.006,0.007,0.008,0.009000000000000001,0.01]",0.001,4589,mock,InstrumentType.Spot,615389584,mock,BTC-USDT
2199944884,0,0,1783610797309028526,101,depth,"[65001.0,65001.1,65001.200000000004,65001.3,65001.4,65001.5,65001.6,65001.700000000004,65001.8,65001.9]",65001.0,"[0.001,0.002,0.003,0.004,0.005,0.006,0.007,0.008,0.009000000000000001,0.01]",0.001,"[65000.8,65000.700000000004,65000.6,65000.5,65000.4,65000.3,65000.200000000004,65000.1,65000.0,64999.9]",65000.8,"[0.001,0.002,0.003,0.004,0.005,0.006,0.007,0.008,0.009000000000000001,0.01]",0.001,4590,mock,InstrumentType.Spot,615390144,mock,BTC-USDT
2199944884,0,0,1783610797309328138,101,depth,"[65001.01,65001.11,65001.21000000001,65001.310000000005,65001.41,65001.51,65001.61,65001.71000000001,65001.810000000005,65001.91]",65001.01,"[0.001,0.002,0.003,0.004,0.005,0.006,0.007,0.008,0.009000000000000001,0.01]",0.001,"[65000.810000000005,65000.71000000001,65000.61,65000.51,65000.41,65000.310000000005,65000.21000000001,65000.11,65000.01,64999.91]",65000.810000000005,"[0.001,0.002,0.003,0.004,0.005,0.006,0.007,0.008,0.009000000000000001,0.01]",0.001,4591,mock,InstrumentType.Spot,615390704,mock,BTC-USDT
2199944884,0,0,1783610797309631358,101,depth,"[65001.02,65001.119999999995,65001.22,65001.32,65001.42,65001.52,65001.619999999995,65001.72,65001.82,65001.92]",65001.02,"[0.001,0.002,0.003,0.004,0.005,0.006,0.007,0.008,0.009000000000000001,0.01]",0.001,"[65000.82,65000.72,65000.619999999995,65000.52,65000.42,65000.32,65000.22,65000.119999999995,65000.02,64999.92]",65000.82,"[0.001,0.002,0.003,0.004,0.005,0.006,0.007,0.008,0.009000000000000001,0.01]",0.001,4592,mock,InstrumentType.Spot,615391264,mock,BTC-USDT
2199944884,0,0,1783610797309952462,101,depth,"[65001.03,65001.13,65001.23,65001.33,65001.43,65001.53,65001.63,65001.73,65001.83,65001.93]",65001.03,"[0.001,0.002,0.003,0.004,0.005,0.006,0.007,0.008,0.009000000000000001,0.01]",0.001,"[65000.83,65000.73,65000.63,65000.53,65000.43,65000.33,65000.23,65000.13,65000.03,64999.93]",65000.83,"[0.001,0.002,0.003,0.004,0.005,0.006,0.007,0.008,0.009000000000000001,0.01]",0.001,4593,mock,InstrumentType.Spot,615391824,mock,BTC-USDT
2199944884,0,0,1783610797310228809,101,depth,"[65001.04,65001.14,65001.240000000005,65001.340000000004,65001.44,65001.54,65001.64,65001.740000000005,65001.840000000004,65001.94]",65001.04,"[0.001,0.002,0.003,0.004,0.005,0.006,0.007,0.008,0.009000000000000001,0.01]",0.001,"[65000.840000000004,65000.740000000005,65000.64,65000.54,65000.44,65000.340000000004,65000.240000000005,65000.14,65000.04,64999.94]",65000.840000000004,"[0.001,0.002,0.003,0.004,0.005,0.006,0.007,0.008,0.009000000000000001,0.01]",0.001,4594,mock,InstrumentType.Spot,615392384,mock,BTC-USDT
2199944884,0,0,1783610797310528635,101,depth,"[65001.049999999996,65001.149999999994,65001.25,65001.35,65001.45,65001.549999999996,65001.649999999994,65001.75,65001.85,65001.95]",65001.049999999996,"[0.001,0.002,0.003,0.004,0.005,0.006,0.007,0.008,0.009000000000000001,0.01]",0.001,"[65000.85,65000.75,65000.649999999994,65000.549999999996,65000.45,65000.35,65000.25,65000.149999999994,65000.049999999996,64999.95]",65000.85,"[0.001,0.002,0.003,0.004,0.005,0.006,0.007,0.008,0.009000000000000001,0.01]",0.001,4595,mock,InstrumentType.Spot,615392944,mock,BTC-USDT
2199944884,0,0,1783610797310828370,101,depth,"[65001.06,65001.159999999996,65001.26,65001.36,65001.46,65001.56,65001.659999999996,65001.76,65001.86,65001.96]",65001.06,"[0.001,0.002,0.003,0.004,0.005,0.006,0.007,0.008,0.009000000000000001,0.01]",0.001,"[65000.86,65000.76,65000.659999999996,65000.56,65000.46,65000.36,65000.26,65000.159999999996,65000.06,64999.96]",65000.86,"[0.001,0.002,0.003,0.004,0.005,0.006,0.007,0.008,0.009000000000000001,0.01]",0.001,4596,mock,InstrumentType.Spot,615393504,mock,BTC-USDT
2199944884,0,0,1783610797311128299,101,depth,"[65001.07,65001.17,65001.270000000004,65001.37,65001.47,65001.57,65001.67,65001.770000000004,65001.87,65001.97]",65001.07,"[0.001,0.002,0.003,0.004,0.005,0.006,0.007,0.008,0.009000000000000001,0.01]",0.001,"[65000.87,65000.770000000004,65000.67,65000.57,65000.47,65000.37,65000.270000000004,65000.17,65000.07,64999.97]",65000.87,"[0.001,0.002,0.003,0.004,0.005,0.006,0.007,0.008,0.009000000000000001,0.01]",0.001,4597,mock,InstrumentType.Spot,615394064,mock,BTC-USDT
2199944884,0,0,1783610797311428267,101,depth,"[65001.08,65001.18,65001.280000000006,65001.380000000005,65001.48,65001.58,65001.68,65001.780000000006,65001.880000000005,65001.98]",65001.08,"[0.001,0.002,0.003,0.004,0.005,0.006,0.007,0.008,0.009000000000000001,0.01]",0.001,"[65000.880000000005,65000.780000000006,65000.68,65000.58,65000.48,65000.380000000005,65000.280000000006,65000.18,65000.08,64999.98]",65000.880000000005,"[0.001,0.002,0.003,0.004,0.005,0.006,0.007,0.008,0.009000000000000001,0.01]",0.001,4598,mock,InstrumentType.Spot,615394624,mock,BTC-USDT
2199944884,0,0,1783610797311728592,101,depth,"[65001.09,65001.189999999995,65001.29,65001.39,65001.49,65001.59,65001.689999999995,65001.79,65001.89,65001.99]",65001.09,"[0.001,0.002,0.003,0.004,0.005,0.006,0.007,0.008,0.009000000000000001,0.01]",0.001,"[65000.89,65000.79,65000.689999999995,65000.59,65000.49,65000.39,65000.29,65000.189999999995,65000.09,64999.99]",65000.89,"[0.001,0.002,0.003,0.004,0.005,0.006,0.007,0.008,0.009000000000000001,0.01]",0.001,4599,mock,InstrumentType.Spot,615395184,mock,BTC-USDT
2199944884,0,0,1783610797312028514,101,depth,"[65000.1,65000.2,65000.3,65000.4,65000.5,65000.6,65000.7,65000.8,65000.9,65001.0]",65000.1,"[0.001,0.002,0.003,0.004,0.005,0.006,0.007,0.008,0.009000000000000001,0.01]",0.001,"[64999.9,64999.8,64999.7,64999.6,64999.5,64999.4,64999.3,64999.2,64999.1,64999.0]",64999.9,"[0.001,0.002,0.003,0.004,0.005,0.006,0.007,0.008,0.009000000000000001,0.01]",0.001,4600,mock,InstrumentType.Spot,615395744,mock,BTC-USDT
2199944884,0,0,1783610797312328513,101,depth,"[65000.11,65000.21,65000.310000000005,65000.41,65000.51,65000.61,65000.71,65000.810000000005,65000.91,65001.01]",65000.11,"[0.001,0.002,0.003,0.004,0.005,0.006,0.007,0.008,0.009000000000000001,0.01]",0.001,"[64999.91,64999.810000000005,64999.71,64999.61,64999.51,64999.41,64999.310000000005,64999.21,64999.11,64999.01]",64999.91,"[0.001,0.002,0.003,0.004,0.005,0.006,0.007,0.008,0.009000000000000001,0.01]",0.001,4601,mock,InstrumentType.Spot,615396304,mock,BTC-USDT
2199944884,0,0,1783610797312637078,101,depth,"[65000.119999999995,65000.219999999994,65000.32,65000.42,65000.52,65000.619999999995,65000.719999999994,65000.82,65000.92,65001.02]",65000.119999999995,"[0.001,0.002,0.003,0.004,0.005,0.006,0.007,0.008,0.009000000000000001,0.01]",0.001,"[64999.92,64999.82,64999.719999999994,64999.619999999995,64999.52,64999.42,64999.32,64999.219999999994,64999.119999999995,64999.02]",64999.92,"[0.001,0.002,0.003,0.004,0.005,0.006,0.007,0.008,0.009000000000000001,0.01]",0.001,4602,mock,InstrumentType.Spot,615396864,mock,BTC-USDT
2199944884,0,0,1783610797312928981,101,depth,"[65000.13,65000.229999999996,65000.33,65000.43,65000.53,65000.63,65000.729999999996,65000.83,65000.93,65001.03]",65000.13,"[0.001,0.002,0.003,0.004,0.005,0.006,0.007,0.008,0.009000000000000001,0.01]",0.001,"[64999.93,64999.83,64999.729999999996,64999.63,64999.53,64999.43,64999.33,64999.229999999996,64999.13,64999.03]",64999.93,"[0.001,0.002,0.003,0.004,0.005,0.006,0.007,0.008,0.009000000000000001,0.01]",0.001,4603,mock,InstrumentType.Spot,615397424,mock,BTC-USDT
2199944884,0,0,1783610797313229133,101,depth,"[65000.14,65000.24,65000.340000000004,65000.44,65000.54,65000.64,65000.74,65000.840000000004,65000.94,65001.04]",65000.14,"[0.001,0.002,0.003,0.004,0.005,0.006,0.007,0.008,0.009000000000000001,0.01]",0.001,"[64999.94,64999.840000000004,64999.74,64999.64,64999.54,64999.44,64999.340000000004,64999.24,64999.14,64999.04]",64999.94,"[0.001,0.002,0.003,0.004,0.005,0.006,0.007,0.008,0.009000000000000001,0.01]",0.001,4604,mock,InstrumentType.Spot,615397984,mock,BTC-USDT
2199944884,0,0,1783610797313529488,101,depth,"[65000.15,65000.25,65000.350000000006,65000.450000000004,65000.55,65000.65,65000.75,65000.850000000006,65000.950000000004,65001.05]",65000.15,"[0.001,0.002,0.003,0.004,0.005,0.006,0.007,0.008,0.009000000000000001,0.01]",0.001,"[64999.950000000004,64999.850000000006,64999.75,64999.65,64999.55,64999.450000000004,64999.350000000006,64999.25,64999.15,64999.05]",64999.950000000004,"[0.001,0.002,0.003,0.004,0.005,0.006,0.007,0.008,0.009000000000000001,0.01]",0.001,4605,mock,InstrumentType.Spot,615398544,mock,BTC-USDT
2199944884,0,0,1783610797313829414,101,depth,"[65000.159999999996,65000.259999999995,65000.36,65000.46,65000.56,65000.659999999996,65000.759999999995,65000.86,65000.96,65001.06]",65000.159999999996,"[0.001,0.002,0.003,0.004,0.005,0.006,0.007,0.008,0.009000000000000001,0.01]",0.001,"[64999.96,64999.86,64999.759999999995,64999.659999999996,64999.56,64999.46,64999.36,64999.259999999995,64999.159999999996,64999.06]",64999.96,"[0.001,0.002,0.003,0.004,0.005,0.006,0.007,0.008,0.009000000000000001,0.01]",0.001,4606,mock,InstrumentType.Spot,615399104,mock,BTC-USDT
2199944884,0,0,1783610797314129341,101,depth,"[65000.17,65000.27,65000.37,65000.47,65000.57,65000.67,65000.77,65000.87,65000.97,65001.07]",65000.17,"[0.001,0.002,0.003,0.004,0.005,0.006,0.007,0.008,0.009000000000000001,0.01]",0.001,"[64999.97,64999.87,64999.77,64999.67,64999.57,64999.47,64999.37,64999.27,64999.17,64999.07]",64999.97,"[0.001,0.002,0.003,0.004,0.005,0.006,0.007,0.008,0.009000000000000001,0.01]",0.001,4607,mock,InstrumentType.Spot,615399664,mock,BTC-USDT
2199944884,0,0,1783610797314429384,101,depth,"[65000.18,65000.28,65000.380000000005,65000.48,65000.58,65000.68,65000.78,65000.880000000005,65000.98,65001.08]",65000.18,"[0.001,0.002,0.003,0.004,0.005,0.006,0.007,0.008,0.009000000000000001,0.01]",0.001,"[64999.98,64999.880000000005,64999.78,64999.68,64999.58,64999.48,64999.380000000005,64999.28,64999.18,64999.08]",64999.98,"[0.001,0.002,0.003,0.004,0.005,0.006,0.007,0.008,0.009000000000000001,0.01]",0.001,4608,mock,InstrumentType.Spot,615400224,mock,BTC-USDT
2199944884,0,0,1783610797314728975,101,depth,"[65000.189999999995,65000.28999999999,65000.39,65000.49,65000.59,65000.689999999995,65000.78999999999,65000.89,65000.99,65001.09]",65000.189999999995,"[0.001,0.002,0.003,0.004,0.005,0.006,0.007,0.008,0.009000000000000001,0.01]",0.001,"[64999.99,64999.89,64999.78999999999,64999.689999999995,64999.59,64999.49,64999.39,64999.28999999999,64999.189999999995,64999.09]",64999.99,"[0.001,0.002,0.003,0.004,0.005,0.006,0.007,0.008,0.009000000000000001,0.01]",0.001,4609,mock,InstrumentType.Spot,615400784,mock,BTC-USDT
2199944884,0,0,1783610797315028992,101,depth,"[65000.2,65000.299999999996,65000.4,65000.5,65000.6,65000.7,65000.799999999996,65000.9,65001.0,65001.1]",65000.2,"[0.001,0.002,0.003,0.004,0.005,0.006,0.007,0.008,0.009000000000000001,0.01]",0.001,"[65000.0,64999.9,64999.799999999996,64999.7,64999.6,64999.5,64999.4,64999.299999999996,64999.2,64999.1]",65000.0,"[0.001,0.002,0.003,0.004,0.005,0.006,0.007,0.008,0.009000000000000001,0.01]",0.001,4610,mock,InstrumentType.Spot,615401344,mock,BTC-USDT
2199944884,0,0,1783610797315328926,101,depth,"[65000.21,65000.31,65000.41,65000.51,65000.61,65000.71,65000.81,65000.91,65001.01,65001.11]",65000.21,"[0.001,0.002,0.003,0.004,0.005,0.006,0.007,0.008,0.009000000000000001,0.01]",0.001,"[65000.01,64999.91,64999.81,64999.71,64999.61,64999.51,64999.41,64999.31,64999.21,64999.11]",65000.01,"[0.001,0.002,0.003,0.004,0.005,0.006,0.007,0.008,0.009000000000000001,0.01]",0.001,4611,mock,InstrumentType.Spot,615401904,mock,BTC-USDT
2199944884,0,0,1783610797315638255,101,depth,"[65000.22,65000.32,65000.420000000006,65000.520000000004,65000.62,65000.72,65000.82,65000.920000000006,65001.020000000004,65001.12]",65000.22,"[0.001,0.002,0.003,0.004,0.005,0.006,0.007,0.008,0.009000000000000001,0.01]",0.001,"[65000.020000000004,64999.920000000006,64999.82,64999.72,64999.62,64999.520000000004,64999.420000000006,64999.32,64999.22,64999.12]",65000.020000000004,"[0.001,0.002,0.003,0.004,0.005,0.006,0.007,0.008,0.009000000000000001,0.01]",0.001,4612,mock,InstrumentType.Spot,615402464,mock,BTC-USDT
2199944884,0,0,1783610797315928675,101,depth,"[65000.229999999996,65000.329999999994,65000.43,65000.53,65000.63,65000.729999999996,65000.829999999994,65000.93,65001.03,65001.13]",65000.229999999996,"[0.001,0.002,0.003,0.004,0.005,0.006,0.007,0.008,0.009000000000000001,0.01]",0.001,"[65000.03,64999.93,64999.829999999994,64999.729999999996,64999.63,64999.53,64999.43,64999.329999999994,64999.229999999996,64999.13]",65000.03,"[0.001,0.002,0.003,0.004,0.005,0.006,0.007,0.008,0.009000000000000001,0.01]",0.001,4613,mock,InstrumentType.Spot,615403024,mock,BTC-USDT
2199944884,0,0,1783610797316228530,101,depth,"[65000.24,65000.34,65000.44,65000.54,65000.64,65000.74,65000.84,65000.94,65001.04,65001.14]",65000.24,"[0.001,0.002,0.003,0.004,0.005,0.006,0.007,0.008,0.009000000000000001,0.01]",0.001,"[65000.04,64999.94,64999.84,64999.74,64999.64,64999.54,64999.44,64999.34,64999.24,64999.14]",65000.04,"[0.001,0.002,0.003,0.004,0.005,0.006,0.007,0.008,0.009000000000000001,0.01]",0.001,4614,mock,InstrumentType.Spot,615403584,mock,BTC-USDT
2199944884,0,0,1783610797316528539,101,depth,"[65000.25,65000.35,65000.450000000004,65000.55,65000.65,65000.75,65000.85,65000.950000000004,65001.05,65001.15]",65000.25,"[0.001,0.002,0.003,0.004,0.005,0.006,0.007,0.008,0.009000000000000001,0.01]",0.001,"[65000.05,64999.950000000004,64999.85,64999.75,64999.65,64999.55,64999.450000000004,64999.35,64999.25,64999.15]",65000.05,"[0.001,0.002,0.003,0.004,0.005,0.006,0.007,0.008,0.009000000000000001,0.01]",0.001,4615,mock,InstrumentType.Spot,615404144,mock,BTC-USDT
2199944884,0,0,1783610797316828281,101,depth,"[65000.26,65000.36,65000.46000000001,65000.560000000005,65000.66,65000.76,65000.86,65000.96000000001,65001.060000000005,65001.16]",65000.26,"[0.001,0.002,0.003,0.004,0.005,0.006,0.007,0.008,0.009000000000000001,0.01]",0.001,"[65000.060000000005,64999.96000000001,64999.86,64999.76,64999.66,64999.560000000005,64999.46000000001,64999.36,64999.26,64999.16]",65000.060000000005,"[0.001,0.002,0.003,0.004,0.005,0.006,0.007,0.008,0.009000000000000001,0.01]",0.001,4616,mock,InstrumentType.Spot,615404704,mock,BTC-USDT
2199944884,0,0,1783610797317128388,101,depth,"[65000.27,65000.369999999995,65000.47,65000.57,65000.67,65000.77,65000.869999999995,65000.97,65001.07,65001.17]",65000.27,"[0.001,0.002,0.003,0.004,0.005,0.006,0.007,0.008,0.009000000000000001,0.01]",0.001,"[65000.07,64999.97,64999.869999999995,64999.77,64999.67,64999.57,64999.47,64999.369999999995,64999.27,64999.17]",65000.07,"[0.001,0.002,0.003,0.004,0.005,0.006,0.007,0.008,0.009000000000000001,0.01]",0.001,4617,mock,InstrumentType.Spot,615405264,mock,BTC-USDT
2199944884,0,0,1783610797317428225,101,depth,"[65000.28,65000.38,65000.48,65000.58,65000.68,65000.78,65000.88,65000.98,65001.08,65001.18]",65000.28,"[0.001,0.002,0.003,0.004,0.005,0.006,0.007,0.008,0.009000000000000001,0.01]",0.001,"[65000.08,64999.98,64999.88,64999.78,64999.68,64999.58,64999.48,64999.38,64999.28,64999.18]",65000.08,"[0.001,0.002,0.003,0.004,0.005,0.006,0.007,0.008,0.009000000000000001,0.01]",0.001,4618,mock,InstrumentType.Spot,615405824,mock,BTC-USDT
2199944884,0,0,1783610797317728109,101,depth,"[65000.29,65000.39,65000.490000000005,65000.590000000004,65000.69,65000.79,65000.89,65000.990000000005,65001.090000000004,65001.19]",65000.29,"[0.001,0.002,0.003,0.004,0.005,0.006,0.007,0.008,0.009000000000000001,0.01]",0.001,"[65000.090000000004,64999.990000000005,64999.89,64999.79,64999.69,64999.590000000004,64999.490000000005,64999.39,64999.29,64999.19]",65000.090000000004,"[0.001,0.002,0.003,0.004,0.005,0.006,0.007,0.008,0.009000000000000001,0.01]",0.001,4619,mock,InstrumentType.Spot,615406384,mock,BTC-USDT
2199944884,0,0,1783610797318028025,101,depth,"[65000.299999999996,65000.399999999994,65000.5,65000.6,65000.7,65000.799999999996,65000.899999999994,65001.0,65001.1,65001.2]",65000.299999999996,"[0.001,0.002,0.003,0.004,0.005,0.006,0.007,0.008,0.009000000000000001,0.01]",0.001,"[65000.1,65000.0,64999.899999999994,64999.799999999996,64999.7,64999.6,64999.5,64999.399999999994,64999.299999999996,64999.2]",65000.1,"[0.001,0.002,0.003,0.004,0.005,0.006,0.007,0.008,0.009000000000000001,0.01]",0.001,4620,mock,InstrumentType.Spot,615406944,mock,BTC-USDT
2199944884,0,0,1783610797318333185,101,depth,"[65000.31,65000.409999999996,65000.51,65000.61,65000.71,65000.81,65000.909999999996,65001.01,65001.11,65001.21]",65000.31,"[0.001,0.002,0.003,0.004,0.005,0.006,0.007,0.008,0.009000000000000001,0.01]",0.001,"[65000.11,65000.01,64999.909999999996,64999.81,64999.71,64999.61,64999.51,64999.409999999996,64999.31,64999.21]",65000.11,"[0.001,0.002,0.003,0.004,0.005,0.006,0.007,0.008,0.009000000000000001,0.01]",0.001,4621,mock,InstrumentType.Spot,615407504,mock,BTC-USDT
2199944884,0,0,1783610797318643884,101,depth,"[65000.32,65000.42,65000.520000000004,65000.62,65000.72,65000.82,65000.92,65001.020000000004,65001.12,65001.22]",65000.32,"[0.001,0.002,0.003,0.004,0.005,0.006,0.007,0.008,0.009000000000000001,0.01]",0.001,"[65000.12,65000.020000000004,64999.92,64999.82,64999.72,64999.62,64999.520000000004,64999.42,64999.32,64999.22]",65000.12,"[0.001,0.002,0.003,0.004,0.005,0.006,0.007,0.008,0.009000000000000001,0.01]",0.001,4622,mock,InstrumentType.Spot,615408064,mock,BTC-USDT
2199944884,0,0,1783610797318962779,101,depth,"[65000.33,65000.43,65000.530000000006,65000.630000000005,65000.73,65000.83,65000.93,65001.030000000006,65001.130000000005,65001.23]",65000.33,"[0.001,0.002,0.003,0.004,0.005,0.006,0.007,0.008,0.009000000000000001,0.01]",0.001,"[65000.130000000005,65000.030000000006,64999.93,64999.83,64999.73,64999.630000000005,64999.530000000006,64999.43,64999.33,64999.23]",65000.130000000005,"[0.001,0.002,0.003,0.004,0.005,0.006,0.007,0.008,0.009000000000000001,0.01]",0.001,4623,mock,InstrumentType.Spot,615408624,mock,BTC-USDT
2199944884,0,0,1783610797319230939,101,depth,"[65000.34,65000.439999999995,65000.54,65000.64,65000.74,65000.84,65000.939999999995,65001.04,65001.14,65001.24]",65000.34,"[0.001,0.002,0.003,0.004,0.005,0.006,0.007,0.008,0.009000000000000001,0.01]",0.001,"[65000.14,65000.04,64999.939999999995,64999.84,64999.74,64999.64,64999.54,64999.439999999995,64999.34,64999.24]",65000.14,"[0.001,0.002,0.003,0.004,0.005,0.006,0.007,0.008,0.009000000000000001,0.01]",0.001,4624,mock,InstrumentType.Spot,615409184,mock,BTC-USDT
2199944884,0,0,1783610797319528627,101,depth,"[65000.35,65000.45,65000.55,65000.65,65000.75,65000.85,65000.95,65001.05,65001.15,65001.25]",65000.35,"[0.001,0.002,0.003,0.004,0.005,0.006,0.007,0.008,0.009000000000000001,0.01]",0.001,"[65000.15,65000.05,64999.95,64999.85,64999.75,64999.65,64999.55,64999.45,64999.35,64999.25]",65000.15,"[0.001,0.002,0.003,0.004,0.005,0.006,0.007,0.008,0.009000000000000001,0.01]",0.001,4625,mock,InstrumentType.Spot,615409744,mock,BTC-USDT
2199944884,0,0,1783610797319828772,101,depth,"[65000.36,65000.46,65000.560000000005,65000.66,65000.76,65000.86,65000.96,65001.060000000005,65001.16,65001.26]",65000.36,"[0.001,0.002,0.003,0.004,0.005,0.006,0.007,0.008,0.009000000000000001,0.01]",0.001,"[65000.16,65000.060000000005,64999.96,64999.86,64999.76,64999.66,64999.560000000005,64999.46,64999.36,64999.26]",65000.16,"[0.001,0.002,0.003,0.004,0.005,0.006,0.007,0.008,0.009000000000000001,0.01]",0.001,4626,mock,InstrumentType.Spot,615410304,mock,BTC-USDT
2199944884,0,0,1783610797320128671,101,depth,"[65000.369999999995,65000.469999999994,65000.57,65000.67,65000.77,65000.869999999995,65000.969999999994,65001.07,65001.17,65001.27]",65000.369999999995,"[0.001,0.002,0.003,0.004,0.005,0.006,0.007,0.008,0.009000000000000001,0.01]",0.001,"[65000.17,65000.07,64999.969999999994,64999.869999999995,64999.77,64999.67,64999.57,64999.469999999994,64999.369999999995,64999.27]",65000.17,"[0.001,0.002,0.003,0.004,0.005,0.006,0.007,0.008,0.009000000000000001,0.01]",0.001,4627,mock,InstrumentType.Spot,615410864,mock,BTC-USDT
2199944884,0,0,1783610797320428412,101,depth,"[65000.38,65000.479999999996,65000.58,65000.68,65000.78,65000.88,65000.979999999996,65001.08,65001.18,65001.28]",65000.38,"[0.001,0.002,0.003,0.004,0.005,0.006,0.007,0.008,0.009000000000000001,0.01]",0.001,"[65000.18,65000.08,64999.979999999996,64999.88,64999.78,64999.68,64999.58,64999.479999999996,64999.38,64999.28]",65000.18,"[0.001,0.002,0.003,0.004,0.005,0.006,0.007,0.008,0.009000000000000001,0.01]",0.001,4628,mock,InstrumentType.Spot,615411424,mock,BTC-USDT
2199944884,0,0,1783610797320728675,101,depth,"[65000.39,65000.49,65000.590000000004,65000.69,65000.79,65000.89,65000.99,65001.090000000004,65001.19,65001.29]",65000.39,"[0.001,0.002,0.003,0.004,0.005,0.006,0.007,0.008,0.009000000000000001,0.01]",0.001,"[65000.19,65000.090000000004,64999.99,64999.89,64999.79,64999.69,64999.590000000004,64999.49,64999.39,64999.29]",65000.19,"[0.001,0.002,0.003,0.004,0.005,0.006,0.007,0.008,0.009000000000000001,0.01]",0.001,4629,mock,InstrumentType.Spot,615411984,mock,BTC-USDT
2199944884,0,0,1783610797321028263,101,depth,"[65000.4,65000.5,65000.600000000006,65000.700000000004,65000.8,65000.9,65001.0,65001.100000000006,65001.200000000004,65001.3]",65000.4,"[0.001,0.002,0.003,0.004,0.005,0.006,0.007,0.008,0.009000000000000001,0.01]",0.001,"[65000.200000000004,65000.100000000006,65000.0,64999.9,64999.8,64999.700000000004,64999.600000000006,64999.5,64999.4,64999.3]",65000.200000000004,"[0.001,0.002,0.003,0.004,0.005,0.006,0.007,0.008,0.009000000000000001,0.01]",0.001,4630,mock,InstrumentType.Spot,615412544,mock,BTC-USDT
2199944884,0,0,1783610797321343550,101,depth,"[65000.409999999996,65000.509999999995,65000.61,65000.71,65000.81,65000.909999999996,65001.009999999995,65001.11,65001.21,65001.31]",65000.409999999996,"[0.001,0.002,0.003,0.004,0.005,0.006,0.007,0.008,0.009000000000000001,0.01]",0.001,"[65000.21,65000.11,65000.009999999995,64999.909999999996,64999.81,64999.71,64999.61,64999.509999999995,64999.409999999996,64999.31]",65000.21,"[0.001,0.002,0.003,0.004,0.005,0.006,0.007,0.008,0.009000000000000001,0.01]",0.001,4631,mock,InstrumentType.Spot,615413104,mock,BTC-USDT
2199944884,0,0,1783610797321628215,101,depth,"[65000.42,65000.52,65000.62,65000.72,65000.82,65000.92,65001.02,65001.12,65001.22,65001.32]",65000.42,"[0.001,0.002,0.003,0.004,0.005,0.006,0.007,0.008,0.009000000000000001,0.01]",0.001,"[65000.22,65000.12,65000.02,64999.92,64999.82,64999.72,64999.62,64999.52,64999.42,64999.32]",65000.22,"[0.001,0.002,0.003,0.004,0.005,0.006,0.007,0.008,0.009000000000000001,0.01]",0.001,4632,mock,InstrumentType.Spot,615413664,mock,BTC-USDT
2199944884,0,0,1783610797321927967,101,depth,"[65000.43,65000.53,65000.630000000005,65000.73,65000.83,65000.93,65001.03,65001.130000000005,65001.23,65001.33]",65000.43,"[0.001,0.002,0.003,0.004,0.005,0.006,0.007,0.008,0.009000000000000001,0.01]",0.001,"[65000.23,65000.130000000005,65000.03,64999.93,64999.83,64999.73,64999.630000000005,64999.53,64999.43,64999.33]",65000.23,"[0.001,0.002,0.003,0.004,0.005,0.006,0.007,0.008,0.009000000000000001,0.01]",0.001,4633,mock,InstrumentType.Spot,615414224,mock,BTC-USDT
2199944884,0,0,1783610797322228035,101,depth,"[65000.439999999995,65000.53999999999,65000.64,65000.74,65000.84,65000.939999999995,65001.03999999999,65001.14,65001.24,65001.34]",65000.439999999995,"[0.001,0.002,0.003,0.004,0.005,0.006,0.007,0.008,0.009000000000000001,0.01]",0.001,"[65000.24,65000.14,65000.03999999999,64999.939999999995,64999.84,64999.74,64999.64,64999.53999999999,64999.439999999995,64999.34]",65000.24,"[0.001,0.002,0.003,0.004,0.005,0.006,0.007,0.008,0.009000000000000001,0.01]",0.001,4634,mock,InstrumentType.Spot,615414784,mock,BTC-USDT
2199944884,0,0,1783610797322527936,101,depth,"[65000.45,65000.549999999996,65000.65,65000.75,65000.85,65000.95,65001.049999999996,65001.15,65001.25,65001.35]",65000.45,"[0.001,0.002,0.003,0.004,0.005,0.006,0.007,0.008,0.009000000000000001,0.01]",0.001,"[65000.25,65000.15,65000.049999999996,64999.95,64999.85,64999.75,64999.65,64999.549999999996,64999.45,64999.35]",65000.25,"[0.001,0.002,0.003,0.004,0.005,0.006,0.007,0.008,0.009000000000000001,0.01]",0.001,4635,mock,InstrumentType.Spot,615415344,mock,BTC-USDT
2199944884,0,0,1783610797322828026,101,depth,"[65000.46,65000.56,65000.66,65000.76,65000.86,65000.96,65001.06,65001.16,65001.26,65001.36]",65000.46,"[0.001,0.002,0.003,0.004,0.005,0.006,0.007,0.008,0.009000000000000001,0.01]",0.001,"[65000.26,65000.16,65000.06,64999.96,64999.86,64999.76,64999.66,64999.56,64999.46,64999.36]",65000.26,"[0.001,0.002,0.003,0.004,0.005,0.006,0.007,0.008,0.009000000000000001,0.01]",0.001,4636,mock,InstrumentType.Spot,615415904,mock,BTC-USDT
2199944884,0,0,1783610797323127933,101,depth,"[65000.47,65000.57,65000.670000000006,65000.770000000004,65000.87,65000.97,65001.07,65001.170000000006,65001.270000000004,65001.37]",65000.47,"[0.001,0.002,0.003,0.004,0.005,0.006,0.007,0.008,0.009000000000000001,0.01]",0.001,"[65000.270000000004,65000.170000000006,65000.07,64999.97,64999.87,64999.770000000004,64999.670000000006,64999.57,64999.47,64999.37]",65000.270000000004,"[0.001,0.002,0.003,0.004,0.005,0.006,0.007,0.008,0.009000000000000001,0.01]",0.001,4637,mock,InstrumentType.Spot,615416464,mock,BTC-USDT
2199944884,0,0,1783610797323427963,101,depth,"[65000.479999999996,65000.579999999994,65000.68,65000.78,65000.88,65000.979999999996,65001.079999999994,65001.18,65001.28,65001.38]",65000.479999999996,"[0.001,0.002,0.003,0.004,0.005,0.006,0.007,0.008,0.009000000000000001,0.01]",0.001,"[65000.28,65000.18,65000.079999999994,64999.979999999996,64999.88,64999.78,64999.68,64999.579999999994,64999.479999999996,64999.38]",65000.28,"[0.001,0.002,0.003,0.004,0.005,0.006,0.007,0.008,0.009000000000000001,0.01]",0.001,4638,mock,InstrumentType.Spot,615417024,mock,BTC-USDT
2199944884,0,0,1783610797323727917,101,depth,"[65000.49,65000.59,65000.69,65000.79,65000.89,65000.99,65001.09,65001.19,65001.29,65001.39]",65000.49,"[0.001,0.002,0.003,0.004,0.005,0.006,0.007,0.008,0.009000000000000001,0.01]",0.001,"[65000.29,65000.19,65000.09,64999.99,64999.89,64999.79,64999.69,64999.59,64999.49,64999.39]",65000.29,"[0.001,0.002,0.003,0.004,0.005,0.006,0.007,0.008,0.009000000000000001,0.01]",0.001,4639,mock,InstrumentType.Spot,615417584,mock,BTC-USDT
2199944884,0,0,1783610797324034141,101,depth,"[65000.5,65000.6,65000.700000000004,65000.8,65000.9,65001.0,65001.1,65001.200000000004,65001.3,65001.4]",65000.5,"[0.001,0.002,0.003,0.004,0.005,0.006,0.007,0.008,0.009000000000000001,0.01]",0.001,"[65000.3,65000.200000000004,65000.1,65000.0,64999.9,64999.8,64999.700000000004,64999.6,64999.5,64999.4]",65000.3,"[0.001,0.002,0.003,0.004,0.005,0.006,0.007,0.008,0.009000000000000001,0.01]",0.001,4640,mock,InstrumentType.Spot,615418144,mock,BTC-USDT
2199944884,0,0,1783610797324328093,101,depth,"[65000.51,65000.61,65000.71000000001,65000.810000000005,65000.91,65001.01,65001.11,65001.21000000001,65001.310000000005,65001.41]",65000.51,"[0.001,0.002,0.003,0.004,0.005,0.006,0.007,0.008,0.009000000000000001,0.01]",0.001,"[65000.310000000005,65000.21000000001,65000.11,65000.01,64999.91,64999.810000000005,64999.71000000001,64999.61,64999.51,64999.41]",65000.310000000005,"[0.001,0.002,0.003,0.004,0.005,0.006,0.007,0.008,0.009000000000000001,0.01]",0.001,4641,mock,InstrumentType.Spot,615418704,mock,BTC-USDT
2199944884,0,0,1783610797324628014,101,depth,"[65000.52,65000.619999999995,65000.72,65000.82,65000.92,65001.02,65001.119999999995,65001.22,65001.32,65001.42]",65000.52,"[0.001,0.002,0.003,0.004,0.005,0.006,0.007,0.008,0.009000000000000001,0.01]",0.001,"[65000.32,65000.22,65000.119999999995,65000.02,64999.92,64999.82,64999.72,64999.619999999995,64999.52,64999.42]",65000.32,"[0.001,0.002,0.003,0.004,0.005,0.006,0.007,0.008,0.009000000000000001,0.01]",0.001,4642,mock,InstrumentType.Spot,615419264,mock,BTC-USDT
2199944884,0,0,1783610797324927655,101,depth,"[65000.53,65000.63,65000.73,65000.83,65000.93,65001.03,65001.13,65001.23,65001.33,65001.43]",65000.53,"[0.001,0.002,0.003,0.004,0.005,0.006,0.007,0.008,0.009000000000000001,0.01]",0.001,"[65000.33,65000.23,65000.13,65000.03,64999.93,64999.83,64999.73,64999.63,64999.53,64999.43]",65000.33,"[0.001,0.002,0.003,0.004,0.005,0.006,0.007,0.008,0.009000000000000001,0.01]",0.001,4643,mock,InstrumentType.Spot,615419824,mock,BTC-USDT
2199944884,0,0,1783610797325227717,101,depth,"[65000.54,65000.64,65000.740000000005,65000.840000000004,65000.94,65001.04,65001.14,65001.240000000005,65001.340000000004,65001.44]",65000.54,"[0.001,0.002,0.003,0.004,0.005,0.006,0.007,0.008,0.009000000000000001,0.01]",0.001,"[65000.340000000004,65000.240000000005,65000.14,65000.04,64999.94,64999.840000000004,64999.740000000005,64999.64,64999.54,64999.44]",65000.340000000004,"[0.001,0.002,0.003,0.004,0.005,0.006,0.007,0.008,0.009000000000000001,0.01]",0.001,4644,mock,InstrumentType.Spot,615420384,mock,BTC-USDT
2199944884,0,0,1783610797325527775,101,depth,"[65000.549999999996,65000.649999999994,65000.75,65000.85,65000.95,65001.049999999996,65001.149999999994,65001.25,65001.35,65001.45]",65000.549999999996,"[0.001,0.002,0.003,0.004,0.005,0.006,0.007,0.008,0.009000000000000001,0.01]",0.001,"[65000.35,65000.25,65000.149999999994,65000.049999999996,64999.95,64999.85,64999.75,64999.649999999994,64999.549999999996,64999.45]",65000.35,"[0.001,0.002,0.003,0.004,0.005,0.006,0.007,0.008,0.009000000000000001,0.01]",0.001,4645,mock,InstrumentType.Spot,615420944,mock,BTC-USDT
2199944884,0,0,1783610797325827598,101,depth,"[65000.56,65000.659999999996,65000.76,65000.86,65000.96,65001.06,65001.159999999996,65001.26,65001.36,65001.46]",65000.56,"[0.001,0.002,0.003,0.004,0.005,0.006,0.007,0.008,0.009000000000000001,0.01]",0.001,"[65000.36,65000.26,65000.159999999996,65000.06,64999.96,64999.86,64999.76,64999.659999999996,64999.56,64999.46]",65000.36,"[0.001,0.002,0.003,0.004,0.005,0.006,0.007,0.008,0.009000000000000001,0.01]",0.001,4646,mock,InstrumentType.Spot,615126144,mock,BTC-USDT
2199944884,0,0,1783610797326134651,101,depth,"[65000.57,65000.67,65000.770000000004,65000.87,65000.97,65001.07,65001.17,65001.270000000004,65001.37,65001.47]",65000.57,"[0.001,0.002,0.003,0.004,0.005,0.006,0.007,0.008,0.009000000000000001,0.01]",0.001,"[65000.37,65000.270000000004,65000.17,65000.07,64999.97,64999.87,64999.770000000004,64999.67,64999.57,64999.47]",65000.37,"[0.001,0.002,0.003,0.004,0.005,0.006,0.007,0.008,0.009000000000000001,0.01]",0.001,4647,mock,InstrumentType.Spot,615126704,mock,BTC-USDT
2199944884,0,0,1783610797326427712,101,depth,"[65000.58,65000.68,65000.780000000006,65000.880000000005,65000.98,65001.08,65001.18,65001.280000000006,65001.380000000005,65001.48]",65000.58,"[0.001,0.002,0.003,0.004,0.005,0.006,0.007,0.008,0.009000000000000001,0.01]",0.001,"[65000.380000000005,65000.280000000006,65000.18,65000.08,64999.98,64999.880000000005,64999.780000000006,64999.68,64999.58,64999.48]",65000.380000000005,"[0.001,0.002,0.003,0.004,0.005,0.006,0.007,0.008,0.009000000000000001,0.01]",0.001,4648,mock,InstrumentType.Spot,615127264,mock,BTC-USDT
2199944884,0,0,1783610797326727660,101,depth,"[65000.59,65000.689999999995,65000.79,65000.89,65000.99,65001.09,65001.189999999995,65001.29,65001.39,65001.49]",65000.59,"[0.001,0.002,0.003,0.004,0.005,0.006,0.007,0.008,0.009000000000000001,0.01]",0.001,"[65000.39,65000.29,65000.189999999995,65000.09,64999.99,64999.89,64999.79,64999.689999999995,64999.59,64999.49]",65000.39,"[0.001,0.002,0.003,0.004,0.005,0.006,0.007,0.008,0.009000000000000001,0.01]",0.001,4649,mock,InstrumentType.Spot,615127824,mock,BTC-USDT
2199944884,0,0,1783610797327032685,101,depth,"[65000.6,65000.7,65000.8,65000.9,65001.0,65001.1,65001.2,65001.3,65001.4,65001.5]",65000.6,"[0.001,0.002,0.003,0.004,0.005,0.006,0.007,0.008,0.009000000000000001,0.01]",0.001,"[65000.4,65000.3,65000.2,65000.1,65000.0,64999.9,64999.8,64999.7,64999.6,64999.5]",65000.4,"[0.001,0.002,0.003,0.004,0.005,0.006,0.007,0.008,0.009000000000000001,0.01]",0.001,4650,mock,InstrumentType.Spot,615128384,mock,BTC-USDT
2199944884,0,0,1783610797327327760,101,depth,"[65000.61,65000.71,65000.810000000005,65000.91,65001.01,65001.11,65001.21,65001.310000000005,65001.41,65001.51]",65000.61,"[0.001,0.002,0.003,0.004,0.005,0.006,0.007,0.008,0.009000000000000001,0.01]",0.001,"[65000.41,65000.310000000005,65000.21,65000.11,65000.01,64999.91,64999.810000000005,64999.71,64999.61,64999.51]",65000.41,"[0.001,0.002,0.003,0.004,0.005,0.006,0.007,0.008,0.009000000000000001,0.01]",0.001,4651,mock,InstrumentType.Spot,615128944,mock,BTC-USDT
2199944884,0,0,1783610797327627712,101,depth,"[65000.619999999995,65000.719999999994,65000.82,65000.92,65001.02,65001.119999999995,65001.219999999994,65001.32,65001.42,65001.52]",65000.619999999995,"[0.001,0.002,0.003,0.004,0.005,0.006,0.007,0.008,0.009000000000000001,0.01]",0.001,"[65000.42,65000.32,65000.219999999994,65000.119999999995,65000.02,64999.92,64999.82,64999.719999999994,64999.619999999995,64999.52]",65000.42,"[0.001,0.002,0.003,0.004,0.005,0.006,0.007,0.008,0.009000000000000001,0.01]",0.001,4652,mock,InstrumentType.Spot,615129504,mock,BTC-USDT
2199944884,0,0,1783610797327927688,101,depth,"[65000.63,65000.729999999996,65000.83,65000.93,65001.03,65001.13,65001.229999999996,65001.33,65001.43,65001.53]",65000.63,"[0.001,0.002,0.003,0.004,0.005,0.006,0.007,0.008,0.009000000000000001,0.01]",0.001,"[65000.43,65000.33,65000.229999999996,65000.13,65000.03,64999.93,64999.83,64999.729999999996,64999.63,64999.53]",65000.43,"[0.001,0.002,0.003,0.004,0.005,0.006,0.007,0.008,0.009000000000000001,0.01]",0.001,4653,mock,InstrumentType.Spot,615130064,mock,BTC-USDT
2199944884,0,0,1783610797328227778,101,depth,"[65000.64,65000.74,65000.840000000004,65000.94,65001.04,65001.14,65001.24,65001.340000000004,65001.44,65001.54]",65000.64,"[0.001,0.002,0.003,0.004,0.005,0.006,0.007,0.008,0.009000000000000001,0.01]",0.001,"[65000.44,65000.340000000004,65000.24,65000.14,65000.04,64999.94,64999.840000000004,64999.74,64999.64,64999.54]",65000.44,"[0.001,0.002,0.003,0.004,0.005,0.006,0.007,0.008,0.009000000000000001,0.01]",0.001,4654,mock,InstrumentType.Spot,615130624,mock,BTC-USDT
2199944884,0,0,1783610797328527709,101,depth,"[65000.65,65000.75,65000.850000000006,65000.950000000004,65001.05,65001.15,65001.25,65001.350000000006,65001.450000000004,65001.55]",65000.65,"[0.001,0.002,0.003,0.004,0.005,0.006,0.007,0.008,0.009000000000000001,0.01]",0.001,"[65000.450000000004,65000.350000000006,65000.25,65000.15,65000.05,64999.950000000004,64999.850000000006,64999.75,64999.65,64999.55]",65000.450000000004,"[0.001,0.002,0.003,0.004,0.005,0.006,0.007,0.008,0.009000000000000001,0.01]",0.001,4655,mock,InstrumentType.Spot,615131184,mock,BTC-USDT
2199944884,0,0,1783610797328827661,101,depth,"[65000.659999999996,65000.759999999995,65000.86,65000.96,65001.06,65001.159999999996,65001.259999999995,65001.36,65001.46,65001.56]",65000.659999999996,"[0.001,0.002,0.003,0.004,0.005,0.006,0.007,0.008,0.009000000000000001,0.01]",0.001,"[65000.46,65000.36,65000.259999999995,65000.159999999996,65000.06,64999.96,64999.86,64999.759999999995,64999.659999999996,64999.56]",65000.46,"[0.001,0.002,0.003,0.004,0.005,0.006,0.007,0.008,0.009000000000000001,0.01]",0.001,4656,mock,InstrumentType.Spot,615131744,mock,BTC-USDT
2199944884,0,0,1783610797329130719,101,depth,"[65000.67,65000.77,65000.87,65000.97,65001.07,65001.17,65001.27,65001.37,65001.47,65001.57]",65000.67,"[0.001,0.002,0.003,0.004,0.005,0.006,0.007,0.008,0.009000000000000001,0.01]",0.001,"[65000.47,65000.37,65000.27,65000.17,65000.07,64999.97,64999.87,64999.77,64999.67,64999.57]",65000.47,"[0.001,0.002,0.003,0.004,0.005,0.006,0.007,0.008,0.009000000000000001,0.01]",0.001,4657,mock,InstrumentType.Spot,615132304,mock,BTC-USDT
2199944884,0,0,1783610797329431007,101,depth,"[65000.68,65000.78,65000.880000000005,65000.98,65001.08,65001.18,65001.28,65001.380000000005,65001.48,65001.58]",65000.68,"[0.001,0.002,0.003,0.004,0.005,0.006,0.007,0.008,0.009000000000000001,0.01]",0.001,"[65000.48,65000.380000000005,65000.28,65000.18,65000.08,64999.98,64999.880000000005,64999.78,64999.68,64999.58]",65000.48,"[0.001,0.002,0.003,0.004,0.005,0.006,0.007,0.008,0.009000000000000001,0.01]",0.001,4658,mock,InstrumentType.Spot,615132864,mock,BTC-USDT
2199944884,0,0,1783610797329729910,101,depth,"[65000.689999999995,65000.78999999999,65000.89,65000.99,65001.09,65001.189999999995,65001.28999999999,65001.39,65001.49,65001.59]",65000.689999999995,"[0.001,0.002,0.003,0.004,0.005,0.006,0.007,0.008,0.009000000000000001,0.01]",0.001,"[65000.49,65000.39,65000.28999999999,65000.189999999995,65000.09,64999.99,64999.89,64999.78999999999,64999.689999999995,64999.59]",65000.49,"[0.001,0.002,0.003,0.004,0.005,0.006,0.007,0.008,0.009000000000000001,0.01]",0.001,4659,mock,InstrumentType.Spot,615133424,mock,BTC-USDT
2199944884,0,0,1783610797330047239,101,depth,"[65000.7,65000.799999999996,65000.9,65001.0,65001.1,65001.2,65001.299999999996,65001.4,65001.5,65001.6]",65000.7,"[0.001,0.002,0.003,0.004,0.005,0.006,0.007,0.008,0.009000000000000001,0.01]",0.001,"[65000.5,65000.4,65000.299999999996,65000.2,65000.1,65000.0,64999.9,64999.799999999996,64999.7,64999.6]",65000.5,"[0.001,0.002,0.003,0.004,0.005,0.006,0.007,0.008,0.009000000000000001,0.01]",0.001,4660,mock,InstrumentType.Spot,615133984,mock,BTC-USDT
2199944884,0,0,1783610797330328126,101,depth,"[65000.71,65000.81,65000.91,65001.01,65001.11,65001.21,65001.31,65001.41,65001.51,65001.61]",65000.71,"[0.001,0.002,0.003,0.004,0.005,0.006,0.007,0.008,0.009000000000000001,0.01]",0.001,"[65000.51,65000.41,65000.31,65000.21,65000.11,65000.01,64999.91,64999.81,64999.71,64999.61]",65000.51,"[0.001,0.002,0.003,0.004,0.005,0.006,0.007,0.008,0.009000000000000001,0.01]",0.001,4661,mock,InstrumentType.Spot,615134544,mock,BTC-USDT
2199944884,0,0,1783610797330627814,101,depth,"[65000.72,65000.82,65000.920000000006,65001.020000000004,65001.12,65001.22,65001.32,65001.420000000006,65001.520000000004,65001.62]",65000.72,"[0.001,0.002,0.003,0.004,0.005,0.006,0.007,0.008,0.009000000000000001,0.01]",0.001,"[65000.520000000004,65000.420000000006,65000.32,65000.22,65000.12,65000.020000000004,64999.920000000006,64999.82,64999.72,64999.62]",65000.520000000004,"[0.001,0.002,0.003,0.004,0.005,0.006,0.007,0.008,0.009000000000000001,0.01]",0.001,4662,mock,InstrumentType.Spot,615135104,mock,BTC-USDT
2199944884,0,0,1783610797330928121,101,depth,"[65000.729999999996,65000.829999999994,65000.93,65001.03,65001.13,65001.229999999996,65001.329999999994,65001.43,65001.53,65001.63]",65000.729999999996,"[0.001,0.002,0.003,0.004,0.005,0.006,0.007,0.008,0.009000000000000001,0.01]",0.001,"[65000.53,65000.43,65000.329999999994,65000.229999999996,65000.13,65000.03,64999.93,64999.829999999994,64999.729999999996,64999.63]",65000.53,"[0.001,0.002,0.003,0.004,0.005,0.006,0.007,0.008,0.009000000000000001,0.01]",0.001,4663,mock,InstrumentType.Spot,615135664,mock,BTC-USDT
2199944884,0,0,1783610797331228368,101,depth,"[65000.74,65000.84,65000.94,65001.04,65001.14,65001.24,65001.34,65001.44,65001.54,65001.64]",65000.74,"[0.001,0.002,0.003,0.004,0.005,0.006,0.007,0.008,0.009000000000000001,0.01]",0.001,"[65000.54,65000.44,65000.34,65000.24,65000.14,65000.04,64999.94,64999.84,64999.74,64999.64]",65000.54,"[0.001,0.002,0.003,0.004,0.005,0.006,0.007,0.008,0.009000000000000001,0.01]",0.001,4664,mock,InstrumentType.Spot,615136224,mock,BTC-USDT
2199944884,0,0,1783610797331527901,101,depth,"[65000.75,65000.85,65000.950000000004,65001.05,65001.15,65001.25,65001.35,65001.450000000004,65001.55,65001.65]",65000.75,"[0.001,0.002,0.003,0.004,0.005,0.006,0.007,0.008,0.009000000000000001,0.01]",0.001,"[65000.55,65000.450000000004,65000.35,65000.25,65000.15,65000.05,64999.950000000004,64999.85,64999.75,64999.65]",65000.55,"[0.001,0.002,0.003,0.004,0.005,0.006,0.007,0.008,0.009000000000000001,0.01]",0.001,4665,mock,InstrumentType.Spot,615136784,mock,BTC-USDT
2199944884,0,0,1783610797331827901,101,depth,"[65000.76,65000.86,65000.96000000001,65001.060000000005,65001.16,65001.26,65001.36,65001.46000000001,65001.560000000005,65001.66]",65000.76,"[0.001,0.002,0.003,0.004,0.005,0.006,0.007,0.008,0.009000000000000001,0.01]",0.001,"[65000.560000000005,65000.46000000001,65000.36,65000.26,65000.16,65000.060000000005,64999.96000000001,64999.86,64999.76,64999.66]",65000.560000000005,"[0.001,0.002,0.003,0.004,0.005,0.006,0.007,0.008,0.009000000000000001,0.01]",0.001,4666,mock,InstrumentType.Spot,615137344,mock,BTC-USDT
2199944884,0,0,1783610797332127828,101,depth,"[65000.77,65000.869999999995,65000.97,65001.07,65001.17,65001.27,65001.369999999995,65001.47,65001.57,65001.67]",65000.77,"[0.001,0.002,0.003,0.004,0.005,0.006,0.007,0.008,0.009000000000000001,0.01]",0.001,"[65000.57,65000.47,65000.369999999995,65000.27,65000.17,65000.07,64999.97,64999.869999999995,64999.77,64999.67]",65000.57,"[0.001,0.002,0.003,0.004,0.005,0.006,0.007,0.008,0.009000000000000001,0.01]",0.001,4667,mock,InstrumentType.Spot,615137904,mock,BTC-USDT
2199944884,0,0,1783610797332429072,101,depth,"[65000.78,65000.88,65000.98,65001.08,65001.18,65001.28,65001.38,65001.48,65001.58,65001.68]",65000.78,"[0.001,0.002,0.003,0.004,0.005,0.006,0.007,0.008,0.009000000000000001,0.01]",0.001,"[65000.58,65000.48,65000.38,65000.28,65000.18,65000.08,64999.98,64999.88,64999.78,64999.68]",65000.58,"[0.001,0.002,0.003,0.004,0.005,0.006,0.007,0.008,0.009000000000000001,0.01]",0.001,4668,mock,InstrumentType.Spot,615138464,mock,BTC-USDT
2199944884,0,0,1783610797332744403,101,depth,"[65000.79,65000.89,65000.990000000005,65001.090000000004,65001.19,65001.29,65001.39,65001.490000000005,65001.590000000004,65001.69]",65000.79,"[0.001,0.002,0.003,0.004,0.005,0.006,0.007,0.008,0.009000000000000001,0.01]",0.001,"[65000.590000000004,65000.490000000005,65000.39,65000.29,65000.19,65000.090000000004,64999.990000000005,64999.89,64999.79,64999.69]",65000.590000000004,"[0.001,0.002,0.003,0.004,0.005,0.006,0.007,0.008,0.009000000000000001,0.01]",0.001,4669,mock,InstrumentType.Spot,615139024,mock,BTC-USDT
2199944884,0,0,1783610797333028787,101,depth,"[65000.799999999996,65000.899999999994,65001.0,65001.1,65001.2,65001.299999999996,65001.399999999994,65001.5,65001.6,65001.7]",65000.799999999996,"[0.001,0.002,0.003,0.004,0.005,0.006,0.007,0.008,0.009000000000000001,0.01]",0.001,"[65000.6,65000.5,65000.399999999994,65000.299999999996,65000.2,65000.1,65000.0,64999.899999999994,64999.799999999996,64999.7]",65000.6,"[0.001,0.002,0.003,0.004,0.005,0.006,0.007,0.008,0.009000000000000001,0.01]",0.001,4670,mock,InstrumentType.Spot,615139584,mock,BTC-USDT
2199944884,0,0,1783610797333327949,101,depth,"[65000.81,65000.909999999996,65001.01,65001.11,65001.21,65001.31,65001.409999999996,65001.51,65001.61,65001.71]",65000.81,"[0.001,0.002,0.003,0.004,0.005,0.006,0.007,0.008,0.009000000000000001,0.01]",0.001,"[65000.61,65000.51,65000.409999999996,65000.31,65000.21,65000.11,65000.01,64999.909999999996,64999.81,64999.71]",65000.61,"[0.001,0.002,0.003,0.004,0.005,0.006,0.007,0.008,0.009000000000000001,0.01]",0.001,4671,mock,InstrumentType.Spot,615140144,mock,BTC-USDT
2199944884,0,0,1783610797333627951,101,depth,"[65000.82,65000.92,65001.020000000004,65001.12,65001.22,65001.32,65001.42,65001.520000000004,65001.62,65001.72]",65000.82,"[0.001,0.002,0.003,0.004,0.005,0.006,0.007,0.008,0.009000000000000001,0.01]",0.001,"[65000.62,65000.520000000004,65000.42,65000.32,65000.22,65000.12,65000.020000000004,64999.92,64999.82,64999.72]",65000.62,"[0.001,0.002,0.003,0.004,0.005,0.006,0.007,0.008,0.009000000000000001,0.01]",0.001,4672,mock,InstrumentType.Spot,615140704,mock,BTC-USDT
2199944884,0,0,1783610797333928110,101,depth,"[65000.83,65000.93,65001.030000000006,65001.130000000005,65001.23,65001.33,65001.43,65001.530000000006,65001.630000000005,65001.73]",65000.83,"[0.001,0.002,0.003,0.004,0.005,0.006,0.007,0.008,0.009000000000000001,0.01]",0.001,"[65000.630000000005,65000.530000000006,65000.43,65000.33,65000.23,65000.130000000005,65000.030000000006,64999.93,64999.83,64999.73]",65000.630000000005,"[0.001,0.002,0.003,0.004,0.005,0.006,0.007,0.008,0.009000000000000001,0.01]",0.001,4673,mock,InstrumentType.Spot,615141264,mock,BTC-USDT
2199944884,0,0,1783610797334228453,101,depth,"[65000.84,65000.939999999995,65001.04,65001.14,65001.24,65001.34,65001.439999999995,65001.54,65001.64,65001.74]",65000.84,"[0.001,0.002,0.003,0.004,0.005,0.006,0.007,0.008,0.009000000000000001,0.01]",0.001,"[65000.64,65000.54,65000.439999999995,65000.34,65000.24,65000.14,65000.04,64999.939999999995,64999.84,64999.74]",65000.64,"[0.001,0.002,0.003,0.004,0.005,0.006,0.007,0.008,0.009000000000000001,0.01]",0.001,4674,mock,InstrumentType.Spot,615141824,mock,BTC-USDT
2199944884,0,0,1783610797334528239,101,depth,"[65000.85,65000.95,65001.05,65001.15,65001.25,65001.35,65001.45,65001.55,65001.65,65001.75]",65000.85,"[0.001,0.002,0.003,0.004,0.005,0.006,0.007,0.008,0.009000000000000001,0.01]",0.001,"[65000.65,65000.55,65000.45,65000.35,65000.25,65000.15,65000.05,64999.95,64999.85,64999.75]",65000.65,"[0.001,0.002,0.003,0.004,0.005,0.006,0.007,0.008,0.009000000000000001,0.01]",0.001,4675,mock,InstrumentType.Spot,615142384,mock,BTC-USDT
2199944884,0,0,1783610797334831303,101,depth,"[65000.86,65000.96,65001.060000000005,65001.16,65001.26,65001.36,65001.46,65001.560000000005,65001.66,65001.76]",65000.86,"[0.001,0.002,0.003,0.004,0.005,0.006,0.007,0.008,0.009000000000000001,0.01]",0.001,"[65000.66,65000.560000000005,65000.46,65000.36,65000.26,65000.16,65000.060000000005,64999.96,64999.86,64999.76]",65000.66,"[0.001,0.002,0.003,0.004,0.005,0.006,0.007,0.008,0.009000000000000001,0.01]",0.001,4676,mock,InstrumentType.Spot,615142944,mock,BTC-USDT
2199944884,0,0,1783610797335127873,101,depth,"[65000.869999999995,65000.969999999994,65001.07,65001.17,65001.27,65001.369999999995,65001.469999999994,65001.57,65001.67,65001.77]",65000.869999999995,"[0.001,0.002,0.003,0.004,0.005,0.006,0.007,0.008,0.009000000000000001,0.01]",0.001,"[65000.67,65000.57,65000.469999999994,65000.369999999995,65000.27,65000.17,65000.07,64999.969999999994,64999.869999999995,64999.77]",65000.67,"[0.001,0.002,0.003,0.004,0.005,0.006,0.007,0.008,0.009000000000000001,0.01]",0.001,4677,mock,InstrumentType.Spot,615143504,mock,BTC-USDT
2199944884,0,0,1783610797335427923,101,depth,"[65000.88,65000.979999999996,65001.08,65001.18,65001.28,65001.38,65001.479999999996,65001.58,65001.68,65001.78]",65000.88,"[0.001,0.002,0.003,0.004,0.005,0.006,0.007,0.008,0.009000000000000001,0.01]",0.001,"[65000.68,65000.58,65000.479999999996,65000.38,65000.28,65000.18,65000.08,64999.979999999996,64999.88,64999.78]",65000.68,"[0.001,0.002,0.003,0.004,0.005,0.006,0.007,0.008,0.009000000000000001,0.01]",0.001,4678,mock,InstrumentType.Spot,615144064,mock,BTC-USDT
2199944884,0,0,1783610797335734480,101,depth,"[65000.89,65000.99,65001.090000000004,65001.19,65001.29,65001.39,65001.49,65001.590000000004,65001.69,65001.79]",65000.89,"[0.001,0.002,0.003,0.004,0.005,0.006,0.007,0.008,0.009000000000000001,0.01]",0.001,"[65000.69,65000.590000000004,65000.49,65000.39,65000.29,65000.19,65000.090000000004,64999.99,64999.89,64999.79]",65000.69,"[0.001,0.002,0.003,0.004,0.005,0.006,0.007,0.008,0.009000000000000001,0.01]",0.001,4679,mock,InstrumentType.Spot,615144624,mock,BTC-USDT
2199944884,0,0,1783610797336028086,101,depth,"[65000.9,65001.0,65001.100000000006,65001.200000000004,65001.3,65001.4,65001.5,65001.600000000006,65001.700000000004,65001.8]",65000.9,"[0.001,0.002,0.003,0.004,0.005,0.006,0.007,0.008,0.009000000000000001,0.01]",0.001,"[65000.700000000004,65000.600000000006,65000.5,65000.4,65000.3,65000.200000000004,65000.100000000006,65000.0,64999.9,64999.8]",65000.700000000004,"[0.001,0.002,0.003,0.004,0.005,0.006,0.007,0.008,0.009000000000000001,0.01]",0.001,4680,mock,InstrumentType.Spot,615145184,mock,BTC-USDT
2199944884,0,0,1783610797336327892,101,depth,"[65000.909999999996,65001.009999999995,65001.11,65001.21,65001.31,65001.409999999996,65001.509999999995,65001.61,65001.71,65001.81]",65000.909999999996,"[0.001,0.002,0.003,0.004,0.005,0.006,0.007,0.008,0.009000000000000001,0.01]",0.001,"[65000.71,65000.61,65000.509999999995,65000.409999999996,65000.31,65000.21,65000.11,65000.009999999995,64999.909999999996,64999.81]",65000.71,"[0.001,0.002,0.003,0.004,0.005,0.006,0.007,0.008,0.009000000000000001,0.01]",0.001,4681,mock,InstrumentType.Spot,615145744,mock,BTC-USDT
2199944884,0,0,1783610797336627982,101,depth,"[65000.92,65001.02,65001.12,65001.22,65001.32,65001.42,65001.52,65001.62,65001.72,65001.82]",65000.92,"[0.001,0.002,0.003,0.004,0.005,0.006,0.007,0.008,0.009000000000000001,0.01]",0.001,"[65000.72,65000.62,65000.52,65000.42,65000.32,65000.22,65000.12,65000.02,64999.92,64999.82]",65000.72,"[0.001,0.002,0.003,0.004,0.005,0.006,0.007,0.008,0.009000000000000001,0.01]",0.001,4682,mock,InstrumentType.Spot,615146304,mock,BTC-USDT
2199944884,0,0,1783610797336927816,101,depth,"[65000.93,65001.03,65001.130000000005,65001.23,65001.33,65001.43,65001.53,65001.630000000005,65001.73,65001.83]",65000.93,"[0.001,0.002,0.003,0.004,0.005,0.006,0.007,0.008,0.009000000000000001,0.01]",0.001,"[65000.73,65000.630000000005,65000.53,65000.43,65000.33,65000.23,65000.130000000005,65000.03,64999.93,64999.83]",65000.73,"[0.001,0.002,0.003,0.004,0.005,0.006,0.007,0.008,0.009000000000000001,0.01]",0.001,4683,mock,InstrumentType.Spot,615146864,mock,BTC-USDT
2199944884,0,0,1783610797337228155,101,depth,"[65000.939999999995,65001.03999999999,65001.14,65001.24,65001.34,65001.439999999995,65001.53999999999,65001.64,65001.74,65001.84]",65000.939999999995,"[0.001,0.002,0.003,0.004,0.005,0.006,0.007,0.008,0.009000000000000001,0.01]",0.001,"[65000.74,65000.64,65000.53999999999,65000.439999999995,65000.34,65000.24,65000.14,65000.03999999999,64999.939999999995,64999.84]",65000.74,"[0.001,0.002,0.003,0.004,0.005,0.006,0.007,0.008,0.009000000000000001,0.01]",0.001,4684,mock,InstrumentType.Spot,615147424,mock,BTC-USDT
2199944884,0,0,1783610797337527987,101,depth,"[65000.95,65001.049999999996,65001.15,65001.25,65001.35,65001.45,65001.549999999996,65001.65,65001.75,65001.85]",65000.95,"[0.001,0.002,0.003,0.004,0.005,0.006,0.007,0.008,0.009000000000000001,0.01]",0.001,"[65000.75,65000.65,65000.549999999996,65000.45,65000.35,65000.25,65000.15,65000.049999999996,64999.95,64999.85]",65000.75,"[0.001,0.002,0.003,0.004,0.005,0.006,0.007,0.008,0.009000000000000001,0.01]",0.001,4685,mock,InstrumentType.Spot,615147984,mock,BTC-USDT
2199944884,0,0,1783610797337827857,101,depth,"[65000.96,65001.06,65001.16,65001.26,65001.36,65001.46,65001.56,65001.66,65001.76,65001.86]",65000.96,"[0.001,0.002,0.003,0.004,0.005,0.006,0.007,0.008,0.009000000000000001,0.01]",0.001,"[65000.76,65000.66,65000.56,65000.46,65000.36,65000.26,65000.16,65000.06,64999.96,64999.86]",65000.76,"[0.001,0.002,0.003,0.004,0.005,0.006,0.007,0.008,0.009000000000000001,0.01]",0.001,4686,mock,InstrumentType.Spot,615148544,mock,BTC-USDT
2199944884,0,0,1783610797338127910,101,depth,"[65000.97,65001.07,65001.170000000006,65001.270000000004,65001.37,65001.47,65001.57,65001.670000000006,65001.770000000004,65001.87]",65000.97,"[0.001,0.002,0.003,0.004,0.005,0.006,0.007,0.008,0.009000000000000001,0.01]",0.001,"[65000.770000000004,65000.670000000006,65000.57,65000.47,65000.37,65000.270000000004,65000.170000000006,65000.07,64999.97,64999.87]",65000.770000000004,"[0.001,0.002,0.003,0.004,0.005,0.006,0.007,0.008,0.009000000000000001,0.01]",0.001,4687,mock,InstrumentType.Spot,615149104,mock,BTC-USDT
2199944884,0,0,1783610797338433717,101,depth,"[65000.979999999996,65001.079999999994,65001.18,65001.28,65001.38,65001.479999999996,65001.579999999994,65001.68,65001.78,65001.88]",65000.979999999996,"[0.001,0.002,0.003,0.004,0.005,0.006,0.007,0.008,0.009000000000000001,0.01]",0.001,"[65000.78,65000.68,65000.579999999994,65000.479999999996,65000.38,65000.28,65000.18,65000.079999999994,64999.979999999996,64999.88]",65000.78,"[0.001,0.002,0.003,0.004,0.005,0.006,0.007,0.008,0.009000000000000001,0.01]",0.001,4688,mock,InstrumentType.Spot,615149664,mock,BTC-USDT
2199944884,0,0,1783610797338728062,101,depth,"[65000.99,65001.09,65001.19,65001.29,65001.39,65001.49,65001.59,65001.69,65001.79,65001.89]",65000.99,"[0.001,0.002,0.003,0.004,0.005,0.006,0.007,0.008,0.009000000000000001,0.01]",0.001,"[65000.79,65000.69,65000.59,65000.49,65000.39,65000.29,65000.19,65000.09,64999.99,64999.89]",65000.79,"[0.001,0.002,0.003,0.004,0.005,0.006,0.007,0.008,0.009000000000000001,0.01]",0.001,4689,mock,InstrumentType.Spot,615150224,mock,BTC-USDT
2199944884,0,0,1783610797339028076,101,depth,"[65001.0,65001.1,65001.200000000004,65001.3,65001.4,65001.5,65001.6,65001.700000000004,65001.8,65001.9]",65001.0,"[0.001,0.002,0.003,0.004,0.005,0.006,0.007,0.008,0.009000000000000001,0.01]",0.001,"[65000.8,65000.700000000004,65000.6,65000.5,65000.4,65000.3,65000.200000000004,65000.1,65000.0,64999.9]",65000.8,"[0.001,0.002,0.003,0.004,0.005,0.006,0.007,0.008,0.009000000000000001,0.01]",0.001,4690,mock,InstrumentType.Spot,615150784,mock,BTC-USDT
2199944884,0,0,1783610797339327883,101,depth,"[65001.01,65001.11,65001.21000000001,65001.310000000005,65001.41,65001.51,65001.61,65001.71000000001,65001.810000000005,65001.91]",65001.01,"[0.001,0.002,0.003,0.004,0.005,0.006,0.007,0.008,0.009000000000000001,0.01]",0.001,"[65000.810000000005,65000.71000000001,65000.61,65000.51,65000.41,65000.310000000005,65000.21000000001,65000.11,65000.01,64999.91]",65000.810000000005,"[0.001,0.002,0.003,0.004,0.005,0.006,0.007,0.008,0.009000000000000001,0.01]",0.001,4691,mock,InstrumentType.Spot,615151344,mock,BTC-USDT
2199944884,0,0,1783610797339627925,101,depth,"[65001.02,65001.119999999995,65001.22,65001.32,65001.42,65001.52,65001.619999999995,65001.72,65001.82,65001.92]",65001.02,"[0.001,0.002,0.003,0.004,0.005,0.006,0.007,0.008,0.009000000000000001,0.01]",0.001,"[65000.82,65000.72,65000.619999999995,65000.52,65000.42,65000.32,65000.22,65000.119999999995,65000.02,64999.92]",65000.82,"[0.001,0.002,0.003,0.004,0.005,0.006,0.007,0.008,0.009000000000000001,0.01]",0.001,4692,mock,InstrumentType.Spot,615151904,mock,BTC-USDT
2199944884,0,0,1783610797339927968,101,depth,"[65001.03,65001.13,65001.23,65001.33,65001.43,65001.53,65001.63,65001.73,65001.83,65001.93]",65001.03,"[0.001,0.002,0.003,0.004,0.005,0.006,0.007,0.008,0.009000000000000001,0.01]",0.001,"[65000.83,65000.73,65000.63,65000.53,65000.43,65000.33,65000.23,65000.13,65000.03,64999.93]",65000.83,"[0.001,0.002,0.003,0.004,0.005,0.006,0.007,0.008,0.009000000000000001,0.01]",0.001,4693,mock,InstrumentType.Spot,615152464,mock,BTC-USDT
2199944884,0,0,1783610797340227884,101,depth,"[65001.04,65001.14,65001.240000000005,65001.340000000004,65001.44,65001.54,65001.64,65001.740000000005,65001.840000000004,65001.94]",65001.04,"[0.001,0.002,0.003,0.004,0.005,0.006,0.007,0.008,0.009000000000000001,0.01]",0.001,"[65000.840000000004,65000.740000000005,65000.64,65000.54,65000.44,65000.340000000004,65000.240000000005,65000.14,65000.04,64999.94]",65000.840000000004,"[0.001,0.002,0.003,0.004,0.005,0.006,0.007,0.008,0.009000000000000001,0.01]",0.001,4694,mock,InstrumentType.Spot,615153024,mock,BTC-USDT
2199944884,0,0,1783610797340527830,101,depth,"[65001.049999999996,65001.149999999994,65001.25,65001.35,65001.45,65001.549999999996,65001.649999999994,65001.75,65001.85,65001.95]",65001.049999999996,"[0.001,0.002,0.003,0.004,0.005,0.006,0.007,0.008,0.009000000000000001,0.01]",0.001,"[65000.85,65000.75,65000.649999999994,65000.549999999996,65000.45,65000.35,65000.25,65000.149999999994,65000.049999999996,64999.95]",65000.85,"[0.001,0.002,0.003,0.004,0.005,0.006,0.007,0.008,0.009000000000000001,0.01]",0.001,4695,mock,InstrumentType.Spot,615153584,mock,BTC-USDT
2199944884,0,0,1783610797340827950,101,depth,"[65001.06,65001.159999999996,65001.26,65001.36,65001.46,65001.56,65001.659999999996,65001.76,65001.86,65001.96]",65001.06,"[0.001,0.002,0.003,0.004,0.005,0.006,0.007,0.008,0.009000000000000001,0.01]",0.001,"[65000.86,65000.76,65000.659999999996,65000.56,65000.46,65000.36,65000.26,65000.159999999996,65000.06,64999.96]",65000.86,"[0.001,0.002,0.003,0.004,0.005,0.006,0.007,0.008,0.009000000000000001,0.01]",0.001,4696,mock,InstrumentType.Spot,615154144,mock,BTC-USDT
2199944884,0,0,1783610797341129152,101,depth,"[65001.07,65001.17,65001.270000000004,65001.37,65001.47,65001.57,65001.67,65001.770000000004,65001.87,65001.97]",65001.07,"[0.001,0.002,0.003,0.004,0.005,0.006,0.007,0.008,0.009000000000000001,0.01]",0.001,"[65000.87,65000.770000000004,65000.67,65000.57,65000.47,65000.37,65000.270000000004,65000.17,65000.07,64999.97]",65000.87,"[0.001,0.002,0.003,0.004,0.005,0.006,0.007,0.008,0.009000000000000001,0.01]",0.001,4697,mock,InstrumentType.Spot,615154704,mock,BTC-USDT
2199944884,0,0,1783610797341435121,101,depth,"[65001.08,65001.18,65001.280000000006,65001.380000000005,65001.48,65001.58,65001.68,65001.780000000006,65001.880000000005,65001.98]",65001.08,"[0.001,0.002,0.003,0.004,0.005,0.006,0.007,0.008,0.009000000000000001,0.01]",0.001,"[65000.880000000005,65000.780000000006,65000.68,65000.58,65000.48,65000.380000000005,65000.280000000006,65000.18,65000.08,64999.98]",65000.880000000005,"[0.001,0.002,0.003,0.004,0.005,0.006,0.007,0.008,0.009000000000000001,0.01]",0.001,4698,mock,InstrumentType.Spot,615155264,mock,BTC-USDT
2199944884,0,0,1783610797341730221,101,depth,"[65001.09,65001.189999999995,65001.29,65001.39,65001.49,65001.59,65001.689999999995,65001.79,65001.89,65001.99]",65001.09,"[0.001,0.002,0.003,0.004,0.005,0.006,0.007,0.008,0.009000000000000001,0.01]",0.001,"[65000.89,65000.79,65000.689999999995,65000.59,65000.49,65000.39,65000.29,65000.189999999995,65000.09,64999.99]",65000.89,"[0.001,0.002,0.003,0.004,0.005,0.006,0.007,0.008,0.009000000000000001,0.01]",0.001,4699,mock,InstrumentType.Spot,615155824,mock,BTC-USDT
2199944884,0,0,1783610797342029499,101,depth,"[65000.1,65000.2,65000.3,65000.4,65000.5,65000.6,65000.7,65000.8,65000.9,65001.0]",65000.1,"[0.001,0.002,0.003,0.004,0.005,0.006,0.007,0.008,0.009000000000000001,0.01]",0.001,"[64999.9,64999.8,64999.7,64999.6,64999.5,64999.4,64999.3,64999.2,64999.1,64999.0]",64999.9,"[0.001,0.002,0.003,0.004,0.005,0.006,0.007,0.008,0.009000000000000001,0.01]",0.001,4700,mock,InstrumentType.Spot,615156384,mock,BTC-USDT
2199944884,0,0,1783610797342328400,101,depth,"[65000.11,65000.21,65000.310000000005,65000.41,65000.51,65000.61,65000.71,65000.810000000005,65000.91,65001.01]",65000.11,"[0.001,0.002,0.003,0.004,0.005,0.006,0.007,0.008,0.009000000000000001,0.01]",0.001,"[64999.91,64999.810000000005,64999.71,64999.61,64999.51,64999.41,64999.310000000005,64999.21,64999.11,64999.01]",64999.91,"[0.001,0.002,0.003,0.004,0.005,0.006,0.007,0.008,0.009000000000000001,0.01]",0.001,4701,mock,InstrumentType.Spot,615156944,mock,BTC-USDT
2199944884,0,0,1783610797342641834,101,depth,"[65000.119999999995,65000.219999999994,65000.32,65000.42,65000.52,65000.619999999995,65000.719999999994,65000.82,65000.92,65001.02]",65000.119999999995,"[0.001,0.002,0.003,0.004,0.005,0.006,0.007,0.008,0.009000000000000001,0.01]",0.001,"[64999.92,64999.82,64999.719999999994,64999.619999999995,64999.52,64999.42,64999.32,64999.219999999994,64999.119999999995,64999.02]",64999.92,"[0.001,0.002,0.003,0.004,0.005,0.006,0.007,0.008,0.009000000000000001,0.01]",0.001,4702,mock,InstrumentType.Spot,615157504,mock,BTC-USDT
2199944884,0,0,1783610797342930040,101,depth,"[65000.13,65000.229999999996,65000.33,65000.43,65000.53,65000.63,65000.729999999996,65000.83,65000.93,65001.03]",65000.13,"[0.001,0.002,0.003,0.004,0.005,0.006,0.007,0.008,0.009000000000000001,0.01]",0.001,"[64999.93,64999.83,64999.729999999996,64999.63,64999.53,64999.43,64999.33,64999.229999999996,64999.13,64999.03]",64999.93,"[0.001,0.002,0.003,0.004,0.005,0.006,0.007,0.008,0.009000000000000001,0.01]",0.001,4703,mock,InstrumentType.Spot,615158064,mock,BTC-USDT
2199944884,0,0,1783610797343228146,101,depth,"[65000.14,65000.24,65000.340000000004,65000.44,65000.54,65000.64,65000.74,65000.840000000004,65000.94,65001.04]",65000.14,"[0.001,0.002,0.003,0.004,0.005,0.006,0.007,0.008,0.009000000000000001,0.01]",0.001,"[64999.94,64999.840000000004,64999.74,64999.64,64999.54,64999.44,64999.340000000004,64999.24,64999.14,64999.04]",64999.94,"[0.001,0.002,0.003,0.004,0.005,0.006,0.007,0.008,0.009000000000000001,0.01]",0.001,4704,mock,InstrumentType.Spot,615158624,mock,BTC-USDT
2199944884,0,0,1783610797343528047,101,depth,"[65000.15,65000.25,65000.350000000006,65000.450000000004,65000.55,65000.65,65000.75,65000.850000000006,65000.950000000004,65001.05]",65000.15,"[0.001,0.002,0.003,0.004,0.005,0.006,0.007,0.008,0.009000000000000001,0.01]",0.001,"[64999.950000000004,64999.850000000006,64999.75,64999.65,64999.55,64999.450000000004,64999.350000000006,64999.25,64999.15,64999.05]",64999.950000000004,"[0.001,0.002,0.003,0.004,0.005,0.006,0.007,0.008,0.009000000000000001,0.01]",0.001,4705,mock,InstrumentType.Spot,615159184,mock,BTC-USDT
2199944884,0,0,1783610797343828335,101,depth,"[65000.159999999996,65000.259999999995,65000.36,65000.46,65000.56,65000.659999999996,65000.759999999995,65000.86,65000.96,65001.06]",65000.159999999996,"[0.001,0.002,0.003,0.004,0.005,0.006,0.007,0.008,0.009000000000000001,0.01]",0.001,"[64999.96,64999.86,64999.759999999995,64999.659999999996,64999.56,64999.46,64999.36,64999.259999999995,64999.159999999996,64999.06]",64999.96,"[0.001,0.002,0.003,0.004,0.005,0.006,0.007,0.008,0.009000000000000001,0.01]",0.001,4706,mock,InstrumentType.Spot,615159744,mock,BTC-USDT
2199944884,0,0,1783610797344143370,101,depth,"[65000.17,65000.27,65000.37,65000.47,65000.57,65000.67,65000.77,65000.87,65000.97,65001.07]",65000.17,"[0.001,0.002,0.003,0.004,0.005,0.006,0.007,0.008,0.009000000000000001,0.01]",0.001,"[64999.97,64999.87,64999.77,64999.67,64999.57,64999.47,64999.37,64999.27,64999.17,64999.07]",64999.97,"[0.001,0.002,0.003,0.004,0.005,0.006,0.007,0.008,0.009000000000000001,0.01]",0.001,4707,mock,InstrumentType.Spot,615160304,mock,BTC-USDT
2199944884,0,0,1783610797344428216,101,depth,"[65000.18,65000.28,65000.380000000005,65000.48,65000.58,65000.68,65000.78,65000.880000000005,65000.98,65001.08]",65000.18,"[0.001,0.002,0.003,0.004,0.005,0.006,0.007,0.008,0.009000000000000001,0.01]",0.001,"[64999.98,64999.880000000005,64999.78,64999.68,64999.58,64999.48,64999.380000000005,64999.28,64999.18,64999.08]",64999.98,"[0.001,0.002,0.003,0.004,0.005,0.006,0.007,0.008,0.009000000000000001,0.01]",0.001,4708,mock,InstrumentType.Spot,615160864,mock,BTC-USDT
2199944884,0,0,1783610797344728125,101,depth,"[65000.189999999995,65000.28999999999,65000.39,65000.49,65000.59,65000.689999999995,65000.78999999999,65000.89,65000.99,65001.09]",65000.189999999995,"[0.001,0.002,0.003,0.004,0.005,0.006,0.007,0.008,0.009000000000000001,0.01]",0.001,"[64999.99,64999.89,64999.78999999999,64999.689999999995,64999.59,64999.49,64999.39,64999.28999999999,64999.189999999995,64999.09]",64999.99,"[0.001,0.002,0.003,0.004,0.005,0.006,0.007,0.008,0.009000000000000001,0.01]",0.001,4709,mock,InstrumentType.Spot,615161424,mock,BTC-USDT
2199944884,0,0,1783610797345028174,101,depth,"[65000.2,65000.299999999996,65000.4,65000.5,65000.6,65000.7,65000.799999999996,65000.9,65001.0,65001.1]",65000.2,"[0.001,0.002,0.003,0.004,0.005,0.006,0.007,0.008,0.009000000000000001,0.01]",0.001,"[65000.0,64999.9,64999.799999999996,64999.7,64999.6,64999.5,64999.4,64999.299999999996,64999.2,64999.1]",65000.0,"[0.001,0.002,0.003,0.004,0.005,0.006,0.007,0.008,0.009000000000000001,0.01]",0.001,4710,mock,InstrumentType.Spot,615161984,mock,BTC-USDT
2199944884,0,0,1783610797345328141,101,depth,"[65000.21,65000.31,65000.41,65000.51,65000.61,65000.71,65000.81,65000.91,65001.01,65001.11]",65000.21,"[0.001,0.002,0.003,0.004,0.005,0.006,0.007,0.008,0.009000000000000001,0.01]",0.001,"[65000.01,64999.91,64999.81,64999.71,64999.61,64999.51,64999.41,64999.31,64999.21,64999.11]",65000.01,"[0.001,0.002,0.003,0.004,0.005,0.006,0.007,0.008,0.009000000000000001,0.01]",0.001,4711,mock,InstrumentType.Spot,615162544,mock,BTC-USDT
2199944884,0,0,1783610797345628200,101,depth,"[65000.22,65000.32,65000.420000000006,65000.520000000004,65000.62,65000.72,65000.82,65000.920000000006,65001.020000000004,65001.12]",65000.22,"[0.001,0.002,0.003,0.004,0.005,0.006,0.007,0.008,0.009000000000000001,0.01]",0.001,"[65000.020000000004,64999.920000000006,64999.82,64999.72,64999.62,64999.520000000004,64999.420000000006,64999.32,64999.22,64999.12]",65000.020000000004,"[0.001,0.002,0.003,0.004,0.005,0.006,0.007,0.008,0.009000000000000001,0.01]",0.001,4712,mock,InstrumentType.Spot,615463344,mock,BTC-USDT
2199944884,0,0,1783610797345927899,101,depth,"[65000.229999999996,65000.329999999994,65000.43,65000.53,65000.63,65000.729999999996,65000.829999999994,65000.93,65001.03,65001.13]",65000.229999999996,"[0.001,0.002,0.003,0.004,0.005,0.006,0.007,0.008,0.009000000000000001,0.01]",0.001,"[65000.03,64999.93,64999.829999999994,64999.729999999996,64999.63,64999.53,64999.43,64999.329999999994,64999.229999999996,64999.13]",65000.03,"[0.001,0.002,0.003,0.004,0.005,0.006,0.007,0.008,0.009000000000000001,0.01]",0.001,4713,mock,InstrumentType.Spot,615463760,mock,BTC-USDT
2199944884,0,0,1783610797346228091,101,depth,"[65000.24,65000.34,65000.44,65000.54,65000.64,65000.74,65000.84,65000.94,65001.04,65001.14]",65000.24,"[0.001,0.002,0.003,0.004,0.005,0.006,0.007,0.008,0.009000000000000001,0.01]",0.001,"[65000.04,64999.94,64999.84,64999.74,64999.64,64999.54,64999.44,64999.34,64999.24,64999.14]",65000.04,"[0.001,0.002,0.003,0.004,0.005,0.006,0.007,0.008,0.009000000000000001,0.01]",0.001,4714,mock,InstrumentType.Spot,615464256,mock,BTC-USDT
2199944884,0,0,1783610797346527893,101,depth,"[65000.25,65000.35,65000.450000000004,65000.55,65000.65,65000.75,65000.85,65000.950000000004,65001.05,65001.15]",65000.25,"[0.001,0.002,0.003,0.004,0.005,0.006,0.007,0.008,0.009000000000000001,0.01]",0.001,"[65000.05,64999.950000000004,64999.85,64999.75,64999.65,64999.55,64999.450000000004,64999.35,64999.25,64999.15]",65000.05,"[0.001,0.002,0.003,0.004,0.005,0.006,0.007,0.008,0.009000000000000001,0.01]",0.001,4715,mock,InstrumentType.Spot,615464816,mock,BTC-USDT
2199944884,0,0,1783610797346827869,101,depth,"[65000.26,65000.36,65000.46000000001,65000.560000000005,65000.66,65000.76,65000.86,65000.96000000001,65001.060000000005,65001.16]",65000.26,"[0.001,0.002,0.003,0.004,0.005,0.006,0.007,0.008,0.009000000000000001,0.01]",0.001,"[65000.060000000005,64999.96000000001,64999.86,64999.76,64999.66,64999.560000000005,64999.46000000001,64999.36,64999.26,64999.16]",65000.060000000005,"[0.001,0.002,0.003,0.004,0.005,0.006,0.007,0.008,0.009000000000000001,0.01]",0.001,4716,mock,InstrumentType.Spot,615465376,mock,BTC-USDT
2199944884,0,0,1783610797347134001,101,depth,"[65000.27,65000.369999999995,65000.47,65000.57,65000.67,65000.77,65000.869999999995,65000.97,65001.07,65001.17]",65000.27,"[0.001,0.002,0.003,0.004,0.005,0.006,0.007,0.008,0.009000000000000001,0.01]",0.001,"[65000.07,64999.97,64999.869999999995,64999.77,64999.67,64999.57,64999.47,64999.369999999995,64999.27,64999.17]",65000.07,"[0.001,0.002,0.003,0.004,0.005,0.006,0.007,0.008,0.009000000000000001,0.01]",0.001,4717,mock,InstrumentType.Spot,615465936,mock,BTC-USDT
2199944884,0,0,1783610797347428063,101,depth,"[65000.28,65000.38,65000.48,65000.58,65000.68,65000.78,65000.88,65000.98,65001.08,65001.18]",65000.28,"[0.001,0.002,0.003,0.004,0.005,0.006,0.007,0.008,0.009000000000000001,0.01]",0.001,"[65000.08,64999.98,64999.88,64999.78,64999.68,64999.58,64999.48,64999.38,64999.28,64999.18]",65000.08,"[0.001,0.002,0.003,0.004,0.005,0.006,0.007,0.008,0.009000000000000001,0.01]",0.001,4718,mock,InstrumentType.Spot,615466496,mock,BTC-USDT
2199944884,0,0,1783610797347727938,101,depth,"[65000.29,65000.39,65000.490000000005,65000.590000000004,65000.69,65000.79,65000.89,65000.990000000005,65001.090000000004,65001.19]",65000.29,"[0.001,0.002,0.003,0.004,0.005,0.006,0.007,0.008,0.009000000000000001,0.01]",0.001,"[65000.090000000004,64999.990000000005,64999.89,64999.79,64999.69,64999.590000000004,64999.490000000005,64999.39,64999.29,64999.19]",65000.090000000004,"[0.001,0.002,0.003,0.004,0.005,0.006,0.007,0.008,0.009000000000000001,0.01]",0.001,4719,mock,InstrumentType.Spot,615467056,mock,BTC-USDT
2199944884,0,0,1783610797348027921,101,depth,"[65000.299999999996,65000.399999999994,65000.5,65000.6,65000.7,65000.799999999996,65000.899999999994,65001.0,65001.1,65001.2]",65000.299999999996,"[0.001,0.002,0.003,0.004,0.005,0.006,0.007,0.008,0.009000000000000001,0.01]",0.001,"[65000.1,65000.0,64999.899999999994,64999.799999999996,64999.7,64999.6,64999.5,64999.399999999994,64999.299999999996,64999.2]",65000.1,"[0.001,0.002,0.003,0.004,0.005,0.006,0.007,0.008,0.009000000000000001,0.01]",0.001,4720,mock,InstrumentType.Spot,615467616,mock,BTC-USDT
2199944884,0,0,1783610797348327962,101,depth,"[65000.31,65000.409999999996,65000.51,65000.61,65000.71,65000.81,65000.909999999996,65001.01,65001.11,65001.21]",65000.31,"[0.001,0.002,0.003,0.004,0.005,0.006,0.007,0.008,0.009000000000000001,0.01]",0.001,"[65000.11,65000.01,64999.909999999996,64999.81,64999.71,64999.61,64999.51,64999.409999999996,64999.31,64999.21]",65000.11,"[0.001,0.002,0.003,0.004,0.005,0.006,0.007,0.008,0.009000000000000001,0.01]",0.001,4721,mock,InstrumentType.Spot,615468176,mock,BTC-USDT
2199944884,0,0,1783610797348627989,101,depth,"[65000.32,65000.42,65000.520000000004,65000.62,65000.72,65000.82,65000.92,65001.020000000004,65001.12,65001.22]",65000.32,"[0.001,0.002,0.003,0.004,0.005,0.006,0.007,0.008,0.009000000000000001,0.01]",0.001,"[65000.12,65000.020000000004,64999.92,64999.82,64999.72,64999.62,64999.520000000004,64999.42,64999.32,64999.22]",65000.12,"[0.001,0.002,0.003,0.004,0.005,0.006,0.007,0.008,0.009000000000000001,0.01]",0.001,4722,mock,InstrumentType.Spot,615468736,mock,BTC-USDT
2199944884,0,0,1783610797348927931,101,depth,"[65000.33,65000.43,65000.530000000006,65000.630000000005,65000.73,65000.83,65000.93,65001.030000000006,65001.130000000005,65001.23]",65000.33,"[0.001,0.002,0.003,0.004,0.005,0.006,0.007,0.008,0.009000000000000001,0.01]",0.001,"[65000.130000000005,65000.030000000006,64999.93,64999.83,64999.73,64999.630000000005,64999.530000000006,64999.43,64999.33,64999.23]",65000.130000000005,"[0.001,0.002,0.003,0.004,0.005,0.006,0.007,0.008,0.009000000000000001,0.01]",0.001,4723,mock,InstrumentType.Spot,615469296,mock,BTC-USDT
2199944884,0,0,1783610797349227937,101,depth,"[65000.34,65000.439999999995,65000.54,65000.64,65000.74,65000.84,65000.939999999995,65001.04,65001.14,65001.24]",65000.34,"[0.001,0.002,0.003,0.004,0.005,0.006,0.007,0.008,0.009000000000000001,0.01]",0.001,"[65000.14,65000.04,64999.939999999995,64999.84,64999.74,64999.64,64999.54,64999.439999999995,64999.34,64999.24]",65000.14,"[0.001,0.002,0.003,0.004,0.005,0.006,0.007,0.008,0.009000000000000001,0.01]",0.001,4724,mock,InstrumentType.Spot,615469856,mock,BTC-USDT
2199944884,0,0,1783610797349527885,101,depth,"[65000.35,65000.45,65000.55,65000.65,65000.75,65000.85,65000.95,65001.05,65001.15,65001.25]",65000.35,"[0.001,0.002,0.003,0.004,0.005,0.006,0.007,0.008,0.009000000000000001,0.01]",0.001,"[65000.15,65000.05,64999.95,64999.85,64999.75,64999.65,64999.55,64999.45,64999.35,64999.25]",65000.15,"[0.001,0.002,0.003,0.004,0.005,0.006,0.007,0.008,0.009000000000000001,0.01]",0.001,4725,mock,InstrumentType.Spot,615470416,mock,BTC-USDT
2199944884,0,0,1783610797349834050,101,depth,"[65000.36,65000.46,65000.560000000005,65000.66,65000.76,65000.86,65000.96,65001.060000000005,65001.16,65001.26]",65000.36,"[0.001,0.002,0.003,0.004,0.005,0.006,0.007,0.008,0.009000000000000001,0.01]",0.001,"[65000.16,65000.060000000005,64999.96,64999.86,64999.76,64999.66,64999.560000000005,64999.46,64999.36,64999.26]",65000.16,"[0.001,0.002,0.003,0.004,0.005,0.006,0.007,0.008,0.009000000000000001,0.01]",0.001,4726,mock,InstrumentType.Spot,615470976,mock,BTC-USDT
2199944884,0,0,1783610797350128133,101,depth,"[65000.369999999995,65000.469999999994,65000.57,65000.67,65000.77,65000.869999999995,65000.969999999994,65001.07,65001.17,65001.27]",65000.369999999995,"[0.001,0.002,0.003,0.004,0.005,0.006,0.007,0.008,0.009000000000000001,0.01]",0.001,"[65000.17,65000.07,64999.969999999994,64999.869999999995,64999.77,64999.67,64999.57,64999.469999999994,64999.369999999995,64999.27]",65000.17,"[0.001,0.002,0.003,0.004,0.005,0.006,0.007,0.008,0.009000000000000001,0.01]",0.001,4727,mock,InstrumentType.Spot,615471536,mock,BTC-USDT
2199944884,0,0,1783610797350428012,101,depth,"[65000.38,65000.479999999996,65000.58,65000.68,65000.78,65000.88,65000.979999999996,65001.08,65001.18,65001.28]",65000.38,"[0.001,0.002,0.003,0.004,0.005,0.006,0.007,0.008,0.009000000000000001,0.01]",0.001,"[65000.18,65000.08,64999.979999999996,64999.88,64999.78,64999.68,64999.58,64999.479999999996,64999.38,64999.28]",65000.18,"[0.001,0.002,0.003,0.004,0.005,0.006,0.007,0.008,0.009000000000000001,0.01]",0.001,4728,mock,InstrumentType.Spot,615472096,mock,BTC-USDT
2199944884,0,0,1783610797350727974,101,depth,"[65000.39,65000.49,65000.590000000004,65000.69,65000.79,65000.89,65000.99,65001.090000000004,65001.19,65001.29]",65000.39,"[0.001,0.002,0.003,0.004,0.005,0.006,0.007,0.008,0.009000000000000001,0.01]",0.001,"[65000.19,65000.090000000004,64999.99,64999.89,64999.79,64999.69,64999.590000000004,64999.49,64999.39,64999.29]",65000.19,"[0.001,0.002,0.003,0.004,0.005,0.006,0.007,0.008,0.009000000000000001,0.01]",0.001,4729,mock,InstrumentType.Spot,615472656,mock,BTC-USDT
2199944884,0,0,1783610797351028026,101,depth,"[65000.4,65000.5,65000.600000000006,65000.700000000004,65000.8,65000.9,65001.0,65001.100000000006,65001.200000000004,65001.3]",65000.4,"[0.001,0.002,0.003,0.004,0.005,0.006,0.007,0.008,0.009000000000000001,0.01]",0.001,"[65000.200000000004,65000.100000000006,65000.0,64999.9,64999.8,64999.700000000004,64999.600000000006,64999.5,64999.4,64999.3]",65000.200000000004,"[0.001,0.002,0.003,0.004,0.005,0.006,0.007,0.008,0.009000000000000001,0.01]",0.001,4730,mock,InstrumentType.Spot,615473216,mock,BTC-USDT
2199944884,0,0,1783610797351327962,101,depth,"[65000.409999999996,65000.509999999995,65000.61,65000.71,65000.81,65000.909999999996,65001.009999999995,65001.11,65001.21,65001.31]",65000.409999999996,"[0.001,0.002,0.003,0.004,0.005,0.006,0.007,0.008,0.009000000000000001,0.01]",0.001,"[65000.21,65000.11,65000.009999999995,64999.909999999996,64999.81,64999.71,64999.61,64999.509999999995,64999.409999999996,64999.31]",65000.21,"[0.001,0.002,0.003,0.004,0.005,0.006,0.007,0.008,0.009000000000000001,0.01]",0.001,4731,mock,InstrumentType.Spot,615473776,mock,BTC-USDT
2199944884,0,0,1783610797351628089,101,depth,"[65000.42,65000.52,65000.62,65000.72,65000.82,65000.92,65001.02,65001.12,65001.22,65001.32]",65000.42,"[0.001,0.002,0.003,0.004,0.005,0.006,0.007,0.008,0.009000000000000001,0.01]",0.001,"[65000.22,65000.12,65000.02,64999.92,64999.82,64999.72,64999.62,64999.52,64999.42,64999.32]",65000.22,"[0.001,0.002,0.003,0.004,0.005,0.006,0.007,0.008,0.009000000000000001,0.01]",0.001,4732,mock,InstrumentType.Spot,615474336,mock,BTC-USDT
2199944884,0,0,1783610797351927897,101,depth,"[65000.43,65000.53,65000.630000000005,65000.73,65000.83,65000.93,65001.03,65001.130000000005,65001.23,65001.33]",65000.43,"[0.001,0.002,0.003,0.004,0.005,0.006,0.007,0.008,0.009000000000000001,0.01]",0.001,"[65000.23,65000.130000000005,65000.03,64999.93,64999.83,64999.73,64999.630000000005,64999.53,64999.43,64999.33]",65000.23,"[0.001,0.002,0.003,0.004,0.005,0.006,0.007,0.008,0.009000000000000001,0.01]",0.001,4733,mock,InstrumentType.Spot,615474896,mock,BTC-USDT
2199944884,0,0,1783610797352228780,101,depth,"[65000.439999999995,65000.53999999999,65000.64,65000.74,65000.84,65000.939999999995,65001.03999999999,65001.14,65001.24,65001.34]",65000.439999999995,"[0.001,0.002,0.003,0.004,0.005,0.006,0.007,0.008,0.009000000000000001,0.01]",0.001,"[65000.24,65000.14,65000.03999999999,64999.939999999995,64999.84,64999.74,64999.64,64999.53999999999,64999.439999999995,64999.34]",65000.24,"[0.001,0.002,0.003,0.004,0.005,0.006,0.007,0.008,0.009000000000000001,0.01]",0.001,4734,mock,InstrumentType.Spot,615475456,mock,BTC-USDT
2199944884,0,0,1783610797352527846,101,depth,"[65000.45,65000.549999999996,65000.65,65000.75,65000.85,65000.95,65001.049999999996,65001.15,65001.25,65001.35]",65000.45,"[0.001,0.002,0.003,0.004,0.005,0.006,0.007,0.008,0.009000000000000001,0.01]",0.001,"[65000.25,65000.15,65000.049999999996,64999.95,64999.85,64999.75,64999.65,64999.549999999996,64999.45,64999.35]",65000.25,"[0.001,0.002,0.003,0.004,0.005,0.006,0.007,0.008,0.009000000000000001,0.01]",0.001,4735,mock,InstrumentType.Spot,615476016,mock,BTC-USDT
2199944884,0,0,1783610797352838886,101,depth,"[65000.46,65000.56,65000.66,65000.76,65000.86,65000.96,65001.06,65001.16,65001.26,65001.36]",65000.46,"[0.001,0.002,0.003,0.004,0.005,0.006,0.007,0.008,0.009000000000000001,0.01]",0.001,"[65000.26,65000.16,65000.06,64999.96,64999.86,64999.76,64999.66,64999.56,64999.46,64999.36]",65000.26,"[0.001,0.002,0.003,0.004,0.005,0.006,0.007,0.008,0.009000000000000001,0.01]",0.001,4736,mock,InstrumentType.Spot,615476576,mock,BTC-USDT
2199944884,0,0,1783610797353128427,101,depth,"[65000.47,65000.57,65000.670000000006,65000.770000000004,65000.87,65000.97,65001.07,65001.170000000006,65001.270000000004,65001.37]",65000.47,"[0.001,0.002,0.003,0.004,0.005,0.006,0.007,0.008,0.009000000000000001,0.01]",0.001,"[65000.270000000004,65000.170000000006,65000.07,64999.97,64999.87,64999.770000000004,64999.670000000006,64999.57,64999.47,64999.37]",65000.270000000004,"[0.001,0.002,0.003,0.004,0.005,0.006,0.007,0.008,0.009000000000000001,0.01]",0.001,4737,mock,InstrumentType.Spot,615477136,mock,BTC-USDT
2199944884,0,0,1783610797353427959,101,depth,"[65000.479999999996,65000.579999999994,65000.68,65000.78,65000.88,65000.979999999996,65001.079999999994,65001.18,65001.28,65001.38]",65000.479999999996,"[0.001,0.002,0.003,0.004,0.005,0.006,0.007,0.008,0.009000000000000001,0.01]",0.001,"[65000.28,65000.18,65000.079999999994,64999.979999999996,64999.88,64999.78,64999.68,64999.579999999994,64999.479999999996,64999.38]",65000.28,"[0.001,0.002,0.003,0.004,0.005,0.006,0.007,0.008,0.009000000000000001,0.01]",0.001,4738,mock,InstrumentType.Spot,615477696,mock,BTC-USDT
2199944884,0,0,1783610797353727695,101,depth,"[65000.49,65000.59,65000.69,65000.79,65000.89,65000.99,65001.09,65001.19,65001.29,65001.39]",65000.49,"[0.001,0.002,0.003,0.004,0.005,0.006,0.007,0.008,0.009000000000000001,0.01]",0.001,"[65000.29,65000.19,65000.09,64999.99,64999.89,64999.79,64999.69,64999.59,64999.49,64999.39]",65000.29,"[0.001,0.002,0.003,0.004,0.005,0.006,0.007,0.008,0.009000000000000001,0.01]",0.001,4739,mock,InstrumentType.Spot,615478256,mock,BTC-USDT
2199944884,0,0,1783610797354027727,101,depth,"[65000.5,65000.6,65000.700000000004,65000.8,65000.9,65001.0,65001.1,65001.200000000004,65001.3,65001.4]",65000.5,"[0.001,0.002,0.003,0.004,0.005,0.006,0.007,0.008,0.009000000000000001,0.01]",0.001,"[65000.3,65000.200000000004,65000.1,65000.0,64999.9,64999.8,64999.700000000004,64999.6,64999.5,64999.4]",65000.3,"[0.001,0.002,0.003,0.004,0.005,0.006,0.007,0.008,0.009000000000000001,0.01]",0.001,4740,mock,InstrumentType.Spot,615478816,mock,BTC-USDT
2199944884,0,0,1783610797354327733,101,depth,"[65000.51,65000.61,65000.71000000001,65000.810000000005,65000.91,65001.01,65001.11,65001.21000000001,65001.310000000005,65001.41]",65000.51,"[0.001,0.002,0.003,0.004,0.005,0.006,0.007,0.008,0.009000000000000001,0.01]",0.001,"[65000.310000000005,65000.21000000001,65000.11,65000.01,64999.91,64999.810000000005,64999.71000000001,64999.61,64999.51,64999.41]",65000.310000000005,"[0.001,0.002,0.003,0.004,0.005,0.006,0.007,0.008,0.009000000000000001,0.01]",0.001,4741,mock,InstrumentType.Spot,615479376,mock,BTC-USDT
2199944884,0,0,1783610797354627776,101,depth,"[65000.52,65000.619999999995,65000.72,65000.82,65000.92,65001.02,65001.119999999995,65001.22,65001.32,65001.42]",65000.52,"[0.001,0.002,0.003,0.004,0.005,0.006,0.007,0.008,0.009000000000000001,0.01]",0.001,"[65000.32,65000.22,65000.119999999995,65000.02,64999.92,64999.82,64999.72,64999.619999999995,64999.52,64999.42]",65000.32,"[0.001,0.002,0.003,0.004,0.005,0.006,0.007,0.008,0.009000000000000001,0.01]",0.001,4742,mock,InstrumentType.Spot,615479936,mock,BTC-USDT
2199944884,0,0,1783610797354927692,101,depth,"[65000.53,65000.63,65000.73,65000.83,65000.93,65001.03,65001.13,65001.23,65001.33,65001.43]",65000.53,"[0.001,0.002,0.003,0.004,0.005,0.006,0.007,0.008,0.009000000000000001,0.01]",0.001,"[65000.33,65000.23,65000.13,65000.03,64999.93,64999.83,64999.73,64999.63,64999.53,64999.43]",65000.33,"[0.001,0.002,0.003,0.004,0.005,0.006,0.007,0.008,0.009000000000000001,0.01]",0.001,4743,mock,InstrumentType.Spot,615480496,mock,BTC-USDT
2199944884,0,0,1783610797355227886,101,depth,"[65000.54,65000.64,65000.740000000005,65000.840000000004,65000.94,65001.04,65001.14,65001.240000000005,65001.340000000004,65001.44]",65000.54,"[0.001,0.002,0.003,0.004,0.005,0.006,0.007,0.008,0.009000000000000001,0.01]",0.001,"[65000.340000000004,65000.240000000005,65000.14,65000.04,64999.94,64999.840000000004,64999.740000000005,64999.64,64999.54,64999.44]",65000.340000000004,"[0.001,0.002,0.003,0.004,0.005,0.006,0.007,0.008,0.009000000000000001,0.01]",0.001,4744,mock,InstrumentType.Spot,615481056,mock,BTC-USDT
2199944884,0,0,1783610797355527610,101,depth,"[65000.549999999996,65000.649999999994,65000.75,65000.85,65000.95,65001.049999999996,65001.149999999994,65001.25,65001.35,65001.45]",65000.549999999996,"[0.001,0.002,0.003,0.004,0.005,0.006,0.007,0.008,0.009000000000000001,0.01]",0.001,"[65000.35,65000.25,65000.149999999994,65000.049999999996,64999.95,64999.85,64999.75,64999.649999999994,64999.549999999996,64999.45]",65000.35,"[0.001,0.002,0.003,0.004,0.005,0.006,0.007,0.008,0.009000000000000001,0.01]",0.001,4745,mock,InstrumentType.Spot,615481616,mock,BTC-USDT
2199944884,0,0,1783610797355834003,101,depth,"[65000.56,65000.659999999996,65000.76,65000.86,65000.96,65001.06,65001.159999999996,65001.26,65001.36,65001.46]",65000.56,"[0.001,0.002,0.003,0.004,0.005,0.006,0.007,0.008,0.009000000000000001,0.01]",0.001,"[65000.36,65000.26,65000.159999999996,65000.06,64999.96,64999.86,64999.76,64999.659999999996,64999.56,64999.46]",65000.36,"[0.001,0.002,0.003,0.004,0.005,0.006,0.007,0.008,0.009000000000000001,0.01]",0.001,4746,mock,InstrumentType.Spot,615482176,mock,BTC-USDT
2199944884,0,0,1783610797356127911,101,depth,"[65000.57,65000.67,65000.770000000004,65000.87,65000.97,65001.07,65001.17,65001.270000000004,65001.37,65001.47]",65000.57,"[0.001,0.002,0.003,0.004,0.005,0.006,0.007,0.008,0.009000000000000001,0.01]",0.001,"[65000.37,65000.270000000004,65000.17,65000.07,64999.97,64999.87,64999.770000000004,64999.67,64999.57,64999.47]",65000.37,"[0.001,0.002,0.003,0.004,0.005,0.006,0.007,0.008,0.009000000000000001,0.01]",0.001,4747,mock,InstrumentType.Spot,615482736,mock,BTC-USDT
2199944884,0,0,1783610797356427785,101,depth,"[65000.58,65000.68,65000.780000000006,65000.880000000005,65000.98,65001.08,65001.18,65001.280000000006,65001.380000000005,65001.48]",65000.58,"[0.001,0.002,0.003,0.004,0.005,0.006,0.007,0.008,0.009000000000000001,0.01]",0.001,"[65000.380000000005,65000.280000000006,65000.18,65000.08,64999.98,64999.880000000005,64999.780000000006,64999.68,64999.58,64999.48]",65000.380000000005,"[0.001,0.002,0.003,0.004,0.005,0.006,0.007,0.008,0.009000000000000001,0.01]",0.001,4748,mock,InstrumentType.Spot,615483296,mock,BTC-USDT
2199944884,0,0,1783610797356727707,101,depth,"[65000.59,65000.689999999995,65000.79,65000.89,65000.99,65001.09,65001.189999999995,65001.29,65001.39,65001.49]",65000.59,"[0.001,0.002,0.003,0.004,0.005,0.006,0.007,0.008,0.009000000000000001,0.01]",0.001,"[65000.39,65000.29,65000.189999999995,65000.09,64999.99,64999.89,64999.79,64999.689999999995,64999.59,64999.49]",65000.39,"[0.001,0.002,0.003,0.004,0.005,0.006,0.007,0.008,0.009000000000000001,0.01]",0.001,4749,mock,InstrumentType.Spot,615483856,mock,BTC-USDT
2199944884,0,0,1783610797357027750,101,depth,"[65000.6,65000.7,65000.8,65000.9,65001.0,65001.1,65001.2,65001.3,65001.4,65001.5]",65000.6,"[0.001,0.002,0.003,0.004,0.005,0.006,0.007,0.008,0.009000000000000001,0.01]",0.001,"[65000.4,65000.3,65000.2,65000.1,65000.0,64999.9,64999.8,64999.7,64999.6,64999.5]",65000.4,"[0.001,0.002,0.003,0.004,0.005,0.006,0.007,0.008,0.009000000000000001,0.01]",0.001,4750,mock,InstrumentType.Spot,615484416,mock,BTC-USDT
2199944884,0,0,1783610797357327740,101,depth,"[65000.61,65000.71,65000.810000000005,65000.91,65001.01,65001.11,65001.21,65001.310000000005,65001.41,65001.51]",65000.61,"[0.001,0.002,0.003,0.004,0.005,0.006,0.007,0.008,0.009000000000000001,0.01]",0.001,"[65000.41,65000.310000000005,65000.21,65000.11,65000.01,64999.91,64999.810000000005,64999.71,64999.61,64999.51]",65000.41,"[0.001,0.002,0.003,0.004,0.005,0.006,0.007,0.008,0.009000000000000001,0.01]",0.001,4751,mock,InstrumentType.Spot,615484976,mock,BTC-USDT
2199944884,0,0,1783610797357627647,101,depth,"[65000.619999999995,65000.719999999994,65000.82,65000.92,65001.02,65001.119999999995,65001.219999999994,65001.32,65001.42,65001.52]",65000.619999999995,"[0.001,0.002,0.003,0.004,0.005,0.006,0.007,0.008,0.009000000000000001,0.01]",0.001,"[65000.42,65000.32,65000.219999999994,65000.119999999995,65000.02,64999.92,64999.82,64999.719999999994,64999.619999999995,64999.52]",65000.42,"[0.001,0.002,0.003,0.004,0.005,0.006,0.007,0.008,0.009000000000000001,0.01]",0.001,4752,mock,InstrumentType.Spot,615485536,mock,BTC-USDT
2199944884,0,0,1783610797357927739,101,depth,"[65000.63,65000.729999999996,65000.83,65000.93,65001.03,65001.13,65001.229999999996,65001.33,65001.43,65001.53]",65000.63,"[0.001,0.002,0.003,0.004,0.005,0.006,0.007,0.008,0.009000000000000001,0.01]",0.001,"[65000.43,65000.33,65000.229999999996,65000.13,65000.03,64999.93,64999.83,64999.729999999996,64999.63,64999.53]",65000.43,"[0.001,0.002,0.003,0.004,0.005,0.006,0.007,0.008,0.009000000000000001,0.01]",0.001,4753,mock,InstrumentType.Spot,615486096,mock,BTC-USDT
2199944884,0,0,1783610797358227843,101,depth,"[65000.64,65000.74,65000.840000000004,65000.94,65001.04,65001.14,65001.24,65001.340000000004,65001.44,65001.54]",65000.64,"[0.001,0.002,0.003,0.004,0.005,0.006,0.007,0.008,0.009000000000000001,0.01]",0.001,"[65000.44,65000.340000000004,65000.24,65000.14,65000.04,64999.94,64999.840000000004,64999.74,64999.64,64999.54]",65000.44,"[0.001,0.002,0.003,0.004,0.005,0.006,0.007,0.008,0.009000000000000001,0.01]",0.001,4754,mock,InstrumentType.Spot,615486656,mock,BTC-USDT
2199944884,0,0,1783610797358533199,101,depth,"[65000.65,65000.75,65000.850000000006,65000.950000000004,65001.05,65001.15,65001.25,65001.350000000006,65001.450000000004,65001.55]",65000.65,"[0.001,0.002,0.003,0.004,0.005,0.006,0.007,0.008,0.009000000000000001,0.01]",0.001,"[65000.450000000004,65000.350000000006,65000.25,65000.15,65000.05,64999.950000000004,64999.850000000006,64999.75,64999.65,64999.55]",65000.450000000004,"[0.001,0.002,0.003,0.004,0.005,0.006,0.007,0.008,0.009000000000000001,0.01]",0.001,4755,mock,InstrumentType.Spot,615487216,mock,BTC-USDT
2199944884,0,0,1783610797358827769,101,depth,"[65000.659999999996,65000.759999999995,65000.86,65000.96,65001.06,65001.159999999996,65001.259999999995,65001.36,65001.46,65001.56]",65000.659999999996,"[0.001,0.002,0.003,0.004,0.005,0.006,0.007,0.008,0.009000000000000001,0.01]",0.001,"[65000.46,65000.36,65000.259999999995,65000.159999999996,65000.06,64999.96,64999.86,64999.759999999995,64999.659999999996,64999.56]",65000.46,"[0.001,0.002,0.003,0.004,0.005,0.006,0.007,0.008,0.009000000000000001,0.01]",0.001,4756,mock,InstrumentType.Spot,615487776,mock,BTC-USDT
2199944884,0,0,1783610797359127797,101,depth,"[65000.67,65000.77,65000.87,65000.97,65001.07,65001.17,65001.27,65001.37,65001.47,65001.57]",65000.67,"[0.001,0.002,0.003,0.004,0.005,0.006,0.007,0.008,0.009000000000000001,0.01]",0.001,"[65000.47,65000.37,65000.27,65000.17,65000.07,64999.97,64999.87,64999.77,64999.67,64999.57]",65000.47,"[0.001,0.002,0.003,0.004,0.005,0.006,0.007,0.008,0.009000000000000001,0.01]",0.001,4757,mock,InstrumentType.Spot,615488336,mock,BTC-USDT
2199944884,0,0,1783610797359427719,101,depth,"[65000.68,65000.78,65000.880000000005,65000.98,65001.08,65001.18,65001.28,65001.380000000005,65001.48,65001.58]",65000.68,"[0.001,0.002,0.003,0.004,0.005,0.006,0.007,0.008,0.009000000000000001,0.01]",0.001,"[65000.48,65000.380000000005,65000.28,65000.18,65000.08,64999.98,64999.880000000005,64999.78,64999.68,64999.58]",65000.48,"[0.001,0.002,0.003,0.004,0.005,0.006,0.007,0.008,0.009000000000000001,0.01]",0.001,4758,mock,InstrumentType.Spot,615488896,mock,BTC-USDT
2199944884,0,0,1783610797359727648,101,depth,"[65000.689999999995,65000.78999999999,65000.89,65000.99,65001.09,65001.189999999995,65001.28999999999,65001.39,65001.49,65001.59]",65000.689999999995,"[0.001,0.002,0.003,0.004,0.005,0.006,0.007,0.008,0.009000000000000001,0.01]",0.001,"[65000.49,65000.39,65000.28999999999,65000.189999999995,65000.09,64999.99,64999.89,64999.78999999999,64999.689999999995,64999.59]",65000.49,"[0.001,0.002,0.003,0.004,0.005,0.006,0.007,0.008,0.009000000000000001,0.01]",0.001,4759,mock,InstrumentType.Spot,615489456,mock,BTC-USDT
2199944884,0,0,1783610797360027823,101,depth,"[65000.7,65000.799999999996,65000.9,65001.0,65001.1,65001.2,65001.299999999996,65001.4,65001.5,65001.6]",65000.7,"[0.001,0.002,0.003,0.004,0.005,0.006,0.007,0.008,0.009000000000000001,0.01]",0.001,"[65000.5,65000.4,65000.299999999996,65000.2,65000.1,65000.0,64999.9,64999.799999999996,64999.7,64999.6]",65000.5,"[0.001,0.002,0.003,0.004,0.005,0.006,0.007,0.008,0.009000000000000001,0.01]",0.001,4760,mock,InstrumentType.Spot,615490016,mock,BTC-USDT
2199944884,0,0,1783610797360327731,101,depth,"[65000.71,65000.81,65000.91,65001.01,65001.11,65001.21,65001.31,65001.41,65001.51,65001.61]",65000.71,"[0.001,0.002,0.003,0.004,0.005,0.006,0.007,0.008,0.009000000000000001,0.01]",0.001,"[65000.51,65000.41,65000.31,65000.21,65000.11,65000.01,64999.91,64999.81,64999.71,64999.61]",65000.51,"[0.001,0.002,0.003,0.004,0.005,0.006,0.007,0.008,0.009000000000000001,0.01]",0.001,4761,mock,InstrumentType.Spot,615490576,mock,BTC-USDT
2199944884,0,0,1783610797360627671,101,depth,"[65000.72,65000.82,65000.920000000006,65001.020000000004,65001.12,65001.22,65001.32,65001.420000000006,65001.520000000004,65001.62]",65000.72,"[0.001,0.002,0.003,0.004,0.005,0.006,0.007,0.008,0.009000000000000001,0.01]",0.001,"[65000.520000000004,65000.420000000006,65000.32,65000.22,65000.12,65000.020000000004,64999.920000000006,64999.82,64999.72,64999.62]",65000.520000000004,"[0.001,0.002,0.003,0.004,0.005,0.006,0.007,0.008,0.009000000000000001,0.01]",0.001,4762,mock,InstrumentType.Spot,615491136,mock,BTC-USDT
2199944884,0,0,1783610797360927791,101,depth,"[65000.729999999996,65000.829999999994,65000.93,65001.03,65001.13,65001.229999999996,65001.329999999994,65001.43,65001.53,65001.63]",65000.729999999996,"[0.001,0.002,0.003,0.004,0.005,0.006,0.007,0.008,0.009000000000000001,0.01]",0.001,"[65000.53,65000.43,65000.329999999994,65000.229999999996,65000.13,65000.03,64999.93,64999.829999999994,64999.729999999996,64999.63]",65000.53,"[0.001,0.002,0.003,0.004,0.005,0.006,0.007,0.008,0.009000000000000001,0.01]",0.001,4763,mock,InstrumentType.Spot,615491696,mock,BTC-USDT
2199944884,0,0,1783610797361228617,101,depth,"[65000.74,65000.84,65000.94,65001.04,65001.14,65001.24,65001.34,65001.44,65001.54,65001.64]",65000.74,"[0.001,0.002,0.003,0.004,0.005,0.006,0.007,0.008,0.009000000000000001,0.01]",0.001,"[65000.54,65000.44,65000.34,65000.24,65000.14,65000.04,64999.94,64999.84,64999.74,64999.64]",65000.54,"[0.001,0.002,0.003,0.004,0.005,0.006,0.007,0.008,0.009000000000000001,0.01]",0.001,4764,mock,InstrumentType.Spot,615492256,mock,BTC-USDT
2199944884,0,0,1783610797361535076,101,depth,"[65000.75,65000.85,65000.950000000004,65001.05,65001.15,65001.25,65001.35,65001.450000000004,65001.55,65001.65]",65000.75,"[0.001,0.002,0.003,0.004,0.005,0.006,0.007,0.008,0.009000000000000001,0.01]",0.001,"[65000.55,65000.450000000004,65000.35,65000.25,65000.15,65000.05,64999.950000000004,64999.85,64999.75,64999.65]",65000.55,"[0.001,0.002,0.003,0.004,0.005,0.006,0.007,0.008,0.009000000000000001,0.01]",0.001,4765,mock,InstrumentType.Spot,615492816,mock,BTC-USDT
2199944884,0,0,1783610797361827703,101,depth,"[65000.76,65000.86,65000.96000000001,65001.060000000005,65001.16,65001.26,65001.36,65001.46000000001,65001.560000000005,65001.66]",65000.76,"[0.001,0.002,0.003,0.004,0.005,0.006,0.007,0.008,0.009000000000000001,0.01]",0.001,"[65000.560000000005,65000.46000000001,65000.36,65000.26,65000.16,65000.060000000005,64999.96000000001,64999.86,64999.76,64999.66]",65000.560000000005,"[0.001,0.002,0.003,0.004,0.005,0.006,0.007,0.008,0.009000000000000001,0.01]",0.001,4766,mock,InstrumentType.Spot,615493376,mock,BTC-USDT
2199944884,0,0,1783610797362127739,101,depth,"[65000.77,65000.869999999995,65000.97,65001.07,65001.17,65001.27,65001.369999999995,65001.47,65001.57,65001.67]",65000.77,"[0.001,0.002,0.003,0.004,0.005,0.006,0.007,0.008,0.009000000000000001,0.01]",0.001,"[65000.57,65000.47,65000.369999999995,65000.27,65000.17,65000.07,64999.97,64999.869999999995,64999.77,64999.67]",65000.57,"[0.001,0.002,0.003,0.004,0.005,0.006,0.007,0.008,0.009000000000000001,0.01]",0.001,4767,mock,InstrumentType.Spot,615493936,mock,BTC-USDT
2199944884,0,0,1783610797362427691,101,depth,"[65000.78,65000.88,65000.98,65001.08,65001.18,65001.28,65001.38,65001.48,65001.58,65001.68]",65000.78,"[0.001,0.002,0.003,0.004,0.005,0.006,0.007,0.008,0.009000000000000001,0.01]",0.001,"[65000.58,65000.48,65000.38,65000.28,65000.18,65000.08,64999.98,64999.88,64999.78,64999.68]",65000.58,"[0.001,0.002,0.003,0.004,0.005,0.006,0.007,0.008,0.009000000000000001,0.01]",0.001,4768,mock,InstrumentType.Spot,615494496,mock,BTC-USDT
2199944884,0,0,1783610797362728902,101,depth,"[65000.79,65000.89,65000.990000000005,65001.090000000004,65001.19,65001.29,65001.39,65001.490000000005,65001.590000000004,65001.69]",65000.79,"[0.001,0.002,0.003,0.004,0.005,0.006,0.007,0.008,0.009000000000000001,0.01]",0.001,"[65000.590000000004,65000.490000000005,65000.39,65000.29,65000.19,65000.090000000004,64999.990000000005,64999.89,64999.79,64999.69]",65000.590000000004,"[0.001,0.002,0.003,0.004,0.005,0.006,0.007,0.008,0.009000000000000001,0.01]",0.001,4769,mock,InstrumentType.Spot,615495056,mock,BTC-USDT
2199944884,0,0,1783610797363031803,101,depth,"[65000.799999999996,65000.899999999994,65001.0,65001.1,65001.2,65001.299999999996,65001.399999999994,65001.5,65001.6,65001.7]",65000.799999999996,"[0.001,0.002,0.003,0.004,0.005,0.006,0.007,0.008,0.009000000000000001,0.01]",0.001,"[65000.6,65000.5,65000.399999999994,65000.299999999996,65000.2,65000.1,65000.0,64999.899999999994,64999.799999999996,64999.7]",65000.6,"[0.001,0.002,0.003,0.004,0.005,0.006,0.007,0.008,0.009000000000000001,0.01]",0.001,4770,mock,InstrumentType.Spot,615495616,mock,BTC-USDT
2199944884,0,0,1783610797363329665,101,depth,"[65000.81,65000.909999999996,65001.01,65001.11,65001.21,65001.31,65001.409999999996,65001.51,65001.61,65001.71]",65000.81,"[0.001,0.002,0.003,0.004,0.005,0.006,0.007,0.008,0.009000000000000001,0.01]",0.001,"[65000.61,65000.51,65000.409999999996,65000.31,65000.21,65000.11,65000.01,64999.909999999996,64999.81,64999.71]",65000.61,"[0.001,0.002,0.003,0.004,0.005,0.006,0.007,0.008,0.009000000000000001,0.01]",0.001,4771,mock,InstrumentType.Spot,615496176,mock,BTC-USDT
2199944884,0,0,1783610797363628783,101,depth,"[65000.82,65000.92,65001.020000000004,65001.12,65001.22,65001.32,65001.42,65001.520000000004,65001.62,65001.72]",65000.82,"[0.001,0.002,0.003,0.004,0.005,0.006,0.007,0.008,0.009000000000000001,0.01]",0.001,"[65000.62,65000.520000000004,65000.42,65000.32,65000.22,65000.12,65000.020000000004,64999.92,64999.82,64999.72]",65000.62,"[0.001,0.002,0.003,0.004,0.005,0.006,0.007,0.008,0.009000000000000001,0.01]",0.001,4772,mock,InstrumentType.Spot,615496736,mock,BTC-USDT
2199944884,0,0,1783610797363928477,101,depth,"[65000.83,65000.93,65001.030000000006,65001.130000000005,65001.23,65001.33,65001.43,65001.530000000006,65001.630000000005,65001.73]",65000.83,"[0.001,0.002,0.003,0.004,0.005,0.006,0.007,0.008,0.009000000000000001,0.01]",0.001,"[65000.630000000005,65000.530000000006,65000.43,65000.33,65000.23,65000.130000000005,65000.030000000006,64999.93,64999.83,64999.73]",65000.630000000005,"[0.001,0.002,0.003,0.004,0.005,0.006,0.007,0.008,0.009000000000000001,0.01]",0.001,4773,mock,InstrumentType.Spot,615497296,mock,BTC-USDT
2199944884,0,0,1783610797364246707,101,depth,"[65000.84,65000.939999999995,65001.04,65001.14,65001.24,65001.34,65001.439999999995,65001.54,65001.64,65001.74]",65000.84,"[0.001,0.002,0.003,0.004,0.005,0.006,0.007,0.008,0.009000000000000001,0.01]",0.001,"[65000.64,65000.54,65000.439999999995,65000.34,65000.24,65000.14,65000.04,64999.939999999995,64999.84,64999.74]",65000.64,"[0.001,0.002,0.003,0.004,0.005,0.006,0.007,0.008,0.009000000000000001,0.01]",0.001,4774,mock,InstrumentType.Spot,615497856,mock,BTC-USDT
2199944884,0,0,1783610797364537707,101,depth,"[65000.85,65000.95,65001.05,65001.15,65001.25,65001.35,65001.45,65001.55,65001.65,65001.75]",65000.85,"[0.001,0.002,0.003,0.004,0.005,0.006,0.007,0.008,0.009000000000000001,0.01]",0.001,"[65000.65,65000.55,65000.45,65000.35,65000.25,65000.15,65000.05,64999.95,64999.85,64999.75]",65000.65,"[0.001,0.002,0.003,0.004,0.005,0.006,0.007,0.008,0.009000000000000001,0.01]",0.001,4775,mock,InstrumentType.Spot,615498416,mock,BTC-USDT
2199944884,0,0,1783610797364829240,101,depth,"[65000.86,65000.96,65001.060000000005,65001.16,65001.26,65001.36,65001.46,65001.560000000005,65001.66,65001.76]",65000.86,"[0.001,0.002,0.003,0.004,0.005,0.006,0.007,0.008,0.009000000000000001,0.01]",0.001,"[65000.66,65000.560000000005,65000.46,65000.36,65000.26,65000.16,65000.060000000005,64999.96,64999.86,64999.76]",65000.66,"[0.001,0.002,0.003,0.004,0.005,0.006,0.007,0.008,0.009000000000000001,0.01]",0.001,4776,mock,InstrumentType.Spot,615498976,mock,BTC-USDT
2199944884,0,0,1783610797365128162,101,depth,"[65000.869999999995,65000.969999999994,65001.07,65001.17,65001.27,65001.369999999995,65001.469999999994,65001.57,65001.67,65001.77]",65000.869999999995,"[0.001,0.002,0.003,0.004,0.005,0.006,0.007,0.008,0.009000000000000001,0.01]",0.001,"[65000.67,65000.57,65000.469999999994,65000.369999999995,65000.27,65000.17,65000.07,64999.969999999994,64999.869999999995,64999.77]",65000.67,"[0.001,0.002,0.003,0.004,0.005,0.006,0.007,0.008,0.009000000000000001,0.01]",0.001,4777,mock,InstrumentType.Spot,615499536,mock,BTC-USDT
2199944884,0,0,1783610797365427785,101,depth,"[65000.88,65000.979999999996,65001.08,65001.18,65001.28,65001.38,65001.479999999996,65001.58,65001.68,65001.78]",65000.88,"[0.001,0.002,0.003,0.004,0.005,0.006,0.007,0.008,0.009000000000000001,0.01]",0.001,"[65000.68,65000.58,65000.479999999996,65000.38,65000.28,65000.18,65000.08,64999.979999999996,64999.88,64999.78]",65000.68,"[0.001,0.002,0.003,0.004,0.005,0.006,0.007,0.008,0.009000000000000001,0.01]",0.001,4778,mock,InstrumentType.Spot,615500096,mock,BTC-USDT
2199944884,0,0,1783610797365727735,101,depth,"[65000.89,65000.99,65001.090000000004,65001.19,65001.29,65001.39,65001.49,65001.590000000004,65001.69,65001.79]",65000.89,"[0.001,0.002,0.003,0.004,0.005,0.006,0.007,0.008,0.009000000000000001,0.01]",0.001,"[65000.69,65000.590000000004,65000.49,65000.39,65000.29,65000.19,65000.090000000004,64999.99,64999.89,64999.79]",65000.69,"[0.001,0.002,0.003,0.004,0.005,0.006,0.007,0.008,0.009000000000000001,0.01]",0.001,4779,mock,InstrumentType.Spot,615500656,mock,BTC-USDT
2199944884,0,0,1783610797366027887,101,depth,"[65000.9,65001.0,65001.100000000006,65001.200000000004,65001.3,65001.4,65001.5,65001.600000000006,65001.700000000004,65001.8]",65000.9,"[0.001,0.002,0.003,0.004,0.005,0.006,0.007,0.008,0.009000000000000001,0.01]",0.001,"[65000.700000000004,65000.600000000006,65000.5,65000.4,65000.3,65000.200000000004,65000.100000000006,65000.0,64999.9,64999.8]",65000.700000000004,"[0.001,0.002,0.003,0.004,0.005,0.006,0.007,0.008,0.009000000000000001,0.01]",0.001,4780,mock,InstrumentType.Spot,615501216,mock,BTC-USDT
2199944884,0,0,1783610797366327965,101,depth,"[65000.909999999996,65001.009999999995,65001.11,65001.21,65001.31,65001.409999999996,65001.509999999995,65001.61,65001.71,65001.81]",65000.909999999996,"[0.001,0.002,0.003,0.004,0.005,0.006,0.007,0.008,0.009000000000000001,0.01]",0.001,"[65000.71,65000.61,65000.509999999995,65000.409999999996,65000.31,65000.21,65000.11,65000.009999999995,64999.909999999996,64999.81]",65000.71,"[0.001,0.002,0.003,0.004,0.005,0.006,0.007,0.008,0.009000000000000001,0.01]",0.001,4781,mock,InstrumentType.Spot,615501776,mock,BTC-USDT
2199944884,0,0,1783610797366628032,101,depth,"[65000.92,65001.02,65001.12,65001.22,65001.32,65001.42,65001.52,65001.62,65001.72,65001.82]",65000.92,"[0.001,0.002,0.003,0.004,0.005,0.006,0.007,0.008,0.009000000000000001,0.01]",0.001,"[65000.72,65000.62,65000.52,65000.42,65000.32,65000.22,65000.12,65000.02,64999.92,64999.82]",65000.72,"[0.001,0.002,0.003,0.004,0.005,0.006,0.007,0.008,0.009000000000000001,0.01]",0.001,4782,mock,InstrumentType.Spot,615502336,mock,BTC-USDT
2199944884,0,0,1783610797366927920,101,depth,"[65000.93,65001.03,65001.130000000005,65001.23,65001.33,65001.43,65001.53,65001.630000000005,65001.73,65001.83]",65000.93,"[0.001,0.002,0.003,0.004,0.005,0.006,0.007,0.008,0.009000000000000001,0.01]",0.001,"[65000.73,65000.630000000005,65000.53,65000.43,65000.33,65000.23,65000.130000000005,65000.03,64999.93,64999.83]",65000.73,"[0.001,0.002,0.003,0.004,0.005,0.006,0.007,0.008,0.009000000000000001,0.01]",0.001,4783,mock,InstrumentType.Spot,615502896,mock,BTC-USDT
2199944884,0,0,1783610797367244384,101,depth,"[65000.939999999995,65001.03999999999,65001.14,65001.24,65001.34,65001.439999999995,65001.53999999999,65001.64,65001.74,65001.84]",65000.939999999995,"[0.001,0.002,0.003,0.004,0.005,0.006,0.007,0.008,0.009000000000000001,0.01]",0.001,"[65000.74,65000.64,65000.53999999999,65000.439999999995,65000.34,65000.24,65000.14,65000.03999999999,64999.939999999995,64999.84]",65000.74,"[0.001,0.002,0.003,0.004,0.005,0.006,0.007,0.008,0.009000000000000001,0.01]",0.001,4784,mock,InstrumentType.Spot,615503456,mock,BTC-USDT
2199944884,0,0,1783610797367527953,101,depth,"[65000.95,65001.049999999996,65001.15,65001.25,65001.35,65001.45,65001.549999999996,65001.65,65001.75,65001.85]",65000.95,"[0.001,0.002,0.003,0.004,0.005,0.006,0.007,0.008,0.009000000000000001,0.01]",0.001,"[65000.75,65000.65,65000.549999999996,65000.45,65000.35,65000.25,65000.15,65000.049999999996,64999.95,64999.85]",65000.75,"[0.001,0.002,0.003,0.004,0.005,0.006,0.007,0.008,0.009000000000000001,0.01]",0.001,4785,mock,InstrumentType.Spot,615504016,mock,BTC-USDT
2199944884,0,0,1783610797367827827,101,depth,"[65000.96,65001.06,65001.16,65001.26,65001.36,65001.46,65001.56,65001.66,65001.76,65001.86]",65000.96,"[0.001,0.002,0.003,0.004,0.005,0.006,0.007,0.008,0.009000000000000001,0.01]",0.001,"[65000.76,65000.66,65000.56,65000.46,65000.36,65000.26,65000.16,65000.06,64999.96,64999.86]",65000.76,"[0.001,0.002,0.003,0.004,0.005,0.006,0.007,0.008,0.009000000000000001,0.01]",0.001,4786,mock,InstrumentType.Spot,615504576,mock,BTC-USDT
2199944884,0,0,1783610797368127965,101,depth,"[65000.97,65001.07,65001.170000000006,65001.270000000004,65001.37,65001.47,65001.57,65001.670000000006,65001.770000000004,65001.87]",65000.97,"[0.001,0.002,0.003,0.004,0.005,0.006,0.007,0.008,0.009000000000000001,0.01]",0.001,"[65000.770000000004,65000.670000000006,65000.57,65000.47,65000.37,65000.270000000004,65000.170000000006,65000.07,64999.97,64999.87]",65000.770000000004,"[0.001,0.002,0.003,0.004,0.005,0.006,0.007,0.008,0.009000000000000001,0.01]",0.001,4787,mock,InstrumentType.Spot,615505136,mock,BTC-USDT
2199944884,0,0,1783610797368428147,101,depth,"[65000.979999999996,65001.079999999994,65001.18,65001.28,65001.38,65001.479999999996,65001.579999999994,65001.68,65001.78,65001.88]",65000.979999999996,"[0.001,0.002,0.003,0.004,0.005,0.006,0.007,0.008,0.009000000000000001,0.01]",0.001,"[65000.78,65000.68,65000.579999999994,65000.479999999996,65000.38,65000.28,65000.18,65000.079999999994,64999.979999999996,64999.88]",65000.78,"[0.001,0.002,0.003,0.004,0.005,0.006,0.007,0.008,0.009000000000000001,0.01]",0.001,4788,mock,InstrumentType.Spot,615505696,mock,BTC-USDT
2199944884,0,0,1783610797368728030,101,depth,"[65000.99,65001.09,65001.19,65001.29,65001.39,65001.49,65001.59,65001.69,65001.79,65001.89]",65000.99,"[0.001,0.002,0.003,0.004,0.005,0.006,0.007,0.008,0.009000000000000001,0.01]",0.001,"[65000.79,65000.69,65000.59,65000.49,65000.39,65000.29,65000.19,65000.09,64999.99,64999.89]",65000.79,"[0.001,0.002,0.003,0.004,0.005,0.006,0.007,0.008,0.009000000000000001,0.01]",0.001,4789,mock,InstrumentType.Spot,615506256,mock,BTC-USDT
2199944884,0,0,1783610797369028212,101,depth,"[65001.0,65001.1,65001.200000000004,65001.3,65001.4,65001.5,65001.6,65001.700000000004,65001.8,65001.9]",65001.0,"[0.001,0.002,0.003,0.004,0.005,0.006,0.007,0.008,0.009000000000000001,0.01]",0.001,"[65000.8,65000.700000000004,65000.6,65000.5,65000.4,65000.3,65000.200000000004,65000.1,65000.0,64999.9]",65000.8,"[0.001,0.002,0.003,0.004,0.005,0.006,0.007,0.008,0.009000000000000001,0.01]",0.001,4790,mock,InstrumentType.Spot,615506816,mock,BTC-USDT
2199944884,0,0,1783610797369328009,101,depth,"[65001.01,65001.11,65001.21000000001,65001.310000000005,65001.41,65001.51,65001.61,65001.71000000001,65001.810000000005,65001.91]",65001.01,"[0.001,0.002,0.003,0.004,0.005,0.006,0.007,0.008,0.009000000000000001,0.01]",0.001,"[65000.810000000005,65000.71000000001,65000.61,65000.51,65000.41,65000.310000000005,65000.21000000001,65000.11,65000.01,64999.91]",65000.810000000005,"[0.001,0.002,0.003,0.004,0.005,0.006,0.007,0.008,0.009000000000000001,0.01]",0.001,4791,mock,InstrumentType.Spot,615507376,mock,BTC-USDT
2199944884,0,0,1783610797369627878,101,depth,"[65001.02,65001.119999999995,65001.22,65001.32,65001.42,65001.52,65001.619999999995,65001.72,65001.82,65001.92]",65001.02,"[0.001,0.002,0.003,0.004,0.005,0.006,0.007,0.008,0.009000000000000001,0.01]",0.001,"[65000.82,65000.72,65000.619999999995,65000.52,65000.42,65000.32,65000.22,65000.119999999995,65000.02,64999.92]",65000.82,"[0.001,0.002,0.003,0.004,0.005,0.006,0.007,0.008,0.009000000000000001,0.01]",0.001,4792,mock,InstrumentType.Spot,615507936,mock,BTC-USDT
2199944884,0,0,1783610797369935098,101,depth,"[65001.03,65001.13,65001.23,65001.33,65001.43,65001.53,65001.63,65001.73,65001.83,65001.93]",65001.03,"[0.001,0.002,0.003,0.004,0.005,0.006,0.007,0.008,0.009000000000000001,0.01]",0.001,"[65000.83,65000.73,65000.63,65000.53,65000.43,65000.33,65000.23,65000.13,65000.03,64999.93]",65000.83,"[0.001,0.002,0.003,0.004,0.005,0.006,0.007,0.008,0.009000000000000001,0.01]",0.001,4793,mock,InstrumentType.Spot,615508496,mock,BTC-USDT
2199944884,0,0,1783610797370228366,101,depth,"[65001.04,65001.14,65001.240000000005,65001.340000000004,65001.44,65001.54,65001.64,65001.740000000005,65001.840000000004,65001.94]",65001.04,"[0.001,0.002,0.003,0.004,0.005,0.006,0.007,0.008,0.009000000000000001,0.01]",0.001,"[65000.840000000004,65000.740000000005,65000.64,65000.54,65000.44,65000.340000000004,65000.240000000005,65000.14,65000.04,64999.94]",65000.840000000004,"[0.001,0.002,0.003,0.004,0.005,0.006,0.007,0.008,0.009000000000000001,0.01]",0.001,4794,mock,InstrumentType.Spot,615509056,mock,BTC-USDT
2199944884,0,0,1783610797370528129,101,depth,"[65001.049999999996,65001.149999999994,65001.25,65001.35,65001.45,65001.549999999996,65001.649999999994,65001.75,65001.85,65001.95]",65001.049999999996,"[0.001,0.002,0.003,0.004,0.005,0.006,0.007,0.008,0.009000000000000001,0.01]",0.001,"[65000.85,65000.75,65000.649999999994,65000.549999999996,65000.45,65000.35,65000.25,65000.149999999994,65000.049999999996,64999.95]",65000.85,"[0.001,0.002,0.003,0.004,0.005,0.006,0.007,0.008,0.009000000000000001,0.01]",0.001,4795,mock,InstrumentType.Spot,615509616,mock,BTC-USDT
2199944884,0,0,1783610797370827900,101,depth,"[65001.06,65001.159999999996,65001.26,65001.36,65001.46,65001.56,65001.659999999996,65001.76,65001.86,65001.96]",65001.06,"[0.001,0.002,0.003,0.004,0.005,0.006,0.007,0.008,0.009000000000000001,0.01]",0.001,"[65000.86,65000.76,65000.659999999996,65000.56,65000.46,65000.36,65000.26,65000.159999999996,65000.06,64999.96]",65000.86,"[0.001,0.002,0.003,0.004,0.005,0.006,0.007,0.008,0.009000000000000001,0.01]",0.001,4796,mock,InstrumentType.Spot,615510176,mock,BTC-USDT
2199944884,0,0,1783610797371127968,101,depth,"[65001.07,65001.17,65001.270000000004,65001.37,65001.47,65001.57,65001.67,65001.770000000004,65001.87,65001.97]",65001.07,"[0.001,0.002,0.003,0.004,0.005,0.006,0.007,0.008,0.009000000000000001,0.01]",0.001,"[65000.87,65000.770000000004,65000.67,65000.57,65000.47,65000.37,65000.270000000004,65000.17,65000.07,64999.97]",65000.87,"[0.001,0.002,0.003,0.004,0.005,0.006,0.007,0.008,0.009000000000000001,0.01]",0.001,4797,mock,InstrumentType.Spot,615510736,mock,BTC-USDT
2199944884,0,0,1783610797371427895,101,depth,"[65001.08,65001.18,65001.280000000006,65001.380000000005,65001.48,65001.58,65001.68,65001.780000000006,65001.880000000005,65001.98]",65001.08,"[0.001,0.002,0.003,0.004,0.005,0.006,0.007,0.008,0.009000000000000001,0.01]",0.001,"[65000.880000000005,65000.780000000006,65000.68,65000.58,65000.48,65000.380000000005,65000.280000000006,65000.18,65000.08,64999.98]",65000.880000000005,"[0.001,0.002,0.003,0.004,0.005,0.006,0.007,0.008,0.009000000000000001,0.01]",0.001,4798,mock,InstrumentType.Spot,615511296,mock,BTC-USDT
2199944884,0,0,1783610797371727918,101,depth,"[65001.09,65001.189999999995,65001.29,65001.39,65001.49,65001.59,65001.689999999995,65001.79,65001.89,65001.99]",65001.09,"[0.001,0.002,0.003,0.004,0.005,0.006,0.007,0.008,0.009000000000000001,0.01]",0.001,"[65000.89,65000.79,65000.689999999995,65000.59,65000.49,65000.39,65000.29,65000.189999999995,65000.09,64999.99]",65000.89,"[0.001,0.002,0.003,0.004,0.005,0.006,0.007,0.008,0.009000000000000001,0.01]",0.001,4799,mock,InstrumentType.Spot,615511856,mock,BTC-USDT
2199944884,0,0,1783610797372027902,101,depth,"[65000.1,65000.2,65000.3,65000.4,65000.5,65000.6,65000.7,65000.8,65000.9,65001.0]",65000.1,"[0.001,0.002,0.003,0.004,0.005,0.006,0.007,0.008,0.009000000000000001,0.01]",0.001,"[64999.9,64999.8,64999.7,64999.6,64999.5,64999.4,64999.3,64999.2,64999.1,64999.0]",64999.9,"[0.001,0.002,0.003,0.004,0.005,0.006,0.007,0.008,0.009000000000000001,0.01]",0.001,4800,mock,InstrumentType.Spot,615512416,mock,BTC-USDT
2199944884,0,0,1783610797372327934,101,depth,"[65000.11,65000.21,65000.310000000005,65000.41,65000.51,65000.61,65000.71,65000.810000000005,65000.91,65001.01]",65000.11,"[0.001,0.002,0.003,0.004,0.005,0.006,0.007,0.008,0.009000000000000001,0.01]",0.001,"[64999.91,64999.810000000005,64999.71,64999.61,64999.51,64999.41,64999.310000000005,64999.21,64999.11,64999.01]",64999.91,"[0.001,0.002,0.003,0.004,0.005,0.006,0.007,0.008,0.009000000000000001,0.01]",0.001,4801,mock,InstrumentType.Spot,615512976,mock,BTC-USDT
2199944884,0,0,1783610797372627856,101,depth,"[65000.119999999995,65000.219999999994,65000.32,65000.42,65000.52,65000.619999999995,65000.719999999994,65000.82,65000.92,65001.02]",65000.119999999995,"[0.001,0.002,0.003,0.004,0.005,0.006,0.007,0.008,0.009000000000000001,0.01]",0.001,"[64999.92,64999.82,64999.719999999994,64999.619999999995,64999.52,64999.42,64999.32,64999.219999999994,64999.119999999995,64999.02]",64999.92,"[0.001,0.002,0.003,0.004,0.005,0.006,0.007,0.008,0.009000000000000001,0.01]",0.001,4802,mock,InstrumentType.Spot,615513536,mock,BTC-USDT
2199944884,0,0,1783610797372933523,101,depth,"[65000.13,65000.229999999996,65000.33,65000.43,65000.53,65000.63,65000.729999999996,65000.83,65000.93,65001.03]",65000.13,"[0.001,0.002,0.003,0.004,0.005,0.006,0.007,0.008,0.009000000000000001,0.01]",0.001,"[64999.93,64999.83,64999.729999999996,64999.63,64999.53,64999.43,64999.33,64999.229999999996,64999.13,64999.03]",64999.93,"[0.001,0.002,0.003,0.004,0.005,0.006,0.007,0.008,0.009000000000000001,0.01]",0.001,4803,mock,InstrumentType.Spot,615514096,mock,BTC-USDT
2199944884,0,0,1783610797373228130,101,depth,"[65000.14,65000.24,65000.340000000004,65000.44,65000.54,65000.64,65000.74,65000.840000000004,65000.94,65001.04]",65000.14,"[0.001,0.002,0.003,0.004,0.005,0.006,0.007,0.008,0.009000000000000001,0.01]",0.001,"[64999.94,64999.840000000004,64999.74,64999.64,64999.54,64999.44,64999.340000000004,64999.24,64999.14,64999.04]",64999.94,"[0.001,0.002,0.003,0.004,0.005,0.006,0.007,0.008,0.009000000000000001,0.01]",0.001,4804,mock,InstrumentType.Spot,615514656,mock,BTC-USDT
2199944884,0,0,1783610797373528127,101,depth,"[65000.15,65000.25,65000.350000000006,65000.450000000004,65000.55,65000.65,65000.75,65000.850000000006,65000.950000000004,65001.05]",65000.15,"[0.001,0.002,0.003,0.004,0.005,0.006,0.007,0.008,0.009000000000000001,0.01]",0.001,"[64999.950000000004,64999.850000000006,64999.75,64999.65,64999.55,64999.450000000004,64999.350000000006,64999.25,64999.15,64999.05]",64999.950000000004,"[0.001,0.002,0.003,0.004,0.005,0.006,0.007,0.008,0.009000000000000001,0.01]",0.001,4805,mock,InstrumentType.Spot,615515216,mock,BTC-USDT
2199944884,0,0,1783610797373828174,101,depth,"[65000.159999999996,65000.259999999995,65000.36,65000.46,65000.56,65000.659999999996,65000.759999999995,65000.86,65000.96,65001.06]",65000.159999999996,"[0.001,0.002,0.003,0.004,0.005,0.006,0.007,0.008,0.009000000000000001,0.01]",0.001,"[64999.96,64999.86,64999.759999999995,64999.659999999996,64999.56,64999.46,64999.36,64999.259999999995,64999.159999999996,64999.06]",64999.96,"[0.001,0.002,0.003,0.004,0.005,0.006,0.007,0.008,0.009000000000000001,0.01]",0.001,4806,mock,InstrumentType.Spot,615515776,mock,BTC-USDT
2199944884,0,0,1783610797374128214,101,depth,"[65000.17,65000.27,65000.37,65000.47,65000.57,65000.67,65000.77,65000.87,65000.97,65001.07]",65000.17,"[0.001,0.002,0.003,0.004,0.005,0.006,0.007,0.008,0.009000000000000001,0.01]",0.001,"[64999.97,64999.87,64999.77,64999.67,64999.57,64999.47,64999.37,64999.27,64999.17,64999.07]",64999.97,"[0.001,0.002,0.003,0.004,0.005,0.006,0.007,0.008,0.009000000000000001,0.01]",0.001,4807,mock,InstrumentType.Spot,615516336,mock,BTC-USDT
2199944884,0,0,1783610797374429226,101,depth,"[65000.18,65000.28,65000.380000000005,65000.48,65000.58,65000.68,65000.78,65000.880000000005,65000.98,65001.08]",65000.18,"[0.001,0.002,0.003,0.004,0.005,0.006,0.007,0.008,0.009000000000000001,0.01]",0.001,"[64999.98,64999.880000000005,64999.78,64999.68,64999.58,64999.48,64999.380000000005,64999.28,64999.18,64999.08]",64999.98,"[0.001,0.002,0.003,0.004,0.005,0.006,0.007,0.008,0.009000000000000001,0.01]",0.001,4808,mock,InstrumentType.Spot,615516896,mock,BTC-USDT
2199944884,0,0,1783610797374728258,101,depth,"[65000.189999999995,65000.28999999999,65000.39,65000.49,65000.59,65000.689999999995,65000.78999999999,65000.89,65000.99,65001.09]",65000.189999999995,"[0.001,0.002,0.003,0.004,0.005,0.006,0.007,0.008,0.009000000000000001,0.01]",0.001,"[64999.99,64999.89,64999.78999999999,64999.689999999995,64999.59,64999.49,64999.39,64999.28999999999,64999.189999999995,64999.09]",64999.99,"[0.001,0.002,0.003,0.004,0.005,0.006,0.007,0.008,0.009000000000000001,0.01]",0.001,4809,mock,InstrumentType.Spot,615517456,mock,BTC-USDT
2199944884,0,0,1783610797375028495,101,depth,"[65000.2,65000.299999999996,65000.4,65000.5,65000.6,65000.7,65000.799999999996,65000.9,65001.0,65001.1]",65000.2,"[0.001,0.002,0.003,0.004,0.005,0.006,0.007,0.008,0.009000000000000001,0.01]",0.001,"[65000.0,64999.9,64999.799999999996,64999.7,64999.6,64999.5,64999.4,64999.299999999996,64999.2,64999.1]",65000.0,"[0.001,0.002,0.003,0.004,0.005,0.006,0.007,0.008,0.009000000000000001,0.01]",0.001,4810,mock,InstrumentType.Spot,615518016,mock,BTC-USDT
2199944884,0,0,1783610797375328874,101,depth,"[65000.21,65000.31,65000.41,65000.51,65000.61,65000.71,65000.81,65000.91,65001.01,65001.11]",65000.21,"[0.001,0.002,0.003,0.004,0.005,0.006,0.007,0.008,0.009000000000000001,0.01]",0.001,"[65000.01,64999.91,64999.81,64999.71,64999.61,64999.51,64999.41,64999.31,64999.21,64999.11]",65000.01,"[0.001,0.002,0.003,0.004,0.005,0.006,0.007,0.008,0.009000000000000001,0.01]",0.001,4811,mock,InstrumentType.Spot,615518576,mock,BTC-USDT
2199944884,0,0,1783610797375638364,101,depth,"[65000.22,65000.32,65000.420000000006,65000.520000000004,65000.62,65000.72,65000.82,65000.920000000006,65001.020000000004,65001.12]",65000.22,"[0.001,0.002,0.003,0.004,0.005,0.006,0.007,0.008,0.009000000000000001,0.01]",0.001,"[65000.020000000004,64999.920000000006,64999.82,64999.72,64999.62,64999.520000000004,64999.420000000006,64999.32,64999.22,64999.12]",65000.020000000004,"[0.001,0.002,0.003,0.004,0.005,0.006,0.007,0.008,0.009000000000000001,0.01]",0.001,4812,mock,InstrumentType.Spot,615519136,mock,BTC-USDT
2199944884,0,0,1783610797375928531,101,depth,"[65000.229999999996,65000.329999999994,65000.43,65000.53,65000.63,65000.729999999996,65000.829999999994,65000.93,65001.03,65001.13]",65000.229999999996,"[0.001,0.002,0.003,0.004,0.005,0.006,0.007,0.008,0.009000000000000001,0.01]",0.001,"[65000.03,64999.93,64999.829999999994,64999.729999999996,64999.63,64999.53,64999.43,64999.329999999994,64999.229999999996,64999.13]",65000.03,"[0.001,0.002,0.003,0.004,0.005,0.006,0.007,0.008,0.009000000000000001,0.01]",0.001,4813,mock,InstrumentType.Spot,615519696,mock,BTC-USDT
2199944884,0,0,1783610797376231076,101,depth,"[65000.24,65000.34,65000.44,65000.54,65000.64,65000.74,65000.84,65000.94,65001.04,65001.14]",65000.24,"[0.001,0.002,0.003,0.004,0.005,0.006,0.007,0.008,0.009000000000000001,0.01]",0.001,"[65000.04,64999.94,64999.84,64999.74,64999.64,64999.54,64999.44,64999.34,64999.24,64999.14]",65000.04,"[0.001,0.002,0.003,0.004,0.005,0.006,0.007,0.008,0.009000000000000001,0.01]",0.001,4814,mock,InstrumentType.Spot,615520256,mock,BTC-USDT
2199944884,0,0,1783610797376530257,101,depth,"[65000.25,65000.35,65000.450000000004,65000.55,65000.65,65000.75,65000.85,65000.950000000004,65001.05,65001.15]",65000.25,"[0.001,0.002,0.003,0.004,0.005,0.006,0.007,0.008,0.009000000000000001,0.01]",0.001,"[65000.05,64999.950000000004,64999.85,64999.75,64999.65,64999.55,64999.450000000004,64999.35,64999.25,64999.15]",65000.05,"[0.001,0.002,0.003,0.004,0.005,0.006,0.007,0.008,0.009000000000000001,0.01]",0.001,4815,mock,InstrumentType.Spot,615520816,mock,BTC-USDT
2199944884,0,0,1783610797376829237,101,depth,"[65000.26,65000.36,65000.46000000001,65000.560000000005,65000.66,65000.76,65000.86,65000.96000000001,65001.060000000005,65001.16]",65000.26,"[0.001,0.002,0.003,0.004,0.005,0.006,0.007,0.008,0.009000000000000001,0.01]",0.001,"[65000.060000000005,64999.96000000001,64999.86,64999.76,64999.66,64999.560000000005,64999.46000000001,64999.36,64999.26,64999.16]",65000.060000000005,"[0.001,0.002,0.003,0.004,0.005,0.006,0.007,0.008,0.009000000000000001,0.01]",0.001,4816,mock,InstrumentType.Spot,615521376,mock,BTC-USDT
2199944884,0,0,1783610797377128984,101,depth,"[65000.27,65000.369999999995,65000.47,65000.57,65000.67,65000.77,65000.869999999995,65000.97,65001.07,65001.17]",65000.27,"[0.001,0.002,0.003,0.004,0.005,0.006,0.007,0.008,0.009000000000000001,0.01]",0.001,"[65000.07,64999.97,64999.869999999995,64999.77,64999.67,64999.57,64999.47,64999.369999999995,64999.27,64999.17]",65000.07,"[0.001,0.002,0.003,0.004,0.005,0.006,0.007,0.008,0.009000000000000001,0.01]",0.001,4817,mock,InstrumentType.Spot,615521936,mock,BTC-USDT
2199944884,0,0,1783610797377428667,101,depth,"[65000.28,65000.38,65000.48,65000.58,65000.68,65000.78,65000.88,65000.98,65001.08,65001.18]",65000.28,"[0.001,0.002,0.003,0.004,0.005,0.006,0.007,0.008,0.009000000000000001,0.01]",0.001,"[65000.08,64999.98,64999.88,64999.78,64999.68,64999.58,64999.48,64999.38,64999.28,64999.18]",65000.08,"[0.001,0.002,0.003,0.004,0.005,0.006,0.007,0.008,0.009000000000000001,0.01]",0.001,4818,mock,InstrumentType.Spot,615522496,mock,BTC-USDT
2199944884,0,0,1783610797377728637,101,depth,"[65000.29,65000.39,65000.490000000005,65000.590000000004,65000.69,65000.79,65000.89,65000.990000000005,65001.090000000004,65001.19]",65000.29,"[0.001,0.002,0.003,0.004,0.005,0.006,0.007,0.008,0.009000000000000001,0.01]",0.001,"[65000.090000000004,64999.990000000005,64999.89,64999.79,64999.69,64999.590000000004,64999.490000000005,64999.39,64999.29,64999.19]",65000.090000000004,"[0.001,0.002,0.003,0.004,0.005,0.006,0.007,0.008,0.009000000000000001,0.01]",0.001,4819,mock,InstrumentType.Spot,615523056,mock,BTC-USDT
2199944884,0,0,1783610797378028547,101,depth,"[65000.299999999996,65000.399999999994,65000.5,65000.6,65000.7,65000.799999999996,65000.899999999994,65001.0,65001.1,65001.2]",65000.299999999996,"[0.001,0.002,0.003,0.004,0.005,0.006,0.007,0.008,0.009000000000000001,0.01]",0.001,"[65000.1,65000.0,64999.899999999994,64999.799999999996,64999.7,64999.6,64999.5,64999.399999999994,64999.299999999996,64999.2]",65000.1,"[0.001,0.002,0.003,0.004,0.005,0.006,0.007,0.008,0.009000000000000001,0.01]",0.001,4820,mock,InstrumentType.Spot,615523616,mock,BTC-USDT
2199944884,0,0,1783610797378328331,101,depth,"[65000.31,65000.409999999996,65000.51,65000.61,65000.71,65000.81,65000.909999999996,65001.01,65001.11,65001.21]",65000.31,"[0.001,0.002,0.003,0.004,0.005,0.006,0.007,0.008,0.009000000000000001,0.01]",0.001,"[65000.11,65000.01,64999.909999999996,64999.81,64999.71,64999.61,64999.51,64999.409999999996,64999.31,64999.21]",65000.11,"[0.001,0.002,0.003,0.004,0.005,0.006,0.007,0.008,0.009000000000000001,0.01]",0.001,4821,mock,InstrumentType.Spot,615524176,mock,BTC-USDT
2199944884,0,0,1783610797378645247,101,depth,"[65000.32,65000.42,65000.520000000004,65000.62,65000.72,65000.82,65000.92,65001.020000000004,65001.12,65001.22]",65000.32,"[0.001,0.002,0.003,0.004,0.005,0.006,0.007,0.008,0.009000000000000001,0.01]",0.001,"[65000.12,65000.020000000004,64999.92,64999.82,64999.72,64999.62,64999.520000000004,64999.42,64999.32,64999.22]",65000.12,"[0.001,0.002,0.003,0.004,0.005,0.006,0.007,0.008,0.009000000000000001,0.01]",0.001,4822,mock,InstrumentType.Spot,615524736,mock,BTC-USDT
2199944884,0,0,1783610797378928686,101,depth,"[65000.33,65000.43,65000.530000000006,65000.630000000005,65000.73,65000.83,65000.93,65001.030000000006,65001.130000000005,65001.23]",65000.33,"[0.001,0.002,0.003,0.004,0.005,0.006,0.007,0.008,0.009000000000000001,0.01]",0.001,"[65000.130000000005,65000.030000000006,64999.93,64999.83,64999.73,64999.630000000005,64999.530000000006,64999.43,64999.33,64999.23]",65000.130000000005,"[0.001,0.002,0.003,0.004,0.005,0.006,0.007,0.008,0.009000000000000001,0.01]",0.001,4823,mock,InstrumentType.Spot,615525296,mock,BTC-USDT
2199944884,0,0,1783610797379228204,101,depth,"[65000.34,65000.439999999995,65000.54,65000.64,65000.74,65000.84,65000.939999999995,65001.04,65001.14,65001.24]",65000.34,"[0.001,0.002,0.003,0.004,0.005,0.006,0.007,0.008,0.009000000000000001,0.01]",0.001,"[65000.14,65000.04,64999.939999999995,64999.84,64999.74,64999.64,64999.54,64999.439999999995,64999.34,64999.24]",65000.14,"[0.001,0.002,0.003,0.004,0.005,0.006,0.007,0.008,0.009000000000000001,0.01]",0.001,4824,mock,InstrumentType.Spot,615525856,mock,BTC-USDT
2199944884,0,0,1783610797379528350,101,depth,"[65000.35,65000.45,65000.55,65000.65,65000.75,65000.85,65000.95,65001.05,65001.15,65001.25]",65000.35,"[0.001,0.002,0.003,0.004,0.005,0.006,0.007,0.008,0.009000000000000001,0.01]",0.001,"[65000.15,65000.05,64999.95,64999.85,64999.75,64999.65,64999.55,64999.45,64999.35,64999.25]",65000.15,"[0.001,0.002,0.003,0.004,0.005,0.006,0.007,0.008,0.009000000000000001,0.01]",0.001,4825,mock,InstrumentType.Spot,615526416,mock,BTC-USDT
2199944884,0,0,1783610797379828247,101,depth,"[65000.36,65000.46,65000.560000000005,65000.66,65000.76,65000.86,65000.96,65001.060000000005,65001.16,65001.26]",65000.36,"[0.001,0.002,0.003,0.004,0.005,0.006,0.007,0.008,0.009000000000000001,0.01]",0.001,"[65000.16,65000.060000000005,64999.96,64999.86,64999.76,64999.66,64999.560000000005,64999.46,64999.36,64999.26]",65000.16,"[0.001,0.002,0.003,0.004,0.005,0.006,0.007,0.008,0.009000000000000001,0.01]",0.001,4826,mock,InstrumentType.Spot,615526976,mock,BTC-USDT
2199944884,0,0,1783610797380128196,101,depth,"[65000.369999999995,65000.469999999994,65000.57,65000.67,65000.77,65000.869999999995,65000.969999999994,65001.07,65001.17,65001.27]",65000.369999999995,"[0.001,0.002,0.003,0.004,0.005,0.006,0.007,0.008,0.009000000000000001,0.01]",0.001,"[65000.17,65000.07,64999.969999999994,64999.869999999995,64999.77,64999.67,64999.57,64999.469999999994,64999.369999999995,64999.27]",65000.17,"[0.001,0.002,0.003,0.004,0.005,0.006,0.007,0.008,0.009000000000000001,0.01]",0.001,4827,mock,InstrumentType.Spot,615527536,mock,BTC-USDT
2199944884,0,0,1783610797380428287,101,depth,"[65000.38,65000.479999999996,65000.58,65000.68,65000.78,65000.88,65000.979999999996,65001.08,65001.18,65001.28]",65000.38,"[0.001,0.002,0.003,0.004,0.005,0.006,0.007,0.008,0.009000000000000001,0.01]",0.001,"[65000.18,65000.08,64999.979999999996,64999.88,64999.78,64999.68,64999.58,64999.479999999996,64999.38,64999.28]",65000.18,"[0.001,0.002,0.003,0.004,0.005,0.006,0.007,0.008,0.009000000000000001,0.01]",0.001,4828,mock,InstrumentType.Spot,615528096,mock,BTC-USDT
2199944884,0,0,1783610797380728024,101,depth,"[65000.39,65000.49,65000.590000000004,65000.69,65000.79,65000.89,65000.99,65001.090000000004,65001.19,65001.29]",65000.39,"[0.001,0.002,0.003,0.004,0.005,0.006,0.007,0.008,0.009000000000000001,0.01]",0.001,"[65000.19,65000.090000000004,64999.99,64999.89,64999.79,64999.69,64999.590000000004,64999.49,64999.39,64999.29]",65000.19,"[0.001,0.002,0.003,0.004,0.005,0.006,0.007,0.008,0.009000000000000001,0.01]",0.001,4829,mock,InstrumentType.Spot,615528656,mock,BTC-USDT
2199944884,0,0,1783610797381027902,101,depth,"[65000.4,65000.5,65000.600000000006,65000.700000000004,65000.8,65000.9,65001.0,65001.100000000006,65001.200000000004,65001.3]",65000.4,"[0.001,0.002,0.003,0.004,0.005,0.006,0.007,0.008,0.009000000000000001,0.01]",0.001,"[65000.200000000004,65000.100000000006,65000.0,64999.9,64999.8,64999.700000000004,64999.600000000006,64999.5,64999.4,64999.3]",65000.200000000004,"[0.001,0.002,0.003,0.004,0.005,0.006,0.007,0.008,0.009000000000000001,0.01]",0.001,4830,mock,InstrumentType.Spot,615529216,mock,BTC-USDT
2199944884,0,0,1783610797381334928,101,depth,"[65000.409999999996,65000.509999999995,65000.61,65000.71,65000.81,65000.909999999996,65001.009999999995,65001.11,65001.21,65001.31]",65000.409999999996,"[0.001,0.002,0.003,0.004,0.005,0.006,0.007,0.008,0.009000000000000001,0.01]",0.001,"[65000.21,65000.11,65000.009999999995,64999.909999999996,64999.81,64999.71,64999.61,64999.509999999995,64999.409999999996,64999.31]",65000.21,"[0.001,0.002,0.003,0.004,0.005,0.006,0.007,0.008,0.009000000000000001,0.01]",0.001,4831,mock,InstrumentType.Spot,615529776,mock,BTC-USDT
2199944884,0,0,1783610797381627899,101,depth,"[65000.42,65000.52,65000.62,65000.72,65000.82,65000.92,65001.02,65001.12,65001.22,65001.32]",65000.42,"[0.001,0.002,0.003,0.004,0.005,0.006,0.007,0.008,0.009000000000000001,0.01]",0.001,"[65000.22,65000.12,65000.02,64999.92,64999.82,64999.72,64999.62,64999.52,64999.42,64999.32]",65000.22,"[0.001,0.002,0.003,0.004,0.005,0.006,0.007,0.008,0.009000000000000001,0.01]",0.001,4832,mock,InstrumentType.Spot,615530336,mock,BTC-USDT
2199944884,0,0,1783610797381927849,101,depth,"[65000.43,65000.53,65000.630000000005,65000.73,65000.83,65000.93,65001.03,65001.130000000005,65001.23,65001.33]",65000.43,"[0.001,0.002,0.003,0.004,0.005,0.006,0.007,0.008,0.009000000000000001,0.01]",0.001,"[65000.23,65000.130000000005,65000.03,64999.93,64999.83,64999.73,64999.630000000005,64999.53,64999.43,64999.33]",65000.23,"[0.001,0.002,0.003,0.004,0.005,0.006,0.007,0.008,0.009000000000000001,0.01]",0.001,4833,mock,InstrumentType.Spot,615530896,mock,BTC-USDT
2199944884,0,0,1783610797382227932,101,depth,"[65000.439999999995,65000.53999999999,65000.64,65000.74,65000.84,65000.939999999995,65001.03999999999,65001.14,65001.24,65001.34]",65000.439999999995,"[0.001,0.002,0.003,0.004,0.005,0.006,0.007,0.008,0.009000000000000001,0.01]",0.001,"[65000.24,65000.14,65000.03999999999,64999.939999999995,64999.84,64999.74,64999.64,64999.53999999999,64999.439999999995,64999.34]",65000.24,"[0.001,0.002,0.003,0.004,0.005,0.006,0.007,0.008,0.009000000000000001,0.01]",0.001,4834,mock,InstrumentType.Spot,615531456,mock,BTC-USDT
2199944884,0,0,1783610797382528025,101,depth,"[65000.45,65000.549999999996,65000.65,65000.75,65000.85,65000.95,65001.049999999996,65001.15,65001.25,65001.35]",65000.45,"[0.001,0.002,0.003,0.004,0.005,0.006,0.007,0.008,0.009000000000000001,0.01]",0.001,"[65000.25,65000.15,65000.049999999996,64999.95,64999.85,64999.75,64999.65,64999.549999999996,64999.45,64999.35]",65000.25,"[0.001,0.002,0.003,0.004,0.005,0.006,0.007,0.008,0.009000000000000001,0.01]",0.001,4835,mock,InstrumentType.Spot,615532016,mock,BTC-USDT
2199944884,0,0,1783610797382828140,101,depth,"[65000.46,65000.56,65000.66,65000.76,65000.86,65000.96,65001.06,65001.16,65001.26,65001.36]",65000.46,"[0.001,0.002,0.003,0.004,0.005,0.006,0.007,0.008,0.009000000000000001,0.01]",0.001,"[65000.26,65000.16,65000.06,64999.96,64999.86,64999.76,64999.66,64999.56,64999.46,64999.36]",65000.26,"[0.001,0.002,0.003,0.004,0.005,0.006,0.007,0.008,0.009000000000000001,0.01]",0.001,4836,mock,InstrumentType.Spot,615532576,mock,BTC-USDT
2199944884,0,0,1783610797383128108,101,depth,"[65000.47,65000.57,65000.670000000006,65000.770000000004,65000.87,65000.97,65001.07,65001.170000000006,65001.270000000004,65001.37]",65000.47,"[0.001,0.002,0.003,0.004,0.005,0.006,0.007,0.008,0.009000000000000001,0.01]",0.001,"[65000.270000000004,65000.170000000006,65000.07,64999.97,64999.87,64999.770000000004,64999.670000000006,64999.57,64999.47,64999.37]",65000.270000000004,"[0.001,0.002,0.003,0.004,0.005,0.006,0.007,0.008,0.009000000000000001,0.01]",0.001,4837,mock,InstrumentType.Spot,615533136,mock,BTC-USDT
2199944884,0,0,1783610797383428130,101,depth,"[65000.479999999996,65000.579999999994,65000.68,65000.78,65000.88,65000.979999999996,65001.079999999994,65001.18,65001.28,65001.38]",65000.479999999996,"[0.001,0.002,0.003,0.004,0.005,0.006,0.007,0.008,0.009000000000000001,0.01]",0.001,"[65000.28,65000.18,65000.079999999994,64999.979999999996,64999.88,64999.78,64999.68,64999.579999999994,64999.479999999996,64999.38]",65000.28,"[0.001,0.002,0.003,0.004,0.005,0.006,0.007,0.008,0.009000000000000001,0.01]",0.001,4838,mock,InstrumentType.Spot,615533696,mock,BTC-USDT
2199944884,0,0,1783610797383728345,101,depth,"[65000.49,65000.59,65000.69,65000.79,65000.89,65000.99,65001.09,65001.19,65001.29,65001.39]",65000.49,"[0.001,0.002,0.003,0.004,0.005,0.006,0.007,0.008,0.009000000000000001,0.01]",0.001,"[65000.29,65000.19,65000.09,64999.99,64999.89,64999.79,64999.69,64999.59,64999.49,64999.39]",65000.29,"[0.001,0.002,0.003,0.004,0.005,0.006,0.007,0.008,0.009000000000000001,0.01]",0.001,4839,mock,InstrumentType.Spot,615534256,mock,BTC-USDT
2199944884,0,0,1783610797384028458,101,depth,"[65000.5,65000.6,65000.700000000004,65000.8,65000.9,65001.0,65001.1,65001.200000000004,65001.3,65001.4]",65000.5,"[0.001,0.002,0.003,0.004,0.005,0.006,0.007,0.008,0.009000000000000001,0.01]",0.001,"[65000.3,65000.200000000004,65000.1,65000.0,64999.9,64999.8,64999.700000000004,64999.6,64999.5,64999.4]",65000.3,"[0.001,0.002,0.003,0.004,0.005,0.006,0.007,0.008,0.009000000000000001,0.01]",0.001,4840,mock,InstrumentType.Spot,615534816,mock,BTC-USDT
2199944884,0,0,1783610797384334031,101,depth,"[65000.51,65000.61,65000.71000000001,65000.810000000005,65000.91,65001.01,65001.11,65001.21000000001,65001.310000000005,65001.41]",65000.51,"[0.001,0.002,0.003,0.004,0.005,0.006,0.007,0.008,0.009000000000000001,0.01]",0.001,"[65000.310000000005,65000.21000000001,65000.11,65000.01,64999.91,64999.810000000005,64999.71000000001,64999.61,64999.51,64999.41]",65000.310000000005,"[0.001,0.002,0.003,0.004,0.005,0.006,0.007,0.008,0.009000000000000001,0.01]",0.001,4841,mock,InstrumentType.Spot,615535376,mock,BTC-USDT
2199944884,0,0,1783610797384628799,101,depth,"[65000.52,65000.619999999995,65000.72,65000.82,65000.92,65001.02,65001.119999999995,65001.22,65001.32,65001.42]",65000.52,"[0.001,0.002,0.003,0.004,0.005,0.006,0.007,0.008,0.009000000000000001,0.01]",0.001,"[65000.32,65000.22,65000.119999999995,65000.02,64999.92,64999.82,64999.72,64999.619999999995,64999.52,64999.42]",65000.32,"[0.001,0.002,0.003,0.004,0.005,0.006,0.007,0.008,0.009000000000000001,0.01]",0.001,4842,mock,InstrumentType.Spot,615535936,mock,BTC-USDT
2199944884,0,0,1783610797384928603,101,depth,"[65000.53,65000.63,65000.73,65000.83,65000.93,65001.03,65001.13,65001.23,65001.33,65001.43]",65000.53,"[0.001,0.002,0.003,0.004,0.005,0.006,0.007,0.008,0.009000000000000001,0.01]",0.001,"[65000.33,65000.23,65000.13,65000.03,64999.93,64999.83,64999.73,64999.63,64999.53,64999.43]",65000.33,"[0.001,0.002,0.003,0.004,0.005,0.006,0.007,0.008,0.009000000000000001,0.01]",0.001,4843,mock,InstrumentType.Spot,615536496,mock,BTC-USDT
2199944884,0,0,1783610797385228766,101,depth,"[65000.54,65000.64,65000.740000000005,65000.840000000004,65000.94,65001.04,65001.14,65001.240000000005,65001.340000000004,65001.44]",65000.54,"[0.001,0.002,0.003,0.004,0.005,0.006,0.007,0.008,0.009000000000000001,0.01]",0.001,"[65000.340000000004,65000.240000000005,65000.14,65000.04,64999.94,64999.840000000004,64999.740000000005,64999.64,64999.54,64999.44]",65000.340000000004,"[0.001,0.002,0.003,0.004,0.005,0.006,0.007,0.008,0.009000000000000001,0.01]",0.001,4844,mock,InstrumentType.Spot,615537056,mock,BTC-USDT
2199944884,0,0,1783610797385529767,101,depth,"[65000.549999999996,65000.649999999994,65000.75,65000.85,65000.95,65001.049999999996,65001.149999999994,65001.25,65001.35,65001.45]",65000.549999999996,"[0.001,0.002,0.003,0.004,0.005,0.006,0.007,0.008,0.009000000000000001,0.01]",0.001,"[65000.35,65000.25,65000.149999999994,65000.049999999996,64999.95,64999.85,64999.75,64999.649999999994,64999.549999999996,64999.45]",65000.35,"[0.001,0.002,0.003,0.004,0.005,0.006,0.007,0.008,0.009000000000000001,0.01]",0.001,4845,mock,InstrumentType.Spot,615537616,mock,BTC-USDT
2199944884,0,0,1783610797385829231,101,depth,"[65000.56,65000.659999999996,65000.76,65000.86,65000.96,65001.06,65001.159999999996,65001.26,65001.36,65001.46]",65000.56,"[0.001,0.002,0.003,0.004,0.005,0.006,0.007,0.008,0.009000000000000001,0.01]",0.001,"[65000.36,65000.26,65000.159999999996,65000.06,64999.96,64999.86,64999.76,64999.659999999996,64999.56,64999.46]",65000.36,"[0.001,0.002,0.003,0.004,0.005,0.006,0.007,0.008,0.009000000000000001,0.01]",0.001,4846,mock,InstrumentType.Spot,615538176,mock,BTC-USDT
2199944884,0,0,1783610797386129374,101,depth,"[65000.57,65000.67,65000.770000000004,65000.87,65000.97,65001.07,65001.17,65001.270000000004,65001.37,65001.47]",65000.57,"[0.001,0.002,0.003,0.004,0.005,0.006,0.007,0.008,0.009000000000000001,0.01]",0.001,"[65000.37,65000.270000000004,65000.17,65000.07,64999.97,64999.87,64999.770000000004,64999.67,64999.57,64999.47]",65000.37,"[0.001,0.002,0.003,0.004,0.005,0.006,0.007,0.008,0.009000000000000001,0.01]",0.001,4847,mock,InstrumentType.Spot,615538736,mock,BTC-USDT
2199944884,0,0,1783610797386429109,101,depth,"[65000.58,65000.68,65000.780000000006,65000.880000000005,65000.98,65001.08,65001.18,65001.280000000006,65001.380000000005,65001.48]",65000.58,"[0.001,0.002,0.003,0.004,0.005,0.006,0.007,0.008,0.009000000000000001,0.01]",0.001,"[65000.380000000005,65000.280000000006,65000.18,65000.08,64999.98,64999.880000000005,64999.780000000006,64999.68,64999.58,64999.48]",65000.380000000005,"[0.001,0.002,0.003,0.004,0.005,0.006,0.007,0.008,0.009000000000000001,0.01]",0.001,4848,mock,InstrumentType.Spot,615539296,mock,BTC-USDT
2199944884,0,0,1783610797386728957,101,depth,"[65000.59,65000.689999999995,65000.79,65000.89,65000.99,65001.09,65001.189999999995,65001.29,65001.39,65001.49]",65000.59,"[0.001,0.002,0.003,0.004,0.005,0.006,0.007,0.008,0.009000000000000001,0.01]",0.001,"[65000.39,65000.29,65000.189999999995,65000.09,64999.99,64999.89,64999.79,64999.689999999995,64999.59,64999.49]",65000.39,"[0.001,0.002,0.003,0.004,0.005,0.006,0.007,0.008,0.009000000000000001,0.01]",0.001,4849,mock,InstrumentType.Spot,615539856,mock,BTC-USDT
2199944884,0,0,1783610797387028765,101,depth,"[65000.6,65000.7,65000.8,65000.9,65001.0,65001.1,65001.2,65001.3,65001.4,65001.5]",65000.6,"[0.001,0.002,0.003,0.004,0.005,0.006,0.007,0.008,0.009000000000000001,0.01]",0.001,"[65000.4,65000.3,65000.2,65000.1,65000.0,64999.9,64999.8,64999.7,64999.6,64999.5]",65000.4,"[0.001,0.002,0.003,0.004,0.005,0.006,0.007,0.008,0.009000000000000001,0.01]",0.001,4850,mock,InstrumentType.Spot,615540416,mock,BTC-USDT
2199944884,0,0,1783610797387337313,101,depth,"[65000.61,65000.71,65000.810000000005,65000.91,65001.01,65001.11,65001.21,65001.310000000005,65001.41,65001.51]",65000.61,"[0.001,0.002,0.003,0.004,0.005,0.006,0.007,0.008,0.009000000000000001,0.01]",0.001,"[65000.41,65000.310000000005,65000.21,65000.11,65000.01,64999.91,64999.810000000005,64999.71,64999.61,64999.51]",65000.41,"[0.001,0.002,0.003,0.004,0.005,0.006,0.007,0.008,0.009000000000000001,0.01]",0.001,4851,mock,InstrumentType.Spot,615540976,mock,BTC-USDT
2199944884,0,0,1783610797387628824,101,depth,"[65000.619999999995,65000.719999999994,65000.82,65000.92,65001.02,65001.119999999995,65001.219999999994,65001.32,65001.42,65001.52]",65000.619999999995,"[0.001,0.002,0.003,0.004,0.005,0.006,0.007,0.008,0.009000000000000001,0.01]",0.001,"[65000.42,65000.32,65000.219999999994,65000.119999999995,65000.02,64999.92,64999.82,64999.719999999994,64999.619999999995,64999.52]",65000.42,"[0.001,0.002,0.003,0.004,0.005,0.006,0.007,0.008,0.009000000000000001,0.01]",0.001,4852,mock,InstrumentType.Spot,615541536,mock,BTC-USDT
2199944884,0,0,1783610797387928653,101,depth,"[65000.63,65000.729999999996,65000.83,65000.93,65001.03,65001.13,65001.229999999996,65001.33,65001.43,65001.53]",65000.63,"[0.001,0.002,0.003,0.004,0.005,0.006,0.007,0.008,0.009000000000000001,0.01]",0.001,"[65000.43,65000.33,65000.229999999996,65000.13,65000.03,64999.93,64999.83,64999.729999999996,64999.63,64999.53]",65000.43,"[0.001,0.002,0.003,0.004,0.005,0.006,0.007,0.008,0.009000000000000001,0.01]",0.001,4853,mock,InstrumentType.Spot,615542096,mock,BTC-USDT
2199944884,0,0,1783610797388228851,101,depth,"[65000.64,65000.74,65000.840000000004,65000.94,65001.04,65001.14,65001.24,65001.340000000004,65001.44,65001.54]",65000.64,"[0.001,0.002,0.003,0.004,0.005,0.006,0.007,0.008,0.009000000000000001,0.01]",0.001,"[65000.44,65000.340000000004,65000.24,65000.14,65000.04,64999.94,64999.840000000004,64999.74,64999.64,64999.54]",65000.44,"[0.001,0.002,0.003,0.004,0.005,0.006,0.007,0.008,0.009000000000000001,0.01]",0.001,4854,mock,InstrumentType.Spot,615542656,mock,BTC-USDT
2199944884,0,0,1783610797388528793,101,depth,"[65000.65,65000.75,65000.850000000006,65000.950000000004,65001.05,65001.15,65001.25,65001.350000000006,65001.450000000004,65001.55]",65000.65,"[0.001,0.002,0.003,0.004,0.005,0.006,0.007,0.008,0.009000000000000001,0.01]",0.001,"[65000.450000000004,65000.350000000006,65000.25,65000.15,65000.05,64999.950000000004,64999.850000000006,64999.75,64999.65,64999.55]",65000.450000000004,"[0.001,0.002,0.003,0.004,0.005,0.006,0.007,0.008,0.009000000000000001,0.01]",0.001,4855,mock,InstrumentType.Spot,615543216,mock,BTC-USDT
2199944884,0,0,1783610797388828638,101,depth,"[65000.659999999996,65000.759999999995,65000.86,65000.96,65001.06,65001.159999999996,65001.259999999995,65001.36,65001.46,65001.56]",65000.659999999996,"[0.001,0.002,0.003,0.004,0.005,0.006,0.007,0.008,0.009000000000000001,0.01]",0.001,"[65000.46,65000.36,65000.259999999995,65000.159999999996,65000.06,64999.96,64999.86,64999.759999999995,64999.659999999996,64999.56]",65000.46,"[0.001,0.002,0.003,0.004,0.005,0.006,0.007,0.008,0.009000000000000001,0.01]",0.001,4856,mock,InstrumentType.Spot,615543776,mock,BTC-USDT
2199944884,0,0,1783610797389128380,101,depth,"[65000.67,65000.77,65000.87,65000.97,65001.07,65001.17,65001.27,65001.37,65001.47,65001.57]",65000.67,"[0.001,0.002,0.003,0.004,0.005,0.006,0.007,0.008,0.009000000000000001,0.01]",0.001,"[65000.47,65000.37,65000.27,65000.17,65000.07,64999.97,64999.87,64999.77,64999.67,64999.57]",65000.47,"[0.001,0.002,0.003,0.004,0.005,0.006,0.007,0.008,0.009000000000000001,0.01]",0.001,4857,mock,InstrumentType.Spot,615544336,mock,BTC-USDT
2199944884,0,0,1783610797389428237,101,depth,"[65000.68,65000.78,65000.880000000005,65000.98,65001.08,65001.18,65001.28,65001.380000000005,65001.48,65001.58]",65000.68,"[0.001,0.002,0.003,0.004,0.005,0.006,0.007,0.008,0.009000000000000001,0.01]",0.001,"[65000.48,65000.380000000005,65000.28,65000.18,65000.08,64999.98,64999.880000000005,64999.78,64999.68,64999.58]",65000.48,"[0.001,0.002,0.003,0.004,0.005,0.006,0.007,0.008,0.009000000000000001,0.01]",0.001,4858,mock,InstrumentType.Spot,615544896,mock,BTC-USDT
2199944884,0,0,1783610797389728291,101,depth,"[65000.689999999995,65000.78999999999,65000.89,65000.99,65001.09,65001.189999999995,65001.28999999999,65001.39,65001.49,65001.59]",65000.689999999995,"[0.001,0.002,0.003,0.004,0.005,0.006,0.007,0.008,0.009000000000000001,0.01]",0.001,"[65000.49,65000.39,65000.28999999999,65000.189999999995,65000.09,64999.99,64999.89,64999.78999999999,64999.689999999995,64999.59]",65000.49,"[0.001,0.002,0.003,0.004,0.005,0.006,0.007,0.008,0.009000000000000001,0.01]",0.001,4859,mock,InstrumentType.Spot,615545456,mock,BTC-USDT
2199944884,0,0,1783610797390033960,101,depth,"[65000.7,65000.799999999996,65000.9,65001.0,65001.1,65001.2,65001.299999999996,65001.4,65001.5,65001.6]",65000.7,"[0.001,0.002,0.003,0.004,0.005,0.006,0.007,0.008,0.009000000000000001,0.01]",0.001,"[65000.5,65000.4,65000.299999999996,65000.2,65000.1,65000.0,64999.9,64999.799999999996,64999.7,64999.6]",65000.5,"[0.001,0.002,0.003,0.004,0.005,0.006,0.007,0.008,0.009000000000000001,0.01]",0.001,4860,mock,InstrumentType.Spot,615546016,mock,BTC-USDT
2199944884,0,0,1783610797390328061,101,depth,"[65000.71,65000.81,65000.91,65001.01,65001.11,65001.21,65001.31,65001.41,65001.51,65001.61]",65000.71,"[0.001,0.002,0.003,0.004,0.005,0.006,0.007,0.008,0.009000000000000001,0.01]",0.001,"[65000.51,65000.41,65000.31,65000.21,65000.11,65000.01,64999.91,64999.81,64999.71,64999.61]",65000.51,"[0.001,0.002,0.003,0.004,0.005,0.006,0.007,0.008,0.009000000000000001,0.01]",0.001,4861,mock,InstrumentType.Spot,615546576,mock,BTC-USDT
2199944884,0,0,1783610797390627994,101,depth,"[65000.72,65000.82,65000.920000000006,65001.020000000004,65001.12,65001.22,65001.32,65001.420000000006,65001.520000000004,65001.62]",65000.72,"[0.001,0.002,0.003,0.004,0.005,0.006,0.007,0.008,0.009000000000000001,0.01]",0.001,"[65000.520000000004,65000.420000000006,65000.32,65000.22,65000.12,65000.020000000004,64999.920000000006,64999.82,64999.72,64999.62]",65000.520000000004,"[0.001,0.002,0.003,0.004,0.005,0.006,0.007,0.008,0.009000000000000001,0.01]",0.001,4862,mock,InstrumentType.Spot,615547136,mock,BTC-USDT
2199944884,0,0,1783610797390927712,101,depth,"[65000.729999999996,65000.829999999994,65000.93,65001.03,65001.13,65001.229999999996,65001.329999999994,65001.43,65001.53,65001.63]",65000.729999999996,"[0.001,0.002,0.003,0.004,0.005,0.006,0.007,0.008,0.009000000000000001,0.01]",0.001,"[65000.53,65000.43,65000.329999999994,65000.229999999996,65000.13,65000.03,64999.93,64999.829999999994,64999.729999999996,64999.63]",65000.53,"[0.001,0.002,0.003,0.004,0.005,0.006,0.007,0.008,0.009000000000000001,0.01]",0.001,4863,mock,InstrumentType.Spot,615547696,mock,BTC-USDT
2199944884,0,0,1783610797391227946,101,depth,"[65000.74,65000.84,65000.94,65001.04,65001.14,65001.24,65001.34,65001.44,65001.54,65001.64]",65000.74,"[0.001,0.002,0.003,0.004,0.005,0.006,0.007,0.008,0.009000000000000001,0.01]",0.001,"[65000.54,65000.44,65000.34,65000.24,65000.14,65000.04,64999.94,64999.84,64999.74,64999.64]",65000.54,"[0.001,0.002,0.003,0.004,0.005,0.006,0.007,0.008,0.009000000000000001,0.01]",0.001,4864,mock,InstrumentType.Spot,615548256,mock,BTC-USDT
2199944884,0,0,1783610797391527813,101,depth,"[65000.75,65000.85,65000.950000000004,65001.05,65001.15,65001.25,65001.35,65001.450000000004,65001.55,65001.65]",65000.75,"[0.001,0.002,0.003,0.004,0.005,0.006,0.007,0.008,0.009000000000000001,0.01]",0.001,"[65000.55,65000.450000000004,65000.35,65000.25,65000.15,65000.05,64999.950000000004,64999.85,64999.75,64999.65]",65000.55,"[0.001,0.002,0.003,0.004,0.005,0.006,0.007,0.008,0.009000000000000001,0.01]",0.001,4865,mock,InstrumentType.Spot,615548816,mock,BTC-USDT
2199944884,0,0,1783610797391827849,101,depth,"[65000.76,65000.86,65000.96000000001,65001.060000000005,65001.16,65001.26,65001.36,65001.46000000001,65001.560000000005,65001.66]",65000.76,"[0.001,0.002,0.003,0.004,0.005,0.006,0.007,0.008,0.009000000000000001,0.01]",0.001,"[65000.560000000005,65000.46000000001,65000.36,65000.26,65000.16,65000.060000000005,64999.96000000001,64999.86,64999.76,64999.66]",65000.560000000005,"[0.001,0.002,0.003,0.004,0.005,0.006,0.007,0.008,0.009000000000000001,0.01]",0.001,4866,mock,InstrumentType.Spot,615549376,mock,BTC-USDT
2199944884,0,0,1783610797392128117,101,depth,"[65000.77,65000.869999999995,65000.97,65001.07,65001.17,65001.27,65001.369999999995,65001.47,65001.57,65001.67]",65000.77,"[0.001,0.002,0.003,0.004,0.005,0.006,0.007,0.008,0.009000000000000001,0.01]",0.001,"[65000.57,65000.47,65000.369999999995,65000.27,65000.17,65000.07,64999.97,64999.869999999995,64999.77,64999.67]",65000.57,"[0.001,0.002,0.003,0.004,0.005,0.006,0.007,0.008,0.009000000000000001,0.01]",0.001,4867,mock,InstrumentType.Spot,615549936,mock,BTC-USDT
2199944884,0,0,1783610797392427941,101,depth,"[65000.78,65000.88,65000.98,65001.08,65001.18,65001.28,65001.38,65001.48,65001.58,65001.68]",65000.78,"[0.001,0.002,0.003,0.004,0.005,0.006,0.007,0.008,0.009000000000000001,0.01]",0.001,"[65000.58,65000.48,65000.38,65000.28,65000.18,65000.08,64999.98,64999.88,64999.78,64999.68]",65000.58,"[0.001,0.002,0.003,0.004,0.005,0.006,0.007,0.008,0.009000000000000001,0.01]",0.001,4868,mock,InstrumentType.Spot,615550496,mock,BTC-USDT
2199944884,0,0,1783610797392727878,101,depth,"[65000.79,65000.89,65000.990000000005,65001.090000000004,65001.19,65001.29,65001.39,65001.490000000005,65001.590000000004,65001.69]",65000.79,"[0.001,0.002,0.003,0.004,0.005,0.006,0.007,0.008,0.009000000000000001,0.01]",0.001,"[65000.590000000004,65000.490000000005,65000.39,65000.29,65000.19,65000.090000000004,64999.990000000005,64999.89,64999.79,64999.69]",65000.590000000004,"[0.001,0.002,0.003,0.004,0.005,0.006,0.007,0.008,0.009000000000000001,0.01]",0.001,4869,mock,InstrumentType.Spot,615551056,mock,BTC-USDT
2199944884,0,0,1783610797393034210,101,depth,"[65000.799999999996,65000.899999999994,65001.0,65001.1,65001.2,65001.299999999996,65001.399999999994,65001.5,65001.6,65001.7]",65000.799999999996,"[0.001,0.002,0.003,0.004,0.005,0.006,0.007,0.008,0.009000000000000001,0.01]",0.001,"[65000.6,65000.5,65000.399999999994,65000.299999999996,65000.2,65000.1,65000.0,64999.899999999994,64999.799999999996,64999.7]",65000.6,"[0.001,0.002,0.003,0.004,0.005,0.006,0.007,0.008,0.009000000000000001,0.01]",0.001,4870,mock,InstrumentType.Spot,615551616,mock,BTC-USDT
2199944884,0,0,1783610797393327860,101,depth,"[65000.81,65000.909999999996,65001.01,65001.11,65001.21,65001.31,65001.409999999996,65001.51,65001.61,65001.71]",65000.81,"[0.001,0.002,0.003,0.004,0.005,0.006,0.007,0.008,0.009000000000000001,0.01]",0.001,"[65000.61,65000.51,65000.409999999996,65000.31,65000.21,65000.11,65000.01,64999.909999999996,64999.81,64999.71]",65000.61,"[0.001,0.002,0.003,0.004,0.005,0.006,0.007,0.008,0.009000000000000001,0.01]",0.001,4871,mock,InstrumentType.Spot,615552176,mock,BTC-USDT
2199944884,0,0,1783610797393627919,101,depth,"[65000.82,65000.92,65001.020000000004,65001.12,65001.22,65001.32,65001.42,65001.520000000004,65001.62,65001.72]",65000.82,"[0.001,0.002,0.003,0.004,0.005,0.006,0.007,0.008,0.009000000000000001,0.01]",0.001,"[65000.62,65000.520000000004,65000.42,65000.32,65000.22,65000.12,65000.020000000004,64999.92,64999.82,64999.72]",65000.62,"[0.001,0.002,0.003,0.004,0.005,0.006,0.007,0.008,0.009000000000000001,0.01]",0.001,4872,mock,InstrumentType.Spot,615552736,mock,BTC-USDT
2199944884,0,0,1783610797393928091,101,depth,"[65000.83,65000.93,65001.030000000006,65001.130000000005,65001.23,65001.33,65001.43,65001.530000000006,65001.630000000005,65001.73]",65000.83,"[0.001,0.002,0.003,0.004,0.005,0.006,0.007,0.008,0.009000000000000001,0.01]",0.001,"[65000.630000000005,65000.530000000006,65000.43,65000.33,65000.23,65000.130000000005,65000.030000000006,64999.93,64999.83,64999.73]",65000.630000000005,"[0.001,0.002,0.003,0.004,0.005,0.006,0.007,0.008,0.009000000000000001,0.01]",0.001,4873,mock,InstrumentType.Spot,615553296,mock,BTC-USDT
2199944884,0,0,1783610797394227947,101,depth,"[65000.84,65000.939999999995,65001.04,65001.14,65001.24,65001.34,65001.439999999995,65001.54,65001.64,65001.74]",65000.84,"[0.001,0.002,0.003,0.004,0.005,0.006,0.007,0.008,0.009000000000000001,0.01]",0.001,"[65000.64,65000.54,65000.439999999995,65000.34,65000.24,65000.14,65000.04,64999.939999999995,64999.84,64999.74]",65000.64,"[0.001,0.002,0.003,0.004,0.005,0.006,0.007,0.008,0.009000000000000001,0.01]",0.001,4874,mock,InstrumentType.Spot,615553856,mock,BTC-USDT
2199944884,0,0,1783610797394527853,101,depth,"[65000.85,65000.95,65001.05,65001.15,65001.25,65001.35,65001.45,65001.55,65001.65,65001.75]",65000.85,"[0.001,0.002,0.003,0.004,0.005,0.006,0.007,0.008,0.009000000000000001,0.01]",0.001,"[65000.65,65000.55,65000.45,65000.35,65000.25,65000.15,65000.05,64999.95,64999.85,64999.75]",65000.65,"[0.001,0.002,0.003,0.004,0.005,0.006,0.007,0.008,0.009000000000000001,0.01]",0.001,4875,mock,InstrumentType.Spot,615554416,mock,BTC-USDT
2199944884,0,0,1783610797394827908,101,depth,"[65000.86,65000.96,65001.060000000005,65001.16,65001.26,65001.36,65001.46,65001.560000000005,65001.66,65001.76]",65000.86,"[0.001,0.002,0.003,0.004,0.005,0.006,0.007,0.008,0.009000000000000001,0.01]",0.001,"[65000.66,65000.560000000005,65000.46,65000.36,65000.26,65000.16,65000.060000000005,64999.96,64999.86,64999.76]",65000.66,"[0.001,0.002,0.003,0.004,0.005,0.006,0.007,0.008,0.009000000000000001,0.01]",0.001,4876,mock,InstrumentType.Spot,615554976,mock,BTC-USDT
2199944884,0,0,1783610797395127939,101,depth,"[65000.869999999995,65000.969999999994,65001.07,65001.17,65001.27,65001.369999999995,65001.469999999994,65001.57,65001.67,65001.77]",65000.869999999995,"[0.001,0.002,0.003,0.004,0.005,0.006,0.007,0.008,0.009000000000000001,0.01]",0.001,"[65000.67,65000.57,65000.469999999994,65000.369999999995,65000.27,65000.17,65000.07,64999.969999999994,64999.869999999995,64999.77]",65000.67,"[0.001,0.002,0.003,0.004,0.005,0.006,0.007,0.008,0.009000000000000001,0.01]",0.001,4877,mock,InstrumentType.Spot,615555536,mock,BTC-USDT
2199944884,0,0,1783610797395427917,101,depth,"[65000.88,65000.979999999996,65001.08,65001.18,65001.28,65001.38,65001.479999999996,65001.58,65001.68,65001.78]",65000.88,"[0.001,0.002,0.003,0.004,0.005,0.006,0.007,0.008,0.009000000000000001,0.01]",0.001,"[65000.68,65000.58,65000.479999999996,65000.38,65000.28,65000.18,65000.08,64999.979999999996,64999.88,64999.78]",65000.68,"[0.001,0.002,0.003,0.004,0.005,0.006,0.007,0.008,0.009000000000000001,0.01]",0.001,4878,mock,InstrumentType.Spot,615556096,mock,BTC-USDT
2199944884,0,0,1783610797395732578,101,depth,"[65000.89,65000.99,65001.090000000004,65001.19,65001.29,65001.39,65001.49,65001.590000000004,65001.69,65001.79]",65000.89,"[0.001,0.002,0.003,0.004,0.005,0.006,0.007,0.008,0.009000000000000001,0.01]",0.001,"[65000.69,65000.590000000004,65000.49,65000.39,65000.29,65000.19,65000.090000000004,64999.99,64999.89,64999.79]",65000.69,"[0.001,0.002,0.003,0.004,0.005,0.006,0.007,0.008,0.009000000000000001,0.01]",0.001,4879,mock,InstrumentType.Spot,615556656,mock,BTC-USDT
2199944884,0,0,1783610797396027756,101,depth,"[65000.9,65001.0,65001.100000000006,65001.200000000004,65001.3,65001.4,65001.5,65001.600000000006,65001.700000000004,65001.8]",65000.9,"[0.001,0.002,0.003,0.004,0.005,0.006,0.007,0.008,0.009000000000000001,0.01]",0.001,"[65000.700000000004,65000.600000000006,65000.5,65000.4,65000.3,65000.200000000004,65000.100000000006,65000.0,64999.9,64999.8]",65000.700000000004,"[0.001,0.002,0.003,0.004,0.005,0.006,0.007,0.008,0.009000000000000001,0.01]",0.001,4880,mock,InstrumentType.Spot,615557216,mock,BTC-USDT
2199944884,0,0,1783610797396327690,101,depth,"[65000.909999999996,65001.009999999995,65001.11,65001.21,65001.31,65001.409999999996,65001.509999999995,65001.61,65001.71,65001.81]",65000.909999999996,"[0.001,0.002,0.003,0.004,0.005,0.006,0.007,0.008,0.009000000000000001,0.01]",0.001,"[65000.71,65000.61,65000.509999999995,65000.409999999996,65000.31,65000.21,65000.11,65000.009999999995,64999.909999999996,64999.81]",65000.71,"[0.001,0.002,0.003,0.004,0.005,0.006,0.007,0.008,0.009000000000000001,0.01]",0.001,4881,mock,InstrumentType.Spot,615557776,mock,BTC-USDT
2199944884,0,0,1783610797396630690,101,depth,"[65000.92,65001.02,65001.12,65001.22,65001.32,65001.42,65001.52,65001.62,65001.72,65001.82]",65000.92,"[0.001,0.002,0.003,0.004,0.005,0.006,0.007,0.008,0.009000000000000001,0.01]",0.001,"[65000.72,65000.62,65000.52,65000.42,65000.32,65000.22,65000.12,65000.02,64999.92,64999.82]",65000.72,"[0.001,0.002,0.003,0.004,0.005,0.006,0.007,0.008,0.009000000000000001,0.01]",0.001,4882,mock,InstrumentType.Spot,615558336,mock,BTC-USDT
2199944884,0,0,1783610797396934006,101,depth,"[65000.93,65001.03,65001.130000000005,65001.23,65001.33,65001.43,65001.53,65001.630000000005,65001.73,65001.83]",65000.93,"[0.001,0.002,0.003,0.004,0.005,0.006,0.007,0.008,0.009000000000000001,0.01]",0.001,"[65000.73,65000.630000000005,65000.53,65000.43,65000.33,65000.23,65000.130000000005,65000.03,64999.93,64999.83]",65000.73,"[0.001,0.002,0.003,0.004,0.005,0.006,0.007,0.008,0.009000000000000001,0.01]",0.001,4883,mock,InstrumentType.Spot,615558896,mock,BTC-USDT
2199944884,0,0,1783610797397230080,101,depth,"[65000.939999999995,65001.03999999999,65001.14,65001.24,65001.34,65001.439999999995,65001.53999999999,65001.64,65001.74,65001.84]",65000.939999999995,"[0.001,0.002,0.003,0.004,0.005,0.006,0.007,0.008,0.009000000000000001,0.01]",0.001,"[65000.74,65000.64,65000.53999999999,65000.439999999995,65000.34,65000.24,65000.14,65000.03999999999,64999.939999999995,64999.84]",65000.74,"[0.001,0.002,0.003,0.004,0.005,0.006,0.007,0.008,0.009000000000000001,0.01]",0.001,4884,mock,InstrumentType.Spot,615559456,mock,BTC-USDT
2199944884,0,0,1783610797397527757,101,depth,"[65000.95,65001.049999999996,65001.15,65001.25,65001.35,65001.45,65001.549999999996,65001.65,65001.75,65001.85]",65000.95,"[0.001,0.002,0.003,0.004,0.005,0.006,0.007,0.008,0.009000000000000001,0.01]",0.001,"[65000.75,65000.65,65000.549999999996,65000.45,65000.35,65000.25,65000.15,65000.049999999996,64999.95,64999.85]",65000.75,"[0.001,0.002,0.003,0.004,0.005,0.006,0.007,0.008,0.009000000000000001,0.01]",0.001,4885,mock,InstrumentType.Spot,615560016,mock,BTC-USDT
2199944884,0,0,1783610797397827713,101,depth,"[65000.96,65001.06,65001.16,65001.26,65001.36,65001.46,65001.56,65001.66,65001.76,65001.86]",65000.96,"[0.001,0.002,0.003,0.004,0.005,0.006,0.007,0.008,0.009000000000000001,0.01]",0.001,"[65000.76,65000.66,65000.56,65000.46,65000.36,65000.26,65000.16,65000.06,64999.96,64999.86]",65000.76,"[0.001,0.002,0.003,0.004,0.005,0.006,0.007,0.008,0.009000000000000001,0.01]",0.001,4886,mock,InstrumentType.Spot,615560576,mock,BTC-USDT
2199944884,0,0,1783610797398130882,101,depth,"[65000.97,65001.07,65001.170000000006,65001.270000000004,65001.37,65001.47,65001.57,65001.670000000006,65001.770000000004,65001.87]",65000.97,"[0.001,0.002,0.003,0.004,0.005,0.006,0.007,0.008,0.009000000000000001,0.01]",0.001,"[65000.770000000004,65000.670000000006,65000.57,65000.47,65000.37,65000.270000000004,65000.170000000006,65000.07,64999.97,64999.87]",65000.770000000004,"[0.001,0.002,0.003,0.004,0.005,0.006,0.007,0.008,0.009000000000000001,0.01]",0.001,4887,mock,InstrumentType.Spot,615561136,mock,BTC-USDT
2199944884,0,0,1783610797398432344,101,depth,"[65000.979999999996,65001.079999999994,65001.18,65001.28,65001.38,65001.479999999996,65001.579999999994,65001.68,65001.78,65001.88]",65000.979999999996,"[0.001,0.002,0.003,0.004,0.005,0.006,0.007,0.008,0.009000000000000001,0.01]",0.001,"[65000.78,65000.68,65000.579999999994,65000.479999999996,65000.38,65000.28,65000.18,65000.079999999994,64999.979999999996,64999.88]",65000.78,"[0.001,0.002,0.003,0.004,0.005,0.006,0.007,0.008,0.009000000000000001,0.01]",0.001,4888,mock,InstrumentType.Spot,615561696,mock,BTC-USDT
2199944884,0,0,1783610797398808884,101,depth,"[65000.99,65001.09,65001.19,65001.29,65001.39,65001.49,65001.59,65001.69,65001.79,65001.89]",65000.99,"[0.001,0.002,0.003,0.004,0.005,0.006,0.007,0.008,0.009000000000000001,0.01]",0.001,"[65000.79,65000.69,65000.59,65000.49,65000.39,65000.29,65000.19,65000.09,64999.99,64999.89]",65000.79,"[0.001,0.002,0.003,0.004,0.005,0.006,0.007,0.008,0.009000000000000001,0.01]",0.001,4889,mock,InstrumentType.Spot,615562256,mock,BTC-USDT
2199944884,0,0,1783610797399028428,101,depth,"[65001.0,65001.1,65001.200000000004,65001.3,65001.4,65001.5,65001.6,65001.700000000004,65001.8,65001.9]",65001.0,"[0.001,0.002,0.003,0.004,0.005,0.006,0.007,0.008,0.009000000000000001,0.01]",0.001,"[65000.8,65000.700000000004,65000.6,65000.5,65000.4,65000.3,65000.200000000004,65000.1,65000.0,64999.9]",65000.8,"[0.001,0.002,0.003,0.004,0.005,0.006,0.007,0.008,0.009000000000000001,0.01]",0.001,4890,mock,InstrumentType.Spot,615562816,mock,BTC-USDT
2199944884,0,0,1783610797399330302,101,depth,"[65001.01,65001.11,65001.21000000001,65001.310000000005,65001.41,65001.51,65001.61,65001.71000000001,65001.810000000005,65001.91]",65001.01,"[0.001,0.002,0.003,0.004,0.005,0.006,0.007,0.008,0.009000000000000001,0.01]",0.001,"[65000.810000000005,65000.71000000001,65000.61,65000.51,65000.41,65000.310000000005,65000.21000000001,65000.11,65000.01,64999.91]",65000.810000000005,"[0.001,0.002,0.003,0.004,0.005,0.006,0.007,0.008,0.009000000000000001,0.01]",0.001,4891,mock,InstrumentType.Spot,615563376,mock,BTC-USDT
2199944884,0,0,1783610797399628185,101,depth,"[65001.02,65001.119999999995,65001.22,65001.32,65001.42,65001.52,65001.619999999995,65001.72,65001.82,65001.92]",65001.02,"[0.001,0.002,0.003,0.004,0.005,0.006,0.007,0.008,0.009000000000000001,0.01]",0.001,"[65000.82,65000.72,65000.619999999995,65000.52,65000.42,65000.32,65000.22,65000.119999999995,65000.02,64999.92]",65000.82,"[0.001,0.002,0.003,0.004,0.005,0.006,0.007,0.008,0.009000000000000001,0.01]",0.001,4892,mock,InstrumentType.Spot,615563936,mock,BTC-USDT
2199944884,0,0,1783610797399928927,101,depth,"[65001.03,65001.13,65001.23,65001.33,65001.43,65001.53,65001.63,65001.73,65001.83,65001.93]",65001.03,"[0.001,0.002,0.003,0.004,0.005,0.006,0.007,0.008,0.009000000000000001,0.01]",0.001,"[65000.83,65000.73,65000.63,65000.53,65000.43,65000.33,65000.23,65000.13,65000.03,64999.93]",65000.83,"[0.001,0.002,0.003,0.004,0.005,0.006,0.007,0.008,0.009000000000000001,0.01]",0.001,4893,mock,InstrumentType.Spot,615564496,mock,BTC-USDT
2199944884,0,0,1783610797400228000,101,depth,"[65001.04,65001.14,65001.240000000005,65001.340000000004,65001.44,65001.54,65001.64,65001.740000000005,65001.840000000004,65001.94]",65001.04,"[0.001,0.002,0.003,0.004,0.005,0.006,0.007,0.008,0.009000000000000001,0.01]",0.001,"[65000.840000000004,65000.740000000005,65000.64,65000.54,65000.44,65000.340000000004,65000.240000000005,65000.14,65000.04,64999.94]",65000.840000000004,"[0.001,0.002,0.003,0.004,0.005,0.006,0.007,0.008,0.009000000000000001,0.01]",0.001,4894,mock,InstrumentType.Spot,615565056,mock,BTC-USDT
2199944884,0,0,1783610797400527750,101,depth,"[65001.049999999996,65001.149999999994,65001.25,65001.35,65001.45,65001.549999999996,65001.649999999994,65001.75,65001.85,65001.95]",65001.049999999996,"[0.001,0.002,0.003,0.004,0.005,0.006,0.007,0.008,0.009000000000000001,0.01]",0.001,"[65000.85,65000.75,65000.649999999994,65000.549999999996,65000.45,65000.35,65000.25,65000.149999999994,65000.049999999996,64999.95]",65000.85,"[0.001,0.002,0.003,0.004,0.005,0.006,0.007,0.008,0.009000000000000001,0.01]",0.001,4895,mock,InstrumentType.Spot,615565616,mock,BTC-USDT
2199944884,0,0,1783610797400828010,101,depth,"[65001.06,65001.159999999996,65001.26,65001.36,65001.46,65001.56,65001.659999999996,65001.76,65001.86,65001.96]",65001.06,"[0.001,0.002,0.003,0.004,0.005,0.006,0.007,0.008,0.009000000000000001,0.01]",0.001,"[65000.86,65000.76,65000.659999999996,65000.56,65000.46,65000.36,65000.26,65000.159999999996,65000.06,64999.96]",65000.86,"[0.001,0.002,0.003,0.004,0.005,0.006,0.007,0.008,0.009000000000000001,0.01]",0.001,4896,mock,InstrumentType.Spot,615566176,mock,BTC-USDT
2199944884,0,0,1783610797401127952,101,depth,"[65001.07,65001.17,65001.270000000004,65001.37,65001.47,65001.57,65001.67,65001.770000000004,65001.87,65001.97]",65001.07,"[0.001,0.002,0.003,0.004,0.005,0.006,0.007,0.008,0.009000000000000001,0.01]",0.001,"[65000.87,65000.770000000004,65000.67,65000.57,65000.47,65000.37,65000.270000000004,65000.17,65000.07,64999.97]",65000.87,"[0.001,0.002,0.003,0.004,0.005,0.006,0.007,0.008,0.009000000000000001,0.01]",0.001,4897,mock,InstrumentType.Spot,615566736,mock,BTC-USDT
2199944884,0,0,1783610797401442825,101,depth,"[65001.08,65001.18,65001.280000000006,65001.380000000005,65001.48,65001.58,65001.68,65001.780000000006,65001.880000000005,65001.98]",65001.08,"[0.001,0.002,0.003,0.004,0.005,0.006,0.007,0.008,0.009000000000000001,0.01]",0.001,"[65000.880000000005,65000.780000000006,65000.68,65000.58,65000.48,65000.380000000005,65000.280000000006,65000.18,65000.08,64999.98]",65000.880000000005,"[0.001,0.002,0.003,0.004,0.005,0.006,0.007,0.008,0.009000000000000001,0.01]",0.001,4898,mock,InstrumentType.Spot,615567296,mock,BTC-USDT
2199944884,0,0,1783610797401728131,101,depth,"[65001.09,65001.189999999995,65001.29,65001.39,65001.49,65001.59,65001.689999999995,65001.79,65001.89,65001.99]",65001.09,"[0.001,0.002,0.003,0.004,0.005,0.006,0.007,0.008,0.009000000000000001,0.01]",0.001,"[65000.89,65000.79,65000.689999999995,65000.59,65000.49,65000.39,65000.29,65000.189999999995,65000.09,64999.99]",65000.89,"[0.001,0.002,0.003,0.004,0.005,0.006,0.007,0.008,0.009000000000000001,0.01]",0.001,4899,mock,InstrumentType.Spot,615567856,mock,BTC-USDT
2199944884,0,0,1783610797402028005,101,depth,"[65000.1,65000.2,65000.3,65000.4,65000.5,65000.6,65000.7,65000.8,65000.9,65001.0]",65000.1,"[0.001,0.002,0.003,0.004,0.005,0.006,0.007,0.008,0.009000000000000001,0.01]",0.001,"[64999.9,64999.8,64999.7,64999.6,64999.5,64999.4,64999.3,64999.2,64999.1,64999.0]",64999.9,"[0.001,0.002,0.003,0.004,0.005,0.006,0.007,0.008,0.009000000000000001,0.01]",0.001,4900,mock,InstrumentType.Spot,615568416,mock,BTC-USDT
2199944884,0,0,1783610797402328407,101,depth,"[65000.11,65000.21,65000.310000000005,65000.41,65000.51,65000.61,65000.71,65000.810000000005,65000.91,65001.01]",65000.11,"[0.001,0.002,0.003,0.004,0.005,0.006,0.007,0.008,0.009000000000000001,0.01]",0.001,"[64999.91,64999.810000000005,64999.71,64999.61,64999.51,64999.41,64999.310000000005,64999.21,64999.11,64999.01]",64999.91,"[0.001,0.002,0.003,0.004,0.005,0.006,0.007,0.008,0.009000000000000001,0.01]",0.001,4901,mock,InstrumentType.Spot,615568976,mock,BTC-USDT
2199944884,0,0,1783610797402627902,101,depth,"[65000.119999999995,65000.219999999994,65000.32,65000.42,65000.52,65000.619999999995,65000.719999999994,65000.82,65000.92,65001.02]",65000.119999999995,"[0.001,0.002,0.003,0.004,0.005,0.006,0.007,0.008,0.009000000000000001,0.01]",0.001,"[64999.92,64999.82,64999.719999999994,64999.619999999995,64999.52,64999.42,64999.32,64999.219999999994,64999.119999999995,64999.02]",64999.92,"[0.001,0.002,0.003,0.004,0.005,0.006,0.007,0.008,0.009000000000000001,0.01]",0.001,4902,mock,InstrumentType.Spot,615569536,mock,BTC-USDT
2199944884,0,0,1783610797402927890,101,depth,"[65000.13,65000.229999999996,65000.33,65000.43,65000.53,65000.63,65000.729999999996,65000.83,65000.93,65001.03]",65000.13,"[0.001,0.002,0.003,0.004,0.005,0.006,0.007,0.008,0.009000000000000001,0.01]",0.001,"[64999.93,64999.83,64999.729999999996,64999.63,64999.53,64999.43,64999.33,64999.229999999996,64999.13,64999.03]",64999.93,"[0.001,0.002,0.003,0.004,0.005,0.006,0.007,0.008,0.009000000000000001,0.01]",0.001,4903,mock,InstrumentType.Spot,615570096,mock,BTC-USDT
2199944884,0,0,1783610797403228029,101,depth,"[65000.14,65000.24,65000.340000000004,65000.44,65000.54,65000.64,65000.74,65000.840000000004,65000.94,65001.04]",65000.14,"[0.001,0.002,0.003,0.004,0.005,0.006,0.007,0.008,0.009000000000000001,0.01]",0.001,"[64999.94,64999.840000000004,64999.74,64999.64,64999.54,64999.44,64999.340000000004,64999.24,64999.14,64999.04]",64999.94,"[0.001,0.002,0.003,0.004,0.005,0.006,0.007,0.008,0.009000000000000001,0.01]",0.001,4904,mock,InstrumentType.Spot,615570656,mock,BTC-USDT
2199944884,0,0,1783610797403527950,101,depth,"[65000.15,65000.25,65000.350000000006,65000.450000000004,65000.55,65000.65,65000.75,65000.850000000006,65000.950000000004,65001.05]",65000.15,"[0.001,0.002,0.003,0.004,0.005,0.006,0.007,0.008,0.009000000000000001,0.01]",0.001,"[64999.950000000004,64999.850000000006,64999.75,64999.65,64999.55,64999.450000000004,64999.350000000006,64999.25,64999.15,64999.05]",64999.950000000004,"[0.001,0.002,0.003,0.004,0.005,0.006,0.007,0.008,0.009000000000000001,0.01]",0.001,4905,mock,InstrumentType.Spot,615571216,mock,BTC-USDT
2199944884,0,0,1783610797403827799,101,depth,"[65000.159999999996,65000.259999999995,65000.36,65000.46,65000.56,65000.659999999996,65000.759999999995,65000.86,65000.96,65001.06]",65000.159999999996,"[0.001,0.002,0.003,0.004,0.005,0.006,0.007,0.008,0.009000000000000001,0.01]",0.001,"[64999.96,64999.86,64999.759999999995,64999.659999999996,64999.56,64999.46,64999.36,64999.259999999995,64999.159999999996,64999.06]",64999.96,"[0.001,0.002,0.003,0.004,0.005,0.006,0.007,0.008,0.009000000000000001,0.01]",0.001,4906,mock,InstrumentType.Spot,615571776,mock,BTC-USDT
2199944884,0,0,1783610797404128040,101,depth,"[65000.17,65000.27,65000.37,65000.47,65000.57,65000.67,65000.77,65000.87,65000.97,65001.07]",65000.17,"[0.001,0.002,0.003,0.004,0.005,0.006,0.007,0.008,0.009000000000000001,0.01]",0.001,"[64999.97,64999.87,64999.77,64999.67,64999.57,64999.47,64999.37,64999.27,64999.17,64999.07]",64999.97,"[0.001,0.002,0.003,0.004,0.005,0.006,0.007,0.008,0.009000000000000001,0.01]",0.001,4907,mock,InstrumentType.Spot,615572336,mock,BTC-USDT
2199944884,0,0,1783610797404434391,101,depth,"[65000.18,65000.28,65000.380000000005,65000.48,65000.58,65000.68,65000.78,65000.880000000005,65000.98,65001.08]",65000.18,"[0.001,0.002,0.003,0.004,0.005,0.006,0.007,0.008,0.009000000000000001,0.01]",0.001,"[64999.98,64999.880000000005,64999.78,64999.68,64999.58,64999.48,64999.380000000005,64999.28,64999.18,64999.08]",64999.98,"[0.001,0.002,0.003,0.004,0.005,0.006,0.007,0.008,0.009000000000000001,0.01]",0.001,4908,mock,InstrumentType.Spot,615572896,mock,BTC-USDT
2199944884,0,0,1783610797404727942,101,depth,"[65000.189999999995,65000.28999999999,65000.39,65000.49,65000.59,65000.689999999995,65000.78999999999,65000.89,65000.99,65001.09]",65000.189999999995,"[0.001,0.002,0.003,0.004,0.005,0.006,0.007,0.008,0.009000000000000001,0.01]",0.001,"[64999.99,64999.89,64999.78999999999,64999.689999999995,64999.59,64999.49,64999.39,64999.28999999999,64999.189999999995,64999.09]",64999.99,"[0.001,0.002,0.003,0.004,0.005,0.006,0.007,0.008,0.009000000000000001,0.01]",0.001,4909,mock,InstrumentType.Spot,615573456,mock,BTC-USDT
2199944884,0,0,1783610797405027932,101,depth,"[65000.2,65000.299999999996,65000.4,65000.5,65000.6,65000.7,65000.799999999996,65000.9,65001.0,65001.1]",65000.2,"[0.001,0.002,0.003,0.004,0.005,0.006,0.007,0.008,0.009000000000000001,0.01]",0.001,"[65000.0,64999.9,64999.799999999996,64999.7,64999.6,64999.5,64999.4,64999.299999999996,64999.2,64999.1]",65000.0,"[0.001,0.002,0.003,0.004,0.005,0.006,0.007,0.008,0.009000000000000001,0.01]",0.001,4910,mock,InstrumentType.Spot,615574016,mock,BTC-USDT
2199944884,0,0,1783610797405327961,101,depth,"[65000.21,65000.31,65000.41,65000.51,65000.61,65000.71,65000.81,65000.91,65001.01,65001.11]",65000.21,"[0.001,0.002,0.003,0.004,0.005,0.006,0.007,0.008,0.009000000000000001,0.01]",0.001,"[65000.01,64999.91,64999.81,64999.71,64999.61,64999.51,64999.41,64999.31,64999.21,64999.11]",65000.01,"[0.001,0.002,0.003,0.004,0.005,0.006,0.007,0.008,0.009000000000000001,0.01]",0.001,4911,mock,InstrumentType.Spot,615574576,mock,BTC-USDT
2199944884,0,0,1783610797405627913,101,depth,"[65000.22,65000.32,65000.420000000006,65000.520000000004,65000.62,65000.72,65000.82,65000.920000000006,65001.020000000004,65001.12]",65000.22,"[0.001,0.002,0.003,0.004,0.005,0.006,0.007,0.008,0.009000000000000001,0.01]",0.001,"[65000.020000000004,64999.920000000006,64999.82,64999.72,64999.62,64999.520000000004,64999.420000000006,64999.32,64999.22,64999.12]",65000.020000000004,"[0.001,0.002,0.003,0.004,0.005,0.006,0.007,0.008,0.009000000000000001,0.01]",0.001,4912,mock,InstrumentType.Spot,615575136,mock,BTC-USDT
2199944884,0,0,1783610797405927983,101,depth,"[65000.229999999996,65000.329999999994,65000.43,65000.53,65000.63,65000.729999999996,65000.829999999994,65000.93,65001.03,65001.13]",65000.229999999996,"[0.001,0.002,0.003,0.004,0.005,0.006,0.007,0.008,0.009000000000000001,0.01]",0.001,"[65000.03,64999.93,64999.829999999994,64999.729999999996,64999.63,64999.53,64999.43,64999.329999999994,64999.229999999996,64999.13]",65000.03,"[0.001,0.002,0.003,0.004,0.005,0.006,0.007,0.008,0.009000000000000001,0.01]",0.001,4913,mock,InstrumentType.Spot,615575696,mock,BTC-USDT
2199944884,0,0,1783610797406227977,101,depth,"[65000.24,65000.34,65000.44,65000.54,65000.64,65000.74,65000.84,65000.94,65001.04,65001.14]",65000.24,"[0.001,0.002,0.003,0.004,0.005,0.006,0.007,0.008,0.009000000000000001,0.01]",0.001,"[65000.04,64999.94,64999.84,64999.74,64999.64,64999.54,64999.44,64999.34,64999.24,64999.14]",65000.04,"[0.001,0.002,0.003,0.004,0.005,0.006,0.007,0.008,0.009000000000000001,0.01]",0.001,4914,mock,InstrumentType.Spot,615576256,mock,BTC-USDT
2199944884,0,0,1783610797406527976,101,depth,"[65000.25,65000.35,65000.450000000004,65000.55,65000.65,65000.75,65000.85,65000.950000000004,65001.05,65001.15]",65000.25,"[0.001,0.002,0.003,0.004,0.005,0.006,0.007,0.008,0.009000000000000001,0.01]",0.001,"[65000.05,64999.950000000004,64999.85,64999.75,64999.65,64999.55,64999.450000000004,64999.35,64999.25,64999.15]",65000.05,"[0.001,0.002,0.003,0.004,0.005,0.006,0.007,0.008,0.009000000000000001,0.01]",0.001,4915,mock,InstrumentType.Spot,615576816,mock,BTC-USDT
2199944884,0,0,1783610797406827942,101,depth,"[65000.26,65000.36,65000.46000000001,65000.560000000005,65000.66,65000.76,65000.86,65000.96000000001,65001.060000000005,65001.16]",65000.26,"[0.001,0.002,0.003,0.004,0.005,0.006,0.007,0.008,0.009000000000000001,0.01]",0.001,"[65000.060000000005,64999.96000000001,64999.86,64999.76,64999.66,64999.560000000005,64999.46000000001,64999.36,64999.26,64999.16]",65000.060000000005,"[0.001,0.002,0.003,0.004,0.005,0.006,0.007,0.008,0.009000000000000001,0.01]",0.001,4916,mock,InstrumentType.Spot,615577376,mock,BTC-USDT
2199944884,0,0,1783610797407134128,101,depth,"[65000.27,65000.369999999995,65000.47,65000.57,65000.67,65000.77,65000.869999999995,65000.97,65001.07,65001.17]",65000.27,"[0.001,0.002,0.003,0.004,0.005,0.006,0.007,0.008,0.009000000000000001,0.01]",0.001,"[65000.07,64999.97,64999.869999999995,64999.77,64999.67,64999.57,64999.47,64999.369999999995,64999.27,64999.17]",65000.07,"[0.001,0.002,0.003,0.004,0.005,0.006,0.007,0.008,0.009000000000000001,0.01]",0.001,4917,mock,InstrumentType.Spot,615577936,mock,BTC-USDT
2199944884,0,0,1783610797407428149,101,depth,"[65000.28,65000.38,65000.48,65000.58,65000.68,65000.78,65000.88,65000.98,65001.08,65001.18]",65000.28,"[0.001,0.002,0.003,0.004,0.005,0.006,0.007,0.008,0.009000000000000001,0.01]",0.001,"[65000.08,64999.98,64999.88,64999.78,64999.68,64999.58,64999.48,64999.38,64999.28,64999.18]",65000.08,"[0.001,0.002,0.003,0.004,0.005,0.006,0.007,0.008,0.009000000000000001,0.01]",0.001,4918,mock,InstrumentType.Spot,615578496,mock,BTC-USDT
2199944884,0,0,1783610797407729300,101,depth,"[65000.29,65000.39,65000.490000000005,65000.590000000004,65000.69,65000.79,65000.89,65000.990000000005,65001.090000000004,65001.19]",65000.29,"[0.001,0.002,0.003,0.004,0.005,0.006,0.007,0.008,0.009000000000000001,0.01]",0.001,"[65000.090000000004,64999.990000000005,64999.89,64999.79,64999.69,64999.590000000004,64999.490000000005,64999.39,64999.29,64999.19]",65000.090000000004,"[0.001,0.002,0.003,0.004,0.005,0.006,0.007,0.008,0.009000000000000001,0.01]",0.001,4919,mock,InstrumentType.Spot,615579056,mock,BTC-USDT
2199944884,0,0,1783610797408028909,101,depth,"[65000.299999999996,65000.399999999994,65000.5,65000.6,65000.7,65000.799999999996,65000.899999999994,65001.0,65001.1,65001.2]",65000.299999999996,"[0.001,0.002,0.003,0.004,0.005,0.006,0.007,0.008,0.009000000000000001,0.01]",0.001,"[65000.1,65000.0,64999.899999999994,64999.799999999996,64999.7,64999.6,64999.5,64999.399999999994,64999.299999999996,64999.2]",65000.1,"[0.001,0.002,0.003,0.004,0.005,0.006,0.007,0.008,0.009000000000000001,0.01]",0.001,4920,mock,InstrumentType.Spot,615579616,mock,BTC-USDT
2199944884,0,0,1783610797408328513,101,depth,"[65000.31,65000.409999999996,65000.51,65000.61,65000.71,65000.81,65000.909999999996,65001.01,65001.11,65001.21]",65000.31,"[0.001,0.002,0.003,0.004,0.005,0.006,0.007,0.008,0.009000000000000001,0.01]",0.001,"[65000.11,65000.01,64999.909999999996,64999.81,64999.71,64999.61,64999.51,64999.409999999996,64999.31,64999.21]",65000.11,"[0.001,0.002,0.003,0.004,0.005,0.006,0.007,0.008,0.009000000000000001,0.01]",0.001,4921,mock,InstrumentType.Spot,615580176,mock,BTC-USDT
2199944884,0,0,1783610797408628507,101,depth,"[65000.32,65000.42,65000.520000000004,65000.62,65000.72,65000.82,65000.92,65001.020000000004,65001.12,65001.22]",65000.32,"[0.001,0.002,0.003,0.004,0.005,0.006,0.007,0.008,0.009000000000000001,0.01]",0.001,"[65000.12,65000.020000000004,64999.92,64999.82,64999.72,64999.62,64999.520000000004,64999.42,64999.32,64999.22]",65000.12,"[0.001,0.002,0.003,0.004,0.005,0.006,0.007,0.008,0.009000000000000001,0.01]",0.001,4922,mock,InstrumentType.Spot,615580736,mock,BTC-USDT
2199944884,0,0,1783610797408928187,101,depth,"[65000.33,65000.43,65000.530000000006,65000.630000000005,65000.73,65000.83,65000.93,65001.030000000006,65001.130000000005,65001.23]",65000.33,"[0.001,0.002,0.003,0.004,0.005,0.006,0.007,0.008,0.009000000000000001,0.01]",0.001,"[65000.130000000005,65000.030000000006,64999.93,64999.83,64999.73,64999.630000000005,64999.530000000006,64999.43,64999.33,64999.23]",65000.130000000005,"[0.001,0.002,0.003,0.004,0.005,0.006,0.007,0.008,0.009000000000000001,0.01]",0.001,4923,mock,InstrumentType.Spot,615581296,mock,BTC-USDT
2199944884,0,0,1783610797409228483,101,depth,"[65000.34,65000.439999999995,65000.54,65000.64,65000.74,65000.84,65000.939999999995,65001.04,65001.14,65001.24]",65000.34,"[0.001,0.002,0.003,0.004,0.005,0.006,0.007,0.008,0.009000000000000001,0.01]",0.001,"[65000.14,65000.04,64999.939999999995,64999.84,64999.74,64999.64,64999.54,64999.439999999995,64999.34,64999.24]",65000.14,"[0.001,0.002,0.003,0.004,0.005,0.006,0.007,0.008,0.009000000000000001,0.01]",0.001,4924,mock,InstrumentType.Spot,615581856,mock,BTC-USDT
2199944884,0,0,1783610797409550558,101,depth,"[65000.35,65000.45,65000.55,65000.65,65000.75,65000.85,65000.95,65001.05,65001.15,65001.25]",65000.35,"[0.001,0.002,0.003,0.004,0.005,0.006,0.007,0.008,0.009000000000000001,0.01]",0.001,"[65000.15,65000.05,64999.95,64999.85,64999.75,64999.65,64999.55,64999.45,64999.35,64999.25]",65000.15,"[0.001,0.002,0.003,0.004,0.005,0.006,0.007,0.008,0.009000000000000001,0.01]",0.001,4925,mock,InstrumentType.Spot,615582416,mock,BTC-USDT
2199944884,0,0,1783610797409828267,101,depth,"[65000.36,65000.46,65000.560000000005,65000.66,65000.76,65000.86,65000.96,65001.060000000005,65001.16,65001.26]",65000.36,"[0.001,0.002,0.003,0.004,0.005,0.006,0.007,0.008,0.009000000000000001,0.01]",0.001,"[65000.16,65000.060000000005,64999.96,64999.86,64999.76,64999.66,64999.560000000005,64999.46,64999.36,64999.26]",65000.16,"[0.001,0.002,0.003,0.004,0.005,0.006,0.007,0.008,0.009000000000000001,0.01]",0.001,4926,mock,InstrumentType.Spot,615582976,mock,BTC-USDT
2199944884,0,0,1783610797410141631,101,depth,"[65000.369999999995,65000.469999999994,65000.57,65000.67,65000.77,65000.869999999995,65000.969999999994,65001.07,65001.17,65001.27]",65000.369999999995,"[0.001,0.002,0.003,0.004,0.005,0.006,0.007,0.008,0.009000000000000001,0.01]",0.001,"[65000.17,65000.07,64999.969999999994,64999.869999999995,64999.77,64999.67,64999.57,64999.469999999994,64999.369999999995,64999.27]",65000.17,"[0.001,0.002,0.003,0.004,0.005,0.006,0.007,0.008,0.009000000000000001,0.01]",0.001,4927,mock,InstrumentType.Spot,615583536,mock,BTC-USDT
2199944884,0,0,1783610797410428012,101,depth,"[65000.38,65000.479999999996,65000.58,65000.68,65000.78,65000.88,65000.979999999996,65001.08,65001.18,65001.28]",65000.38,"[0.001,0.002,0.003,0.004,0.005,0.006,0.007,0.008,0.009000000000000001,0.01]",0.001,"[65000.18,65000.08,64999.979999999996,64999.88,64999.78,64999.68,64999.58,64999.479999999996,64999.38,64999.28]",65000.18,"[0.001,0.002,0.003,0.004,0.005,0.006,0.007,0.008,0.009000000000000001,0.01]",0.001,4928,mock,InstrumentType.Spot,615584096,mock,BTC-USDT
2199944884,0,0,1783610797410727909,101,depth,"[65000.39,65000.49,65000.590000000004,65000.69,65000.79,65000.89,65000.99,65001.090000000004,65001.19,65001.29]",65000.39,"[0.001,0.002,0.003,0.004,0.005,0.006,0.007,0.008,0.009000000000000001,0.01]",0.001,"[65000.19,65000.090000000004,64999.99,64999.89,64999.79,64999.69,64999.590000000004,64999.49,64999.39,64999.29]",65000.19,"[0.001,0.002,0.003,0.004,0.005,0.006,0.007,0.008,0.009000000000000001,0.01]",0.001,4929,mock,InstrumentType.Spot,615584656,mock,BTC-USDT
2199944884,0,0,1783610797411027911,101,depth,"[65000.4,65000.5,65000.600000000006,65000.700000000004,65000.8,65000.9,65001.0,65001.100000000006,65001.200000000004,65001.3]",65000.4,"[0.001,0.002,0.003,0.004,0.005,0.006,0.007,0.008,0.009000000000000001,0.01]",0.001,"[65000.200000000004,65000.100000000006,65000.0,64999.9,64999.8,64999.700000000004,64999.600000000006,64999.5,64999.4,64999.3]",65000.200000000004,"[0.001,0.002,0.003,0.004,0.005,0.006,0.007,0.008,0.009000000000000001,0.01]",0.001,4930,mock,InstrumentType.Spot,615585216,mock,BTC-USDT
2199944884,0,0,1783610797411327854,101,depth,"[65000.409999999996,65000.509999999995,65000.61,65000.71,65000.81,65000.909999999996,65001.009999999995,65001.11,65001.21,65001.31]",65000.409999999996,"[0.001,0.002,0.003,0.004,0.005,0.006,0.007,0.008,0.009000000000000001,0.01]",0.001,"[65000.21,65000.11,65000.009999999995,64999.909999999996,64999.81,64999.71,64999.61,64999.509999999995,64999.409999999996,64999.31]",65000.21,"[0.001,0.002,0.003,0.004,0.005,0.006,0.007,0.008,0.009000000000000001,0.01]",0.001,4931,mock,InstrumentType.Spot,615585776,mock,BTC-USDT
2199944884,0,0,1783610797411627886,101,depth,"[65000.42,65000.52,65000.62,65000.72,65000.82,65000.92,65001.02,65001.12,65001.22,65001.32]",65000.42,"[0.001,0.002,0.003,0.004,0.005,0.006,0.007,0.008,0.009000000000000001,0.01]",0.001,"[65000.22,65000.12,65000.02,64999.92,64999.82,64999.72,64999.62,64999.52,64999.42,64999.32]",65000.22,"[0.001,0.002,0.003,0.004,0.005,0.006,0.007,0.008,0.009000000000000001,0.01]",0.001,4932,mock,InstrumentType.Spot,615586336,mock,BTC-USDT
2199944884,0,0,1783610797411928005,101,depth,"[65000.43,65000.53,65000.630000000005,65000.73,65000.83,65000.93,65001.03,65001.130000000005,65001.23,65001.33]",65000.43,"[0.001,0.002,0.003,0.004,0.005,0.006,0.007,0.008,0.009000000000000001,0.01]",0.001,"[65000.23,65000.130000000005,65000.03,64999.93,64999.83,64999.73,64999.630000000005,64999.53,64999.43,64999.33]",65000.23,"[0.001,0.002,0.003,0.004,0.005,0.006,0.007,0.008,0.009000000000000001,0.01]",0.001,4933,mock,InstrumentType.Spot,615586896,mock,BTC-USDT
2199944884,0,0,1783610797412227911,101,depth,"[65000.439999999995,65000.53999999999,65000.64,65000.74,65000.84,65000.939999999995,65001.03999999999,65001.14,65001.24,65001.34]",65000.439999999995,"[0.001,0.002,0.003,0.004,0.005,0.006,0.007,0.008,0.009000000000000001,0.01]",0.001,"[65000.24,65000.14,65000.03999999999,64999.939999999995,64999.84,64999.74,64999.64,64999.53999999999,64999.439999999995,64999.34]",65000.24,"[0.001,0.002,0.003,0.004,0.005,0.006,0.007,0.008,0.009000000000000001,0.01]",0.001,4934,mock,InstrumentType.Spot,615587456,mock,BTC-USDT
2199944884,0,0,1783610797412527876,101,depth,"[65000.45,65000.549999999996,65000.65,65000.75,65000.85,65000.95,65001.049999999996,65001.15,65001.25,65001.35]",65000.45,"[0.001,0.002,0.003,0.004,0.005,0.006,0.007,0.008,0.009000000000000001,0.01]",0.001,"[65000.25,65000.15,65000.049999999996,64999.95,64999.85,64999.75,64999.65,64999.549999999996,64999.45,64999.35]",65000.25,"[0.001,0.002,0.003,0.004,0.005,0.006,0.007,0.008,0.009000000000000001,0.01]",0.001,4935,mock,InstrumentType.Spot,615588016,mock,BTC-USDT
2199944884,0,0,1783610797412834113,101,depth,"[65000.46,65000.56,65000.66,65000.76,65000.86,65000.96,65001.06,65001.16,65001.26,65001.36]",65000.46,"[0.001,0.002,0.003,0.004,0.005,0.006,0.007,0.008,0.009000000000000001,0.01]",0.001,"[65000.26,65000.16,65000.06,64999.96,64999.86,64999.76,64999.66,64999.56,64999.46,64999.36]",65000.26,"[0.001,0.002,0.003,0.004,0.005,0.006,0.007,0.008,0.009000000000000001,0.01]",0.001,4936,mock,InstrumentType.Spot,615588576,mock,BTC-USDT
2199944884,0,0,1783610797413128110,101,depth,"[65000.47,65000.57,65000.670000000006,65000.770000000004,65000.87,65000.97,65001.07,65001.170000000006,65001.270000000004,65001.37]",65000.47,"[0.001,0.002,0.003,0.004,0.005,0.006,0.007,0.008,0.009000000000000001,0.01]",0.001,"[65000.270000000004,65000.170000000006,65000.07,64999.97,64999.87,64999.770000000004,64999.670000000006,64999.57,64999.47,64999.37]",65000.270000000004,"[0.001,0.002,0.003,0.004,0.005,0.006,0.007,0.008,0.009000000000000001,0.01]",0.001,4937,mock,InstrumentType.Spot,615589136,mock,BTC-USDT
2199944884,0,0,1783610797413427857,101,depth,"[65000.479999999996,65000.579999999994,65000.68,65000.78,65000.88,65000.979999999996,65001.079999999994,65001.18,65001.28,65001.38]",65000.479999999996,"[0.001,0.002,0.003,0.004,0.005,0.006,0.007,0.008,0.009000000000000001,0.01]",0.001,"[65000.28,65000.18,65000.079999999994,64999.979999999996,64999.88,64999.78,64999.68,64999.579999999994,64999.479999999996,64999.38]",65000.28,"[0.001,0.002,0.003,0.004,0.005,0.006,0.007,0.008,0.009000000000000001,0.01]",0.001,4938,mock,InstrumentType.Spot,615589696,mock,BTC-USDT
2199944884,0,0,1783610797413727933,101,depth,"[65000.49,65000.59,65000.69,65000.79,65000.89,65000.99,65001.09,65001.19,65001.29,65001.39]",65000.49,"[0.001,0.002,0.003,0.004,0.005,0.006,0.007,0.008,0.009000000000000001,0.01]",0.001,"[65000.29,65000.19,65000.09,64999.99,64999.89,64999.79,64999.69,64999.59,64999.49,64999.39]",65000.29,"[0.001,0.002,0.003,0.004,0.005,0.006,0.007,0.008,0.009000000000000001,0.01]",0.001,4939,mock,InstrumentType.Spot,615590256,mock,BTC-USDT
2199944884,0,0,1783610797414027923,101,depth,"[65000.5,65000.6,65000.700000000004,65000.8,65000.9,65001.0,65001.1,65001.200000000004,65001.3,65001.4]",65000.5,"[0.001,0.002,0.003,0.004,0.005,0.006,0.007,0.008,0.009000000000000001,0.01]",0.001,"[65000.3,65000.200000000004,65000.1,65000.0,64999.9,64999.8,64999.700000000004,64999.6,64999.5,64999.4]",65000.3,"[0.001,0.002,0.003,0.004,0.005,0.006,0.007,0.008,0.009000000000000001,0.01]",0.001,4940,mock,InstrumentType.Spot,615590816,mock,BTC-USDT
2199944884,0,0,1783610797414327892,101,depth,"[65000.51,65000.61,65000.71000000001,65000.810000000005,65000.91,65001.01,65001.11,65001.21000000001,65001.310000000005,65001.41]",65000.51,"[0.001,0.002,0.003,0.004,0.005,0.006,0.007,0.008,0.009000000000000001,0.01]",0.001,"[65000.310000000005,65000.21000000001,65000.11,65000.01,64999.91,64999.810000000005,64999.71000000001,64999.61,64999.51,64999.41]",65000.310000000005,"[0.001,0.002,0.003,0.004,0.005,0.006,0.007,0.008,0.009000000000000001,0.01]",0.001,4941,mock,InstrumentType.Spot,615591376,mock,BTC-USDT
2199944884,0,0,1783610797414627795,101,depth,"[65000.52,65000.619999999995,65000.72,65000.82,65000.92,65001.02,65001.119999999995,65001.22,65001.32,65001.42]",65000.52,"[0.001,0.002,0.003,0.004,0.005,0.006,0.007,0.008,0.009000000000000001,0.01]",0.001,"[65000.32,65000.22,65000.119999999995,65000.02,64999.92,64999.82,64999.72,64999.619999999995,64999.52,64999.42]",65000.32,"[0.001,0.002,0.003,0.004,0.005,0.006,0.007,0.008,0.009000000000000001,0.01]",0.001,4942,mock,InstrumentType.Spot,615591936,mock,BTC-USDT
2199944884,0,0,1783610797414927964,101,depth,"[65000.53,65000.63,65000.73,65000.83,65000.93,65001.03,65001.13,65001.23,65001.33,65001.43]",65000.53,"[0.001,0.002,0.003,0.004,0.005,0.006,0.007,0.008,0.009000000000000001,0.01]",0.001,"[65000.33,65000.23,65000.13,65000.03,64999.93,64999.83,64999.73,64999.63,64999.53,64999.43]",65000.33,"[0.001,0.002,0.003,0.004,0.005,0.006,0.007,0.008,0.009000000000000001,0.01]",0.001,4943,mock,InstrumentType.Spot,615592496,mock,BTC-USDT
2199944884,0,0,1783610797415227949,101,depth,"[65000.54,65000.64,65000.740000000005,65000.840000000004,65000.94,65001.04,65001.14,65001.240000000005,65001.340000000004,65001.44]",65000.54,"[0.001,0.002,0.003,0.004,0.005,0.006,0.007,0.008,0.009000000000000001,0.01]",0.001,"[65000.340000000004,65000.240000000005,65000.14,65000.04,64999.94,64999.840000000004,64999.740000000005,64999.64,64999.54,64999.44]",65000.340000000004,"[0.001,0.002,0.003,0.004,0.005,0.006,0.007,0.008,0.009000000000000001,0.01]",0.001,4944,mock,InstrumentType.Spot,615593056,mock,BTC-USDT
2199944884,0,0,1783610797415527925,101,depth,"[65000.549999999996,65000.649999999994,65000.75,65000.85,65000.95,65001.049999999996,65001.149999999994,65001.25,65001.35,65001.45]",65000.549999999996,"[0.001,0.002,0.003,0.004,0.005,0.006,0.007,0.008,0.009000000000000001,0.01]",0.001,"[65000.35,65000.25,65000.149999999994,65000.049999999996,64999.95,64999.85,64999.75,64999.649999999994,64999.549999999996,64999.45]",65000.35,"[0.001,0.002,0.003,0.004,0.005,0.006,0.007,0.008,0.009000000000000001,0.01]",0.001,4945,mock,InstrumentType.Spot,615593616,mock,BTC-USDT
2199944884,0,0,1783610797415833429,101,depth,"[65000.56,65000.659999999996,65000.76,65000.86,65000.96,65001.06,65001.159999999996,65001.26,65001.36,65001.46]",65000.56,"[0.001,0.002,0.003,0.004,0.005,0.006,0.007,0.008,0.009000000000000001,0.01]",0.001,"[65000.36,65000.26,65000.159999999996,65000.06,64999.96,64999.86,64999.76,64999.659999999996,64999.56,64999.46]",65000.36,"[0.001,0.002,0.003,0.004,0.005,0.006,0.007,0.008,0.009000000000000001,0.01]",0.001,4946,mock,InstrumentType.Spot,615594176,mock,BTC-USDT
2199944884,0,0,1783610797416128126,101,depth,"[65000.57,65000.67,65000.770000000004,65000.87,65000.97,65001.07,65001.17,65001.270000000004,65001.37,65001.47]",65000.57,"[0.001,0.002,0.003,0.004,0.005,0.006,0.007,0.008,0.009000000000000001,0.01]",0.001,"[65000.37,65000.270000000004,65000.17,65000.07,64999.97,64999.87,64999.770000000004,64999.67,64999.57,64999.47]",65000.37,"[0.001,0.002,0.003,0.004,0.005,0.006,0.007,0.008,0.009000000000000001,0.01]",0.001,4947,mock,InstrumentType.Spot,615594736,mock,BTC-USDT
2199944884,0,0,1783610797416427824,101,depth,"[65000.58,65000.68,65000.780000000006,65000.880000000005,65000.98,65001.08,65001.18,65001.280000000006,65001.380000000005,65001.48]",65000.58,"[0.001,0.002,0.003,0.004,0.005,0.006,0.007,0.008,0.009000000000000001,0.01]",0.001,"[65000.380000000005,65000.280000000006,65000.18,65000.08,64999.98,64999.880000000005,64999.780000000006,64999.68,64999.58,64999.48]",65000.380000000005,"[0.001,0.002,0.003,0.004,0.005,0.006,0.007,0.008,0.009000000000000001,0.01]",0.001,4948,mock,InstrumentType.Spot,615595296,mock,BTC-USDT
2199944884,0,0,1783610797416727967,101,depth,"[65000.59,65000.689999999995,65000.79,65000.89,65000.99,65001.09,65001.189999999995,65001.29,65001.39,65001.49]",65000.59,"[0.001,0.002,0.003,0.004,0.005,0.006,0.007,0.008,0.009000000000000001,0.01]",0.001,"[65000.39,65000.29,65000.189999999995,65000.09,64999.99,64999.89,64999.79,64999.689999999995,64999.59,64999.49]",65000.39,"[0.001,0.002,0.003,0.004,0.005,0.006,0.007,0.008,0.009000000000000001,0.01]",0.001,4949,mock,InstrumentType.Spot,615595856,mock,BTC-USDT
2199944884,0,0,1783610797417027942,101,depth,"[65000.6,65000.7,65000.8,65000.9,65001.0,65001.1,65001.2,65001.3,65001.4,65001.5]",65000.6,"[0.001,0.002,0.003,0.004,0.005,0.006,0.007,0.008,0.009000000000000001,0.01]",0.001,"[65000.4,65000.3,65000.2,65000.1,65000.0,64999.9,64999.8,64999.7,64999.6,64999.5]",65000.4,"[0.001,0.002,0.003,0.004,0.005,0.006,0.007,0.008,0.009000000000000001,0.01]",0.001,4950,mock,InstrumentType.Spot,615596416,mock,BTC-USDT
2199944884,0,0,1783610797417327966,101,depth,"[65000.61,65000.71,65000.810000000005,65000.91,65001.01,65001.11,65001.21,65001.310000000005,65001.41,65001.51]",65000.61,"[0.001,0.002,0.003,0.004,0.005,0.006,0.007,0.008,0.009000000000000001,0.01]",0.001,"[65000.41,65000.310000000005,65000.21,65000.11,65000.01,64999.91,64999.810000000005,64999.71,64999.61,64999.51]",65000.41,"[0.001,0.002,0.003,0.004,0.005,0.006,0.007,0.008,0.009000000000000001,0.01]",0.001,4951,mock,InstrumentType.Spot,615596976,mock,BTC-USDT
2199944884,0,0,1783610797417627784,101,depth,"[65000.619999999995,65000.719999999994,65000.82,65000.92,65001.02,65001.119999999995,65001.219999999994,65001.32,65001.42,65001.52]",65000.619999999995,"[0.001,0.002,0.003,0.004,0.005,0.006,0.007,0.008,0.009000000000000001,0.01]",0.001,"[65000.42,65000.32,65000.219999999994,65000.119999999995,65000.02,64999.92,64999.82,64999.719999999994,64999.619999999995,64999.52]",65000.42,"[0.001,0.002,0.003,0.004,0.005,0.006,0.007,0.008,0.009000000000000001,0.01]",0.001,4952,mock,InstrumentType.Spot,615597536,mock,BTC-USDT
2199944884,0,0,1783610797417928018,101,depth,"[65000.63,65000.729999999996,65000.83,65000.93,65001.03,65001.13,65001.229999999996,65001.33,65001.43,65001.53]",65000.63,"[0.001,0.002,0.003,0.004,0.005,0.006,0.007,0.008,0.009000000000000001,0.01]",0.001,"[65000.43,65000.33,65000.229999999996,65000.13,65000.03,64999.93,64999.83,64999.729999999996,64999.63,64999.53]",65000.43,"[0.001,0.002,0.003,0.004,0.005,0.006,0.007,0.008,0.009000000000000001,0.01]",0.001,4953,mock,InstrumentType.Spot,615598096,mock,BTC-USDT
2199944884,0,0,1783610797418227989,101,depth,"[65000.64,65000.74,65000.840000000004,65000.94,65001.04,65001.14,65001.24,65001.340000000004,65001.44,65001.54]",65000.64,"[0.001,0.002,0.003,0.004,0.005,0.006,0.007,0.008,0.009000000000000001,0.01]",0.001,"[65000.44,65000.340000000004,65000.24,65000.14,65000.04,64999.94,64999.840000000004,64999.74,64999.64,64999.54]",65000.44,"[0.001,0.002,0.003,0.004,0.005,0.006,0.007,0.008,0.009000000000000001,0.01]",0.001,4954,mock,InstrumentType.Spot,615598656,mock,BTC-USDT
2199944884,0,0,1783610797418527963,101,depth,"[65000.65,65000.75,65000.850000000006,65000.950000000004,65001.05,65001.15,65001.25,65001.350000000006,65001.450000000004,65001.55]",65000.65,"[0.001,0.002,0.003,0.004,0.005,0.006,0.007,0.008,0.009000000000000001,0.01]",0.001,"[65000.450000000004,65000.350000000006,65000.25,65000.15,65000.05,64999.950000000004,64999.850000000006,64999.75,64999.65,64999.55]",65000.450000000004,"[0.001,0.002,0.003,0.004,0.005,0.006,0.007,0.008,0.009000000000000001,0.01]",0.001,4955,mock,InstrumentType.Spot,615599216,mock,BTC-USDT
2199944884,0,0,1783610797418836893,101,depth,"[65000.659999999996,65000.759999999995,65000.86,65000.96,65001.06,65001.159999999996,65001.259999999995,65001.36,65001.46,65001.56]",65000.659999999996,"[0.001,0.002,0.003,0.004,0.005,0.006,0.007,0.008,0.009000000000000001,0.01]",0.001,"[65000.46,65000.36,65000.259999999995,65000.159999999996,65000.06,64999.96,64999.86,64999.759999999995,64999.659999999996,64999.56]",65000.46,"[0.001,0.002,0.003,0.004,0.005,0.006,0.007,0.008,0.009000000000000001,0.01]",0.001,4956,mock,InstrumentType.Spot,615599776,mock,BTC-USDT
2199944884,0,0,1783610797419153565,101,depth,"[65000.67,65000.77,65000.87,65000.97,65001.07,65001.17,65001.27,65001.37,65001.47,65001.57]",65000.67,"[0.001,0.002,0.003,0.004,0.005,0.006,0.007,0.008,0.009000000000000001,0.01]",0.001,"[65000.47,65000.37,65000.27,65000.17,65000.07,64999.97,64999.87,64999.77,64999.67,64999.57]",65000.47,"[0.001,0.002,0.003,0.004,0.005,0.006,0.007,0.008,0.009000000000000001,0.01]",0.001,4957,mock,InstrumentType.Spot,615600336,mock,BTC-USDT
2199944884,0,0,1783610797419430708,101,depth,"[65000.68,65000.78,65000.880000000005,65000.98,65001.08,65001.18,65001.28,65001.380000000005,65001.48,65001.58]",65000.68,"[0.001,0.002,0.003,0.004,0.005,0.006,0.007,0.008,0.009000000000000001,0.01]",0.001,"[65000.48,65000.380000000005,65000.28,65000.18,65000.08,64999.98,64999.880000000005,64999.78,64999.68,64999.58]",65000.48,"[0.001,0.002,0.003,0.004,0.005,0.006,0.007,0.008,0.009000000000000001,0.01]",0.001,4958,mock,InstrumentType.Spot,615600896,mock,BTC-USDT
2199944884,0,0,1783610797419728255,101,depth,"[65000.689999999995,65000.78999999999,65000.89,65000.99,65001.09,65001.189999999995,65001.28999999999,65001.39,65001.49,65001.59]",65000.689999999995,"[0.001,0.002,0.003,0.004,0.005,0.006,0.007,0.008,0.009000000000000001,0.01]",0.001,"[65000.49,65000.39,65000.28999999999,65000.189999999995,65000.09,64999.99,64999.89,64999.78999999999,64999.689999999995,64999.59]",65000.49,"[0.001,0.002,0.003,0.004,0.005,0.006,0.007,0.008,0.009000000000000001,0.01]",0.001,4959,mock,InstrumentType.Spot,615601456,mock,BTC-USDT
2199944884,0,0,1783610797420028117,101,depth,"[65000.7,65000.799999999996,65000.9,65001.0,65001.1,65001.2,65001.299999999996,65001.4,65001.5,65001.6]",65000.7,"[0.001,0.002,0.003,0.004,0.005,0.006,0.007,0.008,0.009000000000000001,0.01]",0.001,"[65000.5,65000.4,65000.299999999996,65000.2,65000.1,65000.0,64999.9,64999.799999999996,64999.7,64999.6]",65000.5,"[0.001,0.002,0.003,0.004,0.005,0.006,0.007,0.008,0.009000000000000001,0.01]",0.001,4960,mock,InstrumentType.Spot,615602016,mock,BTC-USDT
2199944884,0,0,1783610797420328051,101,depth,"[65000.71,65000.81,65000.91,65001.01,65001.11,65001.21,65001.31,65001.41,65001.51,65001.61]",65000.71,"[0.001,0.002,0.003,0.004,0.005,0.006,0.007,0.008,0.009000000000000001,0.01]",0.001,"[65000.51,65000.41,65000.31,65000.21,65000.11,65000.01,64999.91,64999.81,64999.71,64999.61]",65000.51,"[0.001,0.002,0.003,0.004,0.005,0.006,0.007,0.008,0.009000000000000001,0.01]",0.001,4961,mock,InstrumentType.Spot,615602576,mock,BTC-USDT
2199944884,0,0,1783610797420628011,101,depth,"[65000.72,65000.82,65000.920000000006,65001.020000000004,65001.12,65001.22,65001.32,65001.420000000006,65001.520000000004,65001.62]",65000.72,"[0.001,0.002,0.003,0.004,0.005,0.006,0.007,0.008,0.009000000000000001,0.01]",0.001,"[65000.520000000004,65000.420000000006,65000.32,65000.22,65000.12,65000.020000000004,64999.920000000006,64999.82,64999.72,64999.62]",65000.520000000004,"[0.001,0.002,0.003,0.004,0.005,0.006,0.007,0.008,0.009000000000000001,0.01]",0.001,4962,mock,InstrumentType.Spot,615603136,mock,BTC-USDT
2199944884,0,0,1783610797420928015,101,depth,"[65000.729999999996,65000.829999999994,65000.93,65001.03,65001.13,65001.229999999996,65001.329999999994,65001.43,65001.53,65001.63]",65000.729999999996,"[0.001,0.002,0.003,0.004,0.005,0.006,0.007,0.008,0.009000000000000001,0.01]",0.001,"[65000.53,65000.43,65000.329999999994,65000.229999999996,65000.13,65000.03,64999.93,64999.829999999994,64999.729999999996,64999.63]",65000.53,"[0.001,0.002,0.003,0.004,0.005,0.006,0.007,0.008,0.009000000000000001,0.01]",0.001,4963,mock,InstrumentType.Spot,615603696,mock,BTC-USDT
2199944884,0,0,1783610797421228046,101,depth,"[65000.74,65000.84,65000.94,65001.04,65001.14,65001.24,65001.34,65001.44,65001.54,65001.64]",65000.74,"[0.001,0.002,0.003,0.004,0.005,0.006,0.007,0.008,0.009000000000000001,0.01]",0.001,"[65000.54,65000.44,65000.34,65000.24,65000.14,65000.04,64999.94,64999.84,64999.74,64999.64]",65000.54,"[0.001,0.002,0.003,0.004,0.005,0.006,0.007,0.008,0.009000000000000001,0.01]",0.001,4964,mock,InstrumentType.Spot,615604256,mock,BTC-USDT
2199944884,0,0,1783610797421543907,101,depth,"[65000.75,65000.85,65000.950000000004,65001.05,65001.15,65001.25,65001.35,65001.450000000004,65001.55,65001.65]",65000.75,"[0.001,0.002,0.003,0.004,0.005,0.006,0.007,0.008,0.009000000000000001,0.01]",0.001,"[65000.55,65000.450000000004,65000.35,65000.25,65000.15,65000.05,64999.950000000004,64999.85,64999.75,64999.65]",65000.55,"[0.001,0.002,0.003,0.004,0.005,0.006,0.007,0.008,0.009000000000000001,0.01]",0.001,4965,mock,InstrumentType.Spot,615604816,mock,BTC-USDT
2199944884,0,0,1783610797421828007,101,depth,"[65000.76,65000.86,65000.96000000001,65001.060000000005,65001.16,65001.26,65001.36,65001.46000000001,65001.560000000005,65001.66]",65000.76,"[0.001,0.002,0.003,0.004,0.005,0.006,0.007,0.008,0.009000000000000001,0.01]",0.001,"[65000.560000000005,65000.46000000001,65000.36,65000.26,65000.16,65000.060000000005,64999.96000000001,64999.86,64999.76,64999.66]",65000.560000000005,"[0.001,0.002,0.003,0.004,0.005,0.006,0.007,0.008,0.009000000000000001,0.01]",0.001,4966,mock,InstrumentType.Spot,615605376,mock,BTC-USDT
2199944884,0,0,1783610797422127895,101,depth,"[65000.77,65000.869999999995,65000.97,65001.07,65001.17,65001.27,65001.369999999995,65001.47,65001.57,65001.67]",65000.77,"[0.001,0.002,0.003,0.004,0.005,0.006,0.007,0.008,0.009000000000000001,0.01]",0.001,"[65000.57,65000.47,65000.369999999995,65000.27,65000.17,65000.07,64999.97,64999.869999999995,64999.77,64999.67]",65000.57,"[0.001,0.002,0.003,0.004,0.005,0.006,0.007,0.008,0.009000000000000001,0.01]",0.001,4967,mock,InstrumentType.Spot,615605936,mock,BTC-USDT
2199944884,0,0,1783610797422428000,101,depth,"[65000.78,65000.88,65000.98,65001.08,65001.18,65001.28,65001.38,65001.48,65001.58,65001.68]",65000.78,"[0.001,0.002,0.003,0.004,0.005,0.006,0.007,0.008,0.009000000000000001,0.01]",0.001,"[65000.58,65000.48,65000.38,65000.28,65000.18,65000.08,64999.98,64999.88,64999.78,64999.68]",65000.58,"[0.001,0.002,0.003,0.004,0.005,0.006,0.007,0.008,0.009000000000000001,0.01]",0.001,4968,mock,InstrumentType.Spot,615606496,mock,BTC-USDT
2199944884,0,0,1783610797422727900,101,depth,"[65000.79,65000.89,65000.990000000005,65001.090000000004,65001.19,65001.29,65001.39,65001.490000000005,65001.590000000004,65001.69]",65000.79,"[0.001,0.002,0.003,0.004,0.005,0.006,0.007,0.008,0.009000000000000001,0.01]",0.001,"[65000.590000000004,65000.490000000005,65000.39,65000.29,65000.19,65000.090000000004,64999.990000000005,64999.89,64999.79,64999.69]",65000.590000000004,"[0.001,0.002,0.003,0.004,0.005,0.006,0.007,0.008,0.009000000000000001,0.01]",0.001,4969,mock,InstrumentType.Spot,615607056,mock,BTC-USDT
2199944884,0,0,1783610797423027933,101,depth,"[65000.799999999996,65000.899999999994,65001.0,65001.1,65001.2,65001.299999999996,65001.399999999994,65001.5,65001.6,65001.7]",65000.799999999996,"[0.001,0.002,0.003,0.004,0.005,0.006,0.007,0.008,0.009000000000000001,0.01]",0.001,"[65000.6,65000.5,65000.399999999994,65000.299999999996,65000.2,65000.1,65000.0,64999.899999999994,64999.799999999996,64999.7]",65000.6,"[0.001,0.002,0.003,0.004,0.005,0.006,0.007,0.008,0.009000000000000001,0.01]",0.001,4970,mock,InstrumentType.Spot,615607616,mock,BTC-USDT
2199944884,0,0,1783610797423327914,101,depth,"[65000.81,65000.909999999996,65001.01,65001.11,65001.21,65001.31,65001.409999999996,65001.51,65001.61,65001.71]",65000.81,"[0.001,0.002,0.003,0.004,0.005,0.006,0.007,0.008,0.009000000000000001,0.01]",0.001,"[65000.61,65000.51,65000.409999999996,65000.31,65000.21,65000.11,65000.01,64999.909999999996,64999.81,64999.71]",65000.61,"[0.001,0.002,0.003,0.004,0.005,0.006,0.007,0.008,0.009000000000000001,0.01]",0.001,4971,mock,InstrumentType.Spot,615608176,mock,BTC-USDT
2199944884,0,0,1783610797423627983,101,depth,"[65000.82,65000.92,65001.020000000004,65001.12,65001.22,65001.32,65001.42,65001.520000000004,65001.62,65001.72]",65000.82,"[0.001,0.002,0.003,0.004,0.005,0.006,0.007,0.008,0.009000000000000001,0.01]",0.001,"[65000.62,65000.520000000004,65000.42,65000.32,65000.22,65000.12,65000.020000000004,64999.92,64999.82,64999.72]",65000.62,"[0.001,0.002,0.003,0.004,0.005,0.006,0.007,0.008,0.009000000000000001,0.01]",0.001,4972,mock,InstrumentType.Spot,615608736,mock,BTC-USDT
2199944884,0,0,1783610797423927913,101,depth,"[65000.83,65000.93,65001.030000000006,65001.130000000005,65001.23,65001.33,65001.43,65001.530000000006,65001.630000000005,65001.73]",65000.83,"[0.001,0.002,0.003,0.004,0.005,0.006,0.007,0.008,0.009000000000000001,0.01]",0.001,"[65000.630000000005,65000.530000000006,65000.43,65000.33,65000.23,65000.130000000005,65000.030000000006,64999.93,64999.83,64999.73]",65000.630000000005,"[0.001,0.002,0.003,0.004,0.005,0.006,0.007,0.008,0.009000000000000001,0.01]",0.001,4973,mock,InstrumentType.Spot,615609296,mock,BTC-USDT
2199944884,0,0,1783610797424228128,101,depth,"[65000.84,65000.939999999995,65001.04,65001.14,65001.24,65001.34,65001.439999999995,65001.54,65001.64,65001.74]",65000.84,"[0.001,0.002,0.003,0.004,0.005,0.006,0.007,0.008,0.009000000000000001,0.01]",0.001,"[65000.64,65000.54,65000.439999999995,65000.34,65000.24,65000.14,65000.04,64999.939999999995,64999.84,64999.74]",65000.64,"[0.001,0.002,0.003,0.004,0.005,0.006,0.007,0.008,0.009000000000000001,0.01]",0.001,4974,mock,InstrumentType.Spot,615609856,mock,BTC-USDT
2199944884,0,0,1783610797424535111,101,depth,"[65000.85,65000.95,65001.05,65001.15,65001.25,65001.35,65001.45,65001.55,65001.65,65001.75]",65000.85,"[0.001,0.002,0.003,0.004,0.005,0.006,0.007,0.008,0.009000000000000001,0.01]",0.001,"[65000.65,65000.55,65000.45,65000.35,65000.25,65000.15,65000.05,64999.95,64999.85,64999.75]",65000.65,"[0.001,0.002,0.003,0.004,0.005,0.006,0.007,0.008,0.009000000000000001,0.01]",0.001,4975,mock,InstrumentType.Spot,615610416,mock,BTC-USDT
2199944884,0,0,1783610797424827978,101,depth,"[65000.86,65000.96,65001.060000000005,65001.16,65001.26,65001.36,65001.46,65001.560000000005,65001.66,65001.76]",65000.86,"[0.001,0.002,0.003,0.004,0.005,0.006,0.007,0.008,0.009000000000000001,0.01]",0.001,"[65000.66,65000.560000000005,65000.46,65000.36,65000.26,65000.16,65000.060000000005,64999.96,64999.86,64999.76]",65000.66,"[0.001,0.002,0.003,0.004,0.005,0.006,0.007,0.008,0.009000000000000001,0.01]",0.001,4976,mock,InstrumentType.Spot,615610976,mock,BTC-USDT
2199944884,0,0,1783610797425128004,101,depth,"[65000.869999999995,65000.969999999994,65001.07,65001.17,65001.27,65001.369999999995,65001.469999999994,65001.57,65001.67,65001.77]",65000.869999999995,"[0.001,0.002,0.003,0.004,0.005,0.006,0.007,0.008,0.009000000000000001,0.01]",0.001,"[65000.67,65000.57,65000.469999999994,65000.369999999995,65000.27,65000.17,65000.07,64999.969999999994,64999.869999999995,64999.77]",65000.67,"[0.001,0.002,0.003,0.004,0.005,0.006,0.007,0.008,0.009000000000000001,0.01]",0.001,4977,mock,InstrumentType.Spot,615611536,mock,BTC-USDT
2199944884,0,0,1783610797425427987,101,depth,"[65000.88,65000.979999999996,65001.08,65001.18,65001.28,65001.38,65001.479999999996,65001.58,65001.68,65001.78]",65000.88,"[0.001,0.002,0.003,0.004,0.005,0.006,0.007,0.008,0.009000000000000001,0.01]",0.001,"[65000.68,65000.58,65000.479999999996,65000.38,65000.28,65000.18,65000.08,64999.979999999996,64999.88,64999.78]",65000.68,"[0.001,0.002,0.003,0.004,0.005,0.006,0.007,0.008,0.009000000000000001,0.01]",0.001,4978,mock,InstrumentType.Spot,615612096,mock,BTC-USDT
2199944884,0,0,1783610797425728019,101,depth,"[65000.89,65000.99,65001.090000000004,65001.19,65001.29,65001.39,65001.49,65001.590000000004,65001.69,65001.79]",65000.89,"[0.001,0.002,0.003,0.004,0.005,0.006,0.007,0.008,0.009000000000000001,0.01]",0.001,"[65000.69,65000.590000000004,65000.49,65000.39,65000.29,65000.19,65000.090000000004,64999.99,64999.89,64999.79]",65000.69,"[0.001,0.002,0.003,0.004,0.005,0.006,0.007,0.008,0.009000000000000001,0.01]",0.001,4979,mock,InstrumentType.Spot,615612656,mock,BTC-USDT
2199944884,0,0,1783610797426027988,101,depth,"[65000.9,65001.0,65001.100000000006,65001.200000000004,65001.3,65001.4,65001.5,65001.600000000006,65001.700000000004,65001.8]",65000.9,"[0.001,0.002,0.003,0.004,0.005,0.006,0.007,0.008,0.009000000000000001,0.01]",0.001,"[65000.700000000004,65000.600000000006,65000.5,65000.4,65000.3,65000.200000000004,65000.100000000006,65000.0,64999.9,64999.8]",65000.700000000004,"[0.001,0.002,0.003,0.004,0.005,0.006,0.007,0.008,0.009000000000000001,0.01]",0.001,4980,mock,InstrumentType.Spot,615613216,mock,BTC-USDT
2199944884,0,0,1783610797426327986,101,depth,"[65000.909999999996,65001.009999999995,65001.11,65001.21,65001.31,65001.409999999996,65001.509999999995,65001.61,65001.71,65001.81]",65000.909999999996,"[0.001,0.002,0.003,0.004,0.005,0.006,0.007,0.008,0.009000000000000001,0.01]",0.001,"[65000.71,65000.61,65000.509999999995,65000.409999999996,65000.31,65000.21,65000.11,65000.009999999995,64999.909999999996,64999.81]",65000.71,"[0.001,0.002,0.003,0.004,0.005,0.006,0.007,0.008,0.009000000000000001,0.01]",0.001,4981,mock,InstrumentType.Spot,615613776,mock,BTC-USDT
2199944884,0,0,1783610797426627948,101,depth,"[65000.92,65001.02,65001.12,65001.22,65001.32,65001.42,65001.52,65001.62,65001.72,65001.82]",65000.92,"[0.001,0.002,0.003,0.004,0.005,0.006,0.007,0.008,0.009000000000000001,0.01]",0.001,"[65000.72,65000.62,65000.52,65000.42,65000.32,65000.22,65000.12,65000.02,64999.92,64999.82]",65000.72,"[0.001,0.002,0.003,0.004,0.005,0.006,0.007,0.008,0.009000000000000001,0.01]",0.001,4982,mock,InstrumentType.Spot,615614336,mock,BTC-USDT
2199944884,0,0,1783610797426927978,101,depth,"[65000.93,65001.03,65001.130000000005,65001.23,65001.33,65001.43,65001.53,65001.630000000005,65001.73,65001.83]",65000.93,"[0.001,0.002,0.003,0.004,0.005,0.006,0.007,0.008,0.009000000000000001,0.01]",0.001,"[65000.73,65000.630000000005,65000.53,65000.43,65000.33,65000.23,65000.130000000005,65000.03,64999.93,64999.83]",65000.73,"[0.001,0.002,0.003,0.004,0.005,0.006,0.007,0.008,0.009000000000000001,0.01]",0.001,4983,mock,InstrumentType.Spot,615614896,mock,BTC-USDT
2199944884,0,0,1783610797427235611,101,depth,"[65000.939999999995,65001.03999999999,65001.14,65001.24,65001.34,65001.439999999995,65001.53999999999,65001.64,65001.74,65001.84]",65000.939999999995,"[0.001,0.002,0.003,0.004,0.005,0.006,0.007,0.008,0.009000000000000001,0.01]",0.001,"[65000.74,65000.64,65000.53999999999,65000.439999999995,65000.34,65000.24,65000.14,65000.03999999999,64999.939999999995,64999.84]",65000.74,"[0.001,0.002,0.003,0.004,0.005,0.006,0.007,0.008,0.009000000000000001,0.01]",0.001,4984,mock,InstrumentType.Spot,615615456,mock,BTC-USDT
2199944884,0,0,1783610797427528020,101,depth,"[65000.95,65001.049999999996,65001.15,65001.25,65001.35,65001.45,65001.549999999996,65001.65,65001.75,65001.85]",65000.95,"[0.001,0.002,0.003,0.004,0.005,0.006,0.007,0.008,0.009000000000000001,0.01]",0.001,"[65000.75,65000.65,65000.549999999996,65000.45,65000.35,65000.25,65000.15,65000.049999999996,64999.95,64999.85]",65000.75,"[0.001,0.002,0.003,0.004,0.005,0.006,0.007,0.008,0.009000000000000001,0.01]",0.001,4985,mock,InstrumentType.Spot,615616016,mock,BTC-USDT
2199944884,0,0,1783610797427827749,101,depth,"[65000.96,65001.06,65001.16,65001.26,65001.36,65001.46,65001.56,65001.66,65001.76,65001.86]",65000.96,"[0.001,0.002,0.003,0.004,0.005,0.006,0.007,0.008,0.009000000000000001,0.01]",0.001,"[65000.76,65000.66,65000.56,65000.46,65000.36,65000.26,65000.16,65000.06,64999.96,64999.86]",65000.76,"[0.001,0.002,0.003,0.004,0.005,0.006,0.007,0.008,0.009000000000000001,0.01]",0.001,4986,mock,InstrumentType.Spot,615616576,mock,BTC-USDT
2199944884,0,0,1783610797428127767,101,depth,"[65000.97,65001.07,65001.170000000006,65001.270000000004,65001.37,65001.47,65001.57,65001.670000000006,65001.770000000004,65001.87]",65000.97,"[0.001,0.002,0.003,0.004,0.005,0.006,0.007,0.008,0.009000000000000001,0.01]",0.001,"[65000.770000000004,65000.670000000006,65000.57,65000.47,65000.37,65000.270000000004,65000.170000000006,65000.07,64999.97,64999.87]",65000.770000000004,"[0.001,0.002,0.003,0.004,0.005,0.006,0.007,0.008,0.009000000000000001,0.01]",0.001,4987,mock,InstrumentType.Spot,615617136,mock,BTC-USDT
2199944884,0,0,1783610797428427681,101,depth,"[65000.979999999996,65001.079999999994,65001.18,65001.28,65001.38,65001.479999999996,65001.579999999994,65001.68,65001.78,65001.88]",65000.979999999996,"[0.001,0.002,0.003,0.004,0.005,0.006,0.007,0.008,0.009000000000000001,0.01]",0.001,"[65000.78,65000.68,65000.579999999994,65000.479999999996,65000.38,65000.28,65000.18,65000.079999999994,64999.979999999996,64999.88]",65000.78,"[0.001,0.002,0.003,0.004,0.005,0.006,0.007,0.008,0.009000000000000001,0.01]",0.001,4988,mock,InstrumentType.Spot,615617696,mock,BTC-USDT
2199944884,0,0,1783610797428727944,101,depth,"[65000.99,65001.09,65001.19,65001.29,65001.39,65001.49,65001.59,65001.69,65001.79,65001.89]",65000.99,"[0.001,0.002,0.003,0.004,0.005,0.006,0.007,0.008,0.009000000000000001,0.01]",0.001,"[65000.79,65000.69,65000.59,65000.49,65000.39,65000.29,65000.19,65000.09,64999.99,64999.89]",65000.79,"[0.001,0.002,0.003,0.004,0.005,0.006,0.007,0.008,0.009000000000000001,0.01]",0.001,4989,mock,InstrumentType.Spot,615618256,mock,BTC-USDT
2199944884,0,0,1783610797429027967,101,depth,"[65001.0,65001.1,65001.200000000004,65001.3,65001.4,65001.5,65001.6,65001.700000000004,65001.8,65001.9]",65001.0,"[0.001,0.002,0.003,0.004,0.005,0.006,0.007,0.008,0.009000000000000001,0.01]",0.001,"[65000.8,65000.700000000004,65000.6,65000.5,65000.4,65000.3,65000.200000000004,65000.1,65000.0,64999.9]",65000.8,"[0.001,0.002,0.003,0.004,0.005,0.006,0.007,0.008,0.009000000000000001,0.01]",0.001,4990,mock,InstrumentType.Spot,615618816,mock,BTC-USDT
2199944884,0,0,1783610797429327973,101,depth,"[65001.01,65001.11,65001.21000000001,65001.310000000005,65001.41,65001.51,65001.61,65001.71000000001,65001.810000000005,65001.91]",65001.01,"[0.001,0.002,0.003,0.004,0.005,0.006,0.007,0.008,0.009000000000000001,0.01]",0.001,"[65000.810000000005,65000.71000000001,65000.61,65000.51,65000.41,65000.310000000005,65000.21000000001,65000.11,65000.01,64999.91]",65000.810000000005,"[0.001,0.002,0.003,0.004,0.005,0.006,0.007,0.008,0.009000000000000001,0.01]",0.001,4991,mock,InstrumentType.Spot,615619376,mock,BTC-USDT
2199944884,0,0,1783610797429630644,101,depth,"[65001.02,65001.119999999995,65001.22,65001.32,65001.42,65001.52,65001.619999999995,65001.72,65001.82,65001.92]",65001.02,"[0.001,0.002,0.003,0.004,0.005,0.006,0.007,0.008,0.009000000000000001,0.01]",0.001,"[65000.82,65000.72,65000.619999999995,65000.52,65000.42,65000.32,65000.22,65000.119999999995,65000.02,64999.92]",65000.82,"[0.001,0.002,0.003,0.004,0.005,0.006,0.007,0.008,0.009000000000000001,0.01]",0.001,4992,mock,InstrumentType.Spot,615619936,mock,BTC-USDT
2199944884,0,0,1783610797429930769,101,depth,"[65001.03,65001.13,65001.23,65001.33,65001.43,65001.53,65001.63,65001.73,65001.83,65001.93]",65001.03,"[0.001,0.002,0.003,0.004,0.005,0.006,0.007,0.008,0.009000000000000001,0.01]",0.001,"[65000.83,65000.73,65000.63,65000.53,65000.43,65000.33,65000.23,65000.13,65000.03,64999.93]",65000.83,"[0.001,0.002,0.003,0.004,0.005,0.006,0.007,0.008,0.009000000000000001,0.01]",0.001,4993,mock,InstrumentType.Spot,615620496,mock,BTC-USDT
2199944884,0,0,1783610797430243584,101,depth,"[65001.04,65001.14,65001.240000000005,65001.340000000004,65001.44,65001.54,65001.64,65001.740000000005,65001.840000000004,65001.94]",65001.04,"[0.001,0.002,0.003,0.004,0.005,0.006,0.007,0.008,0.009000000000000001,0.01]",0.001,"[65000.840000000004,65000.740000000005,65000.64,65000.54,65000.44,65000.340000000004,65000.240000000005,65000.14,65000.04,64999.94]",65000.840000000004,"[0.001,0.002,0.003,0.004,0.005,0.006,0.007,0.008,0.009000000000000001,0.01]",0.001,4994,mock,InstrumentType.Spot,615621056,mock,BTC-USDT
2199944884,0,0,1783610797430529560,101,depth,"[65001.049999999996,65001.149999999994,65001.25,65001.35,65001.45,65001.549999999996,65001.649999999994,65001.75,65001.85,65001.95]",65001.049999999996,"[0.001,0.002,0.003,0.004,0.005,0.006,0.007,0.008,0.009000000000000001,0.01]",0.001,"[65000.85,65000.75,65000.649999999994,65000.549999999996,65000.45,65000.35,65000.25,65000.149999999994,65000.049999999996,64999.95]",65000.85,"[0.001,0.002,0.003,0.004,0.005,0.006,0.007,0.008,0.009000000000000001,0.01]",0.001,4995,mock,InstrumentType.Spot,615621616,mock,BTC-USDT
2199944884,0,0,1783610797430828927,101,depth,"[65001.06,65001.159999999996,65001.26,65001.36,65001.46,65001.56,65001.659999999996,65001.76,65001.86,65001.96]",65001.06,"[0.001,0.002,0.003,0.004,0.005,0.006,0.007,0.008,0.009000000000000001,0.01]",0.001,"[65000.86,65000.76,65000.659999999996,65000.56,65000.46,65000.36,65000.26,65000.159999999996,65000.06,64999.96]",65000.86,"[0.001,0.002,0.003,0.004,0.005,0.006,0.007,0.008,0.009000000000000001,0.01]",0.001,4996,mock,InstrumentType.Spot,615622176,mock,BTC-USDT
2199944884,0,0,1783610797431128878,101,depth,"[65001.07,65001.17,65001.270000000004,65001.37,65001.47,65001.57,65001.67,65001.770000000004,65001.87,65001.97]",65001.07,"[0.001,0.002,0.003,0.004,0.005,0.006,0.007,0.008,0.009000000000000001,0.01]",0.001,"[65000.87,65000.770000000004,65000.67,65000.57,65000.47,65000.37,65000.270000000004,65000.17,65000.07,64999.97]",65000.87,"[0.001,0.002,0.003,0.004,0.005,0.006,0.007,0.008,0.009000000000000001,0.01]",0.001,4997,mock,InstrumentType.Spot,615622736,mock,BTC-USDT
2199944884,0,0,1783610797431427946,101,depth,"[65001.08,65001.18,65001.280000000006,65001.380000000005,65001.48,65001.58,65001.68,65001.780000000006,65001.880000000005,65001.98]",65001.08,"[0.001,0.002,0.003,0.004,0.005,0.006,0.007,0.008,0.009000000000000001,0.01]",0.001,"[65000.880000000005,65000.780000000006,65000.68,65000.58,65000.48,65000.380000000005,65000.280000000006,65000.18,65000.08,64999.98]",65000.880000000005,"[0.001,0.002,0.003,0.004,0.005,0.006,0.007,0.008,0.009000000000000001,0.01]",0.001,4998,mock,InstrumentType.Spot,615623296,mock,BTC-USDT
2199944884,0,0,1783610797431727856,101,depth,"[65001.09,65001.189999999995,65001.29,65001.39,65001.49,65001.59,65001.689999999995,65001.79,65001.89,65001.99]",65001.09,"[0.001,0.002,0.003,0.004,0.005,0.006,0.007,0.008,0.009000000000000001,0.01]",0.001,"[65000.89,65000.79,65000.689999999995,65000.59,65000.49,65000.39,65000.29,65000.189999999995,65000.09,64999.99]",65000.89,"[0.001,0.002,0.003,0.004,0.005,0.006,0.007,0.008,0.009000000000000001,0.01]",0.001,4999,mock,InstrumentType.Spot,615623856,mock,BTC-USDT
2199944884,0,0,1783610797432028133,101,depth,"[65000.1,65000.2,65000.3,65000.4,65000.5,65000.6,65000.7,65000.8,65000.9,65001.0]",65000.1,"[0.001,0.002,0.003,0.004,0.005,0.006,0.007,0.008,0.009000000000000001,0.01]",0.001,"[64999.9,64999.8,64999.7,64999.6,64999.5,64999.4,64999.3,64999.2,64999.1,64999.0]",64999.9,"[0.001,0.002,0.003,0.004,0.005,0.006,0.007,0.008,0.009000000000000001,0.01]",0.001,5000,mock,InstrumentType.Spot,615624416,mock,BTC-USDT
